Var1 Var2
0 300.000096303281
0.000100502512562814 300.000096303285
0.000201005025125628 300.000096303296
0.000301507537688442 300.000096303325
0.000402010050251256 300.000096303405
0.00050251256281407 300.00009630362
0.000603015075376884 300.000096304199
0.000703517587939699 300.000096305747
0.000804020100502513 300.000096309859
0.000904522613065327 300.000096320697
0.00100502512562814 300.000096349028
0.00110552763819095 300.000096422392
0.00120603015075377 300.000096610334
0.00130653266331658 300.000097086259
0.0014070351758794 300.000098276893
0.00150753768844221 300.000101216683
0.00160804020100503 300.000108372031
0.00170854271356784 300.000125525799
0.00180904522613065 300.000166002882
0.00190954773869347 300.000259921211
0.00201005025125628 300.000474022972
0.0021105527638191 300.000953169684
0.00221105527638191 300.002005008749
0.00231155778894472 300.004268187552
0.00241206030150754 300.009037087274
0.00251256281407035 300.018872459117
0.00261306532663317 300.038708696736
0.00271356783919598 300.077806610577
0.00281407035175879 300.153056839114
0.00291457286432161 300.294386262164
0.00301507537688442 300.553183948422
0.00311557788944724 301.014814239704
0.00321608040201005 301.816131520035
0.00331658291457286 303.167951577478
0.00341708542713568 305.380656973443
0.00351758793969849 308.887809063616
0.00361809045226131 314.258189270719
0.00371859296482412 322.182264807485
0.00381909547738693 333.421041330914
0.00391959798994975 348.715659048441
0.00402010050251256 368.675297962068
0.00412060301507538 393.678593540111
0.00422110552763819 423.823455955276
0.00432160804020101 458.935423859394
0.00442211055276382 498.622264001155
0.00452261306532663 542.346539472799
0.00462311557788945 589.493912030963
0.00472361809045226 639.425545846765
0.00482412060301507 691.512004314972
0.00492462311557789 745.147712723946
0.0050251256281407 799.737756773493
0.00512562814070352 854.631822062396
0.00522613065326633 908.959728953679
0.00532663316582915 961.321256787487
0.00542713567839196 1009.34265260004
0.00552763819095477 1049.28285936744
0.00562814070351759 1076.13619401349
0.0057286432160804 1084.7919951002
0.00582914572864322 1072.25723962169
0.00592964824120603 1039.59984029218
0.00603015075376884 991.668674961718
0.00613065326633166 934.594204545648
0.00623115577889447 873.370265443323
0.00633165829145729 811.10342979084
0.0064321608040201 749.490964801672
0.00653266331658291 689.527288300695
0.00663316582914573 631.965683609998
0.00673366834170854 577.519303726797
0.00683417085427136 526.913319760679
0.00693467336683417 480.868837878035
0.00703517587939699 440.049697021624
0.0071356783919598 404.980409473074
0.00723618090452261 375.946244459471
0.00733668341708543 352.903448792279
0.00743718592964824 335.441961994876
0.00753768844221106 322.833350383186
0.00763819095477387 314.157369425932
0.00773869346733668 308.458725347368
0.0078391959798995 304.876636336431
0.00793969849246231 302.716012831545
0.00804020100502513 301.462535700235
0.00814070351758794 300.761828655788
0.00824120603015075 300.383906347779
0.00834170854271357 300.187074408805
0.00844221105527638 300.088021777362
0.0085427135678392 300.03984055371
0.00864321608040201 300.017181484421
0.00874371859296482 300.006876691235
0.00884422110552764 300.002344231794
0.00894472361809045 300.00041589747
0.00904522613065327 299.999622231076
0.00914572864321608 299.999306182255
0.0092462311557789 299.99918439975
0.00934673366834171 299.99913898634
0.00944723618090452 299.999122595218
0.00954773869346734 299.999116868362
0.00964824120603015 299.999114931194
0.00974874371859297 299.999114296706
0.00984924623115578 299.999114095449
0.00994974874371859 299.999114033618
0.0100502512562814 299.999114015216
0.0101507537688442 299.999114009909
0.010251256281407 299.999114008426
0.0103517587939698 299.999114008025
0.0104522613065327 299.999114007919
0.0105527638190955 299.999114007893
0.0106532663316583 299.999114007886
0.0107537688442211 299.999114007884
0.0108542713567839 299.999114007884
0.0109547738693467 299.999114007884
0.0110552763819095 299.999114007884
0.0111557788944724 299.999114007884
0.0112562814070352 299.999114007884
0.011356783919598 299.999114007884
0.0114572864321608 299.999114007884
0.0115577889447236 299.999114007884
0.0116582914572864 299.999114007884
0.0117587939698492 299.999114007884
0.0118592964824121 299.999114007884
0.0119597989949749 299.999114007884
0.0120603015075377 299.999114007884
0.0121608040201005 299.999114007884
0.0122613065326633 299.999114007884
0.0123618090452261 299.999114007884
0.0124623115577889 299.999114007884
0.0125628140703518 299.999114007884
0.0126633165829146 299.999114007884
0.0127638190954774 299.999114007884
0.0128643216080402 299.999114007884
0.012964824120603 299.999114007884
0.0130653266331658 299.999114007884
0.0131658291457286 299.999114007884
0.0132663316582915 299.999114007884
0.0133668341708543 299.999114007884
0.0134673366834171 299.999114007884
0.0135678391959799 299.999114007884
0.0136683417085427 299.999114007884
0.0137688442211055 299.999114007884
0.0138693467336683 299.999114007884
0.0139698492462312 299.999114007884
0.014070351758794 299.999114007884
0.0141708542713568 299.999114007884
0.0142713567839196 299.999114007884
0.0143718592964824 299.999114007884
0.0144723618090452 299.999114007884
0.014572864321608 299.999114007884
0.0146733668341709 299.999114007884
0.0147738693467337 299.999114007884
0.0148743718592965 299.999114007884
0.0149748743718593 299.999114007884
0.0150753768844221 299.999114007884
0.0151758793969849 299.999114007884
0.0152763819095477 299.999114007884
0.0153768844221106 299.999114007884
0.0154773869346734 299.999114007884
0.0155778894472362 299.999114007884
0.015678391959799 299.999114007884
0.0157788944723618 299.999114007884
0.0158793969849246 299.999114007884
0.0159798994974874 299.999114007884
0.0160804020100503 299.999114007884
0.0161809045226131 299.999114007884
0.0162814070351759 299.999114007884
0.0163819095477387 299.999114007884
0.0164824120603015 299.999114007884
0.0165829145728643 299.999114007884
0.0166834170854271 299.999114007884
0.01678391959799 299.999114007884
0.0168844221105528 299.999114007884
0.0169849246231156 299.999114007884
0.0170854271356784 299.999114007884
0.0171859296482412 299.999114007884
0.017286432160804 299.999114007884
0.0173869346733668 299.999114007884
0.0174874371859296 299.999114007884
0.0175879396984925 299.999114007884
0.0176884422110553 299.999114007884
0.0177889447236181 299.999114007884
0.0178894472361809 299.999114007884
0.0179899497487437 299.999114007884
0.0180904522613065 299.999114007884
0.0181909547738693 299.999114007884
0.0182914572864322 299.999114007884
0.018391959798995 299.999114007884
0.0184924623115578 299.999114007884
0.0185929648241206 299.999114007884
0.0186934673366834 299.999114007884
0.0187939698492462 299.999114007884
0.018894472361809 299.999114007884
0.0189949748743719 299.999114007884
0.0190954773869347 299.999114007884
0.0191959798994975 299.999114007884
0.0192964824120603 299.999114007884
0.0193969849246231 299.999114007884
0.0194974874371859 299.999114007884
0.0195979899497487 299.999114007884
0.0196984924623116 299.999114007884
0.0197989949748744 299.999114007884
0.0198994974874372 299.999114007884
0.02 299.999114007884
