30 1.30827
31 1.30213
32 1.29769
33 1.295
34 1.2936
35 1.29301
36 1.29306
37 1.29369
38 1.29474
39 1.29584
40 1.29657
41 1.29664
42 1.29595
43 1.29456
44 1.29262
45 1.29038
46 1.28815
47 1.28628
48 1.28509
49 1.28479
50 1.28551
51 1.2872
52 1.28972
53 1.2928
54 1.29607
55 1.29915
56 1.3017
57 1.30345
58 1.30424
59 1.30407
60 1.30309
61 1.30154
62 1.29978
63 1.29817
64 1.29703
65 1.2966
66 1.29699
67 1.29817
68 1.29998
69 1.30216
70 1.30438
71 1.30632
72 1.30767
73 1.30824
74 1.30794
75 1.30683
76 1.30505
77 1.30288
78 1.30063
79 1.29862
80 1.29711
81 1.29629
82 1.29621
83 1.29683
84 1.29798
85 1.29941
86 1.30085
87 1.302
88 1.30263
89 1.30258
90 1.30181
91 1.30036
92 1.29842
93 1.29621
94 1.294
95 1.29208
96 1.29066
97 1.28989
98 1.28981
99 1.29035
100 1.29135
101 1.2926
102 1.29384
103 1.29482
104 1.29533
105 1.29524
106 1.29451
107 1.29321
108 1.29149
109 1.28957
110 1.28769
111 1.28611
112 1.28502
113 1.28453
114 1.28469
115 1.28542
116 1.28657
117 1.28793
118 1.28925
119 1.29031
120 1.29091
121 1.29093
122 1.29034
123 1.2892
124 1.28766
125 1.28592
126 1.28423
127 1.28282
128 1.28187
129 1.2815
130 1.28174
131 1.28251
132 1.28368
133 1.28504
134 1.28637
135 1.28744
136 1.28807
137 1.28815
138 1.28765
139 1.28663
140 1.28523
141 1.28366
142 1.28214
143 1.2809
144 1.2801
145 1.27986
146 1.2802
147 1.28105
148 1.28227
149 1.28366
150 1.285
151 1.28607
152 1.2867
153 1.28678
154 1.28629
155 1.28528
156 1.28389
157 1.28233
158 1.28082
159 1.27957
160 1.27875
161 1.27848
162 1.27877
163 1.27956
164 1.28071
165 1.28204
166 1.28332
167 1.28436
168 1.28497
169 1.28506
170 1.2846
171 1.28364
172 1.28233
173 1.28085
174 1.27942
175 1.27825
176 1.27751
177 1.2773
178 1.27764
179 1.27847
180 1.27965
181 1.281
182 1.2823
183 1.28334
184 1.28396
185 1.28404
186 1.28357
187 1.2826
188 1.28126
189 1.27975
190 1.27828
191 1.27705
192 1.27624
193 1.27595
194 1.27621
195 1.27695
196 1.27806
197 1.27935
198 1.28061
199 1.28164
200 1.28227
201 1.28239
202 1.28199
203 1.2811
204 1.27987
205 1.27847
206 1.27711
207 1.27599
208 1.27528
209 1.27509
210 1.27542
211 1.27623
212 1.2774
213 1.27873
214 1.28003
215 1.28109
216 1.28174
217 1.28189
218 1.28149
219 1.28061
220 1.27936
221 1.27793
222 1.27653
223 1.27537
224 1.2746
225 1.27434
226 1.27461
227 1.27536
228 1.27647
229 1.27777
230 1.27904
231 1.2801
232 1.28078
233 1.28096
234 1.28061
235 1.27979
236 1.27861
237 1.27725
238 1.27591
239 1.27481
240 1.27409
241 1.27388
242 1.27419
243 1.27497
244 1.27612
245 1.27745
246 1.27876
247 1.27986
248 1.28056
249 1.28076
250 1.28043
251 1.2796
252 1.2784
253 1.27701
254 1.27562
255 1.27445
256 1.27365
257 1.27335
258 1.27357
259 1.27428
260 1.27537
261 1.27665
262 1.27794
263 1.27903
264 1.27975
265 1.28
266 1.27972
267 1.27896
268 1.27783
269 1.2765
270 1.27518
271 1.27406
272 1.27332
273 1.27306
274 1.27333
275 1.27408
276 1.2752
277 1.27652
278 1.27785
279 1.27897
280 1.27973
281 1.28
282 1.27974
283 1.27898
284 1.27783
285 1.27647
286 1.2751
287 1.27391
288 1.27308
289 1.27273
290 1.27291
291 1.27358
292 1.27464
293 1.27591
294 1.27721
295 1.27834
296 1.27912
297 1.27943
298 1.27922
299 1.27852
300 1.27744
301 1.27614
302 1.27483
303 1.27369
304 1.27291
305 1.2726
306 1.27281
307 1.27352
308 1.27461
309 1.27592
310 1.27725
311 1.27842
312 1.27923
313 1.27957
314 1.27938
315 1.27869
316 1.27759
317 1.27626
318 1.27488
319 1.27367
320 1.2728
321 1.2724
322 1.27252
323 1.27314
324 1.27416
325 1.27542
326 1.27673
327 1.27789
328 1.27872
329 1.2791
330 1.27896
331 1.27833
332 1.27729
333 1.27602
334 1.2747
335 1.27354
336 1.27271
337 1.27235
338 1.2725
339 1.27315
340 1.2742
341 1.27549
342 1.27684
343 1.27804
344 1.2789
345 1.27931
346 1.27919
347 1.27857
348 1.27752
349 1.27621
350 1.27484
351 1.2736
352 1.27268
353 1.27222
354 1.27228
355 1.27284
356 1.27381
357 1.27505
358 1.27637
359 1.27756
360 1.27844
361 1.27889
362 1.27882
363 1.27825
364 1.27727
365 1.27602
366 1.2747
367 1.27351
368 1.27264
369 1.27221
370 1.27229
371 1.27288
372 1.27389
373 1.27516
374 1.27651
375 1.27774
376 1.27867
377 1.27914
378 1.2791
379 1.27854
380 1.27754
381 1.27626
382 1.27489
383 1.27362
384 1.27266
385 1.27213
386 1.27212
387 1.27262
388 1.27354
389 1.27476
390 1.27608
391 1.2773
392 1.27823
393 1.27874
394 1.27875
395 1.27825
396 1.27731
397 1.27609
398 1.27478
399 1.27356
400 1.27264
401 1.27214
402 1.27216
403 1.27269
404 1.27364
405 1.27489
406 1.27624
407 1.2775
408 1.27848
409 1.27902
410 1.27905
411 1.27856
412 1.27761
413 1.27636
414 1.27499
415 1.2737
416 1.27269
417 1.2721
418 1.27202
419 1.27245
420 1.27333
421 1.27451
422 1.27583
423 1.27707
424 1.27806
425 1.27863
426 1.27871
427 1.27828
428 1.2774
429 1.27621
430 1.27489
431 1.27365
432 1.27268
433 1.27212
434 1.27207
435 1.27253
436 1.27343
437 1.27465
438 1.276
439 1.27729
440 1.27831
441 1.27892
442 1.27902
443 1.2786
444 1.27771
445 1.2765
446 1.27513
447 1.27382
448 1.27276
449 1.27211
450 1.27195
451 1.27232
452 1.27314
453 1.27429
454 1.2756
455 1.27687
456 1.2779
457 1.27854
458 1.27869
459 1.27832
460 1.2775
461 1.27635
462 1.27504
463 1.27377
464 1.27276
465 1.27214
466 1.27201
467 1.2724
468 1.27325
469 1.27444
470 1.27578
471 1.27709
472 1.27816
473 1.27883
474 1.27901
475 1.27866
476 1.27783
477 1.27665
478 1.27529
479 1.27396
480 1.27286
481 1.27214
482 1.27192
483 1.27221
484 1.27298
485 1.27409
486 1.27539
487 1.27668
488 1.27775
489 1.27845
490 1.27867
491 1.27838
492 1.27761
493 1.27649
494 1.2752
495 1.27392
496 1.27285
497 1.27217
498 1.27197
499 1.2723
500 1.27309
