30 0.0148143
31 -0.042784
32 -0.0909549
33 -0.132967
34 -0.172451
35 -0.209587
36 -0.241107
37 -0.263121
38 -0.273783
39 -0.273716
40 -0.264552
41 -0.247367
42 -0.222349
43 -0.189556
44 -0.149733
45 -0.104439
46 -0.0556104
47 -0.00511889
48 0.0453125
49 0.0939564
50 0.138982
51 0.17855
52 0.211017
53 0.235082
54 0.249843
55 0.254787
56 0.249784
57 0.235091
58 0.211345
59 0.179527
60 0.140908
61 0.097001
62 0.0495155
63 0.000308405
64 -0.0486734
65 -0.0954681
66 -0.138185
67 -0.175097
68 -0.204725
69 -0.225916
70 -0.237896
71 -0.240294
72 -0.233148
73 -0.216877
74 -0.192245
75 -0.160319
76 -0.122413
77 -0.0800493
78 -0.0349056
79 0.0112356
80 0.0565476
81 0.0992291
82 0.137581
83 0.170083
84 0.19547
85 0.212787
86 0.221431
87 0.221166
88 0.212119
89 0.194758
90 0.169854
91 0.138442
92 0.101779
93 0.0613023
94 0.0185836
95 -0.0247189
96 -0.0669168
97 -0.106356
98 -0.141486
99 -0.17093
100 -0.193549
101 -0.208492
102 -0.215235
103 -0.21359
104 -0.203702
105 -0.186033
106 -0.161325
107 -0.130568
108 -0.0949616
109 -0.0558756
110 -0.0148069
111 0.0266662
112 0.0669382
113 0.104439
114 0.137697
115 0.165409
116 0.186499
117 0.200167
118 0.20592
119 0.203591
120 0.19333
121 0.175587
122 0.151086
123 0.120791
124 0.0858667
125 0.0476441
126 0.00757757
127 -0.0328003
128 -0.0719318
129 -0.108295
130 -0.140465
131 -0.167181
132 -0.187404
133 -0.200361
134 -0.205583
135 -0.20291
136 -0.192495
137 -0.174785
138 -0.15049
139 -0.120558
140 -0.0861338
141 -0.0485231
142 -0.00915352
143 0.0304715
144 0.0688255
145 0.104417
146 0.135853
147 0.161901
148 0.181545
149 0.194034
150 0.198911
151 0.196024
152 0.185528
153 0.167865
154 0.143741
155 0.114089
156 0.0800392
157 0.0428804
158 0.00401972
159 -0.0350619
160 -0.0728617
161 -0.107913
162 -0.138847
163 -0.164452
164 -0.183733
165 -0.195954
166 -0.200665
167 -0.197721
168 -0.187274
169 -0.169762
170 -0.145876
171 -0.116536
172 -0.0828536
173 -0.0460981
174 -0.00765635
175 0.0310105
176 0.068418
177 0.103116
178 0.133747
179 0.159112
180 0.178221
181 0.19034
182 0.195022
183 0.19212
184 0.18178
185 0.164433
186 0.140764
187 0.111682
188 0.0782871
189 0.0418354
190 0.00369965
191 -0.0346737
192 -0.0718144
193 -0.106285
194 -0.13674
195 -0.161989
196 -0.181047
197 -0.193183
198 -0.197949
199 -0.19519
200 -0.185047
201 -0.167937
202 -0.144532
203 -0.115727
204 -0.0826089
205 -0.0464218
206 -0.00852739
207 0.0296379
208 0.0666135
209 0.10097
210 0.13137
211 0.156625
212 0.175753
213 0.188019
214 0.192967
215 0.190434
216 0.180547
217 0.163712
218 0.140589
219 0.112062
220 0.0792075
221 0.0432578
222 0.0055635
223 -0.0324495
224 -0.0693293
225 -0.103653
226 -0.134084
227 -0.159434
228 -0.178718
229 -0.191192
230 -0.196392
231 -0.194143
232 -0.18456
233 -0.168037
234 -0.14522
235 -0.116979
236 -0.0843805
237 -0.0486459
238 -0.0111169
239 0.0267883
240 0.0636233
241 0.0979687
242 0.128489
243 0.153994
244 0.173489
245 0.186225
246 0.191723
247 0.189799
248 0.180554
249 0.164369
250 0.141877
251 0.113936
252 0.0815982
253 0.046074
254 0.00869558
255 -0.0291259
256 -0.0659485
257 -0.100355
258 -0.131009
259 -0.156715
260 -0.176474
261 -0.189523
262 -0.195373
263 -0.193822
264 -0.184956
265 -0.169141
266 -0.146995
267 -0.119363
268 -0.0872857
269 -0.0519629
270 -0.0147177
271 0.0230452
272 0.059888
273 0.0943934
274 0.125222
275 0.151172
276 0.171234
277 0.184633
278 0.190867
279 0.189718
280 0.181257
281 0.165833
282 0.14405
283 0.116739
284 0.0849283
285 0.0498075
286 0.0126913
287 -0.0250225
288 -0.0618995
289 -0.0965228
290 -0.12755
291 -0.153772
292 -0.174168
293 -0.18795
294 -0.194599
295 -0.193882
296 -0.185851
297 -0.170838
298 -0.149433
299 -0.122451
300 -0.0909095
301 -0.0559866
302 -0.0189892
303 0.0186901
304 0.0556194
305 0.0903807
306 0.121627
307 0.148141
308 0.168891
309 0.183075
310 0.190157
311 0.189885
312 0.182298
313 0.167709
314 0.146691
315 0.120048
316 0.0887821
317 0.0540624
318 0.017187
319 -0.0204573
320 -0.0574416
321 -0.0923474
322 -0.123823
323 -0.150643
324 -0.171763
325 -0.186367
326 -0.193901
327 -0.194095
328 -0.186969
329 -0.172819
330 -0.152201
331 -0.125904
332 -0.0949177
333 -0.0604008
334 -0.0236434
335 0.0139731
336 0.0510216
337 0.086082
338 0.117798
339 0.144934
340 0.166434
341 0.181466
342 0.18946
343 0.190127
344 0.183469
345 0.169764
346 0.149553
347 0.123609
348 0.0929095
349 0.0586025
350 0.0219696
351 -0.0156136
352 -0.0527227
353 -0.0879369
354 -0.119894
355 -0.147352
356 -0.16924
357 -0.184711
358 -0.193177
359 -0.19433
360 -0.188153
361 -0.174905
362 -0.15511
363 -0.129526
364 -0.099118
365 -0.0650225
366 -0.0285131
367 0.00903969
368 0.0462135
369 0.0815859
370 0.11379
371 0.141572
372 0.163851
373 0.179764
374 0.188704
375 0.190345
376 0.184651
377 0.171863
378 0.152489
379 0.127271
380 0.0971606
381 0.0632843
382 0.0269068
383 -0.0106075
384 -0.0478391
385 -0.0833646
386 -0.115812
387 -0.14392
388 -0.166593
389 -0.182953
390 -0.192376
391 -0.194515
392 -0.189314
393 -0.176997
394 -0.158051
395 -0.133206
396 -0.103399
397 -0.0697443
398 -0.0334995
399 0.00397682
400 0.0412674
401 0.0769473
402 0.10964
403 0.138073
404 0.161141
405 0.177948
406 0.187851
407 0.190488
408 0.18578
409 0.173934
410 0.155421
411 0.130953
412 0.101455
413 0.0680312
414 0.0319284
415 -0.0055003
416 -0.0428408
417 -0.0786677
418 -0.111599
419 -0.140356
420 -0.163818
421 -0.181075
422 -0.191466
423 -0.194607
424 -0.190401
425 -0.179035
426 -0.160961
427 -0.136878
428 -0.107694
429 -0.074504
430 -0.0385452
431 -0.00116483
432 0.0362253
433 0.0721989
434 0.105369
435 0.134448
436 0.158303
437 0.176006
438 0.186881
439 0.190524
440 0.186819
441 0.175932
442 0.158301
443 0.134605
444 0.105743
445 0.0727942
446 0.0369889
447 -0.000332576
448 -0.0377622
449 -0.0738732
450 -0.107275
451 -0.136671
452 -0.160916
453 -0.179069
454 -0.190432
455 -0.194583
456 -0.191385
457 -0.180986
458 -0.163803
459 -0.140503
460 -0.111966
461 -0.0792631
462 -0.0436139
463 -0.00635279
464 0.0311151
465 0.0673624
466 0.100994
467 0.130705
468 0.155338
469 0.173935
470 0.185782
471 0.190437
472 0.187744
473 0.177832
474 0.1611
475 0.138197
476 0.109993
477 0.0775431
478 0.0420599
479 0.00486996
480 -0.0326253
481 -0.0689988
482 -0.102852
483 -0.132872
484 -0.157889
485 -0.176931
486 -0.189265
487 -0.194429
488 -0.192248
489 -0.182829
490 -0.166555
491 -0.144057
492 -0.116189
493 -0.0839976
494 -0.048683
495 -0.0115662
496 0.0259548
497 0.0624528
498 0.0965251
499 0.126851
500 0.152248
