31 4.07897
32 4.06709
33 4.05585
34 4.04522
35 4.03515
36 4.02561
37 4.01662
38 4.00823
39 4.00046
40 3.99334
41 3.98683
42 3.9809
43 3.97549
44 3.97053
45 3.96591
46 3.96154
47 3.95736
48 3.95329
49 3.94929
50 3.94535
51 3.94148
52 3.93774
53 3.93417
54 3.93084
55 3.92781
56 3.92512
57 3.92281
58 3.92084
59 3.9192
60 3.91781
61 3.91656
62 3.91538
63 3.91417
64 3.91285
65 3.91138
66 3.90975
67 3.90799
68 3.90615
69 3.90431
70 3.90254
71 3.90092
72 3.89949
73 3.89831
74 3.89735
75 3.89659
76 3.89596
77 3.8954
78 3.8948
79 3.89409
80 3.89323
81 3.89217
82 3.89093
83 3.88954
84 3.88807
85 3.88657
86 3.88515
87 3.88385
88 3.88275
89 3.88185
90 3.88116
91 3.88064
92 3.88023
93 3.87986
94 3.87945
95 3.87893
96 3.87825
97 3.87739
98 3.87637
99 3.87522
100 3.87399
101 3.87277
102 3.87162
103 3.87061
104 3.86979
105 3.86918
106 3.86876
107 3.8685
108 3.86834
109 3.86822
110 3.86805
111 3.86777
112 3.86733
113 3.86673
114 3.86597
115 3.86508
116 3.86413
117 3.86319
118 3.86231
119 3.86158
120 3.86102
121 3.86066
122 3.86049
123 3.86047
124 3.86054
125 3.86063
126 3.86067
127 3.8606
128 3.86037
129 3.85998
130 3.85942
131 3.85874
132 3.85799
133 3.85724
134 3.85657
135 3.85602
136 3.85564
137 3.85545
138 3.85544
139 3.85557
140 3.85578
141 3.85601
142 3.85618
143 3.85623
144 3.85613
145 3.85586
146 3.85542
147 3.85486
148 3.85422
149 3.85359
150 3.85302
151 3.85257
152 3.85228
153 3.85218
154 3.85225
155 3.85245
156 3.85273
157 3.85302
158 3.85325
159 3.85336
160 3.85332
161 3.8531
162 3.85273
163 3.85223
164 3.85166
165 3.85108
166 3.85057
167 3.85017
168 3.84994
169 3.84988
170 3.84999
171 3.85024
172 3.85055
173 3.85088
174 3.85114
175 3.85129
176 3.85128
177 3.85109
178 3.85075
179 3.85028
180 3.84974
181 3.8492
182 3.84871
183 3.84835
184 3.84814
185 3.84811
186 3.84824
187 3.8485
188 3.84883
189 3.84918
190 3.84946
191 3.84962
192 3.84963
193 3.84947
194 3.84915
195 3.8487
196 3.84818
197 3.84765
198 3.84718
199 3.84683
200 3.84664
201 3.84662
202 3.84676
203 3.84704
204 3.84739
205 3.84775
206 3.84806
207 3.84825
208 3.8483
209 3.84817
210 3.84789
211 3.84747
212 3.84699
213 3.84649
214 3.84605
215 3.84573
216 3.84555
217 3.84555
218 3.84572
219 3.84601
220 3.84638
221 3.84676
222 3.84709
223 3.84731
224 3.84737
225 3.84727
226 3.84701
227 3.84663
228 3.84616
229 3.84569
230 3.84526
231 3.84495
232 3.84479
233 3.8448
234 3.84497
235 3.84527
236 3.84565
237 3.84604
238 3.84639
239 3.84662
240 3.8467
241 3.84662
242 3.84638
243 3.846
244 3.84555
245 3.84508
246 3.84467
247 3.84436
248 3.8442
249 3.8442
250 3.84438
251 3.84468
252 3.84506
253 3.84547
254 3.84582
255 3.84607
256 3.84617
257 3.8461
258 3.84587
259 3.84551
260 3.84507
261 3.84461
262 3.8442
263 3.84389
264 3.84373
265 3.84374
266 3.84391
267 3.84421
268 3.8446
269 3.84501
270 3.84537
271 3.84563
272 3.84575
273 3.8457
274 3.84548
275 3.84514
276 3.84471
277 3.84426
278 3.84385
279 3.84354
280 3.84337
281 3.84338
282 3.84355
283 3.84385
284 3.84424
285 3.84465
286 3.84503
287 3.8453
288 3.84543
289 3.8454
290 3.8452
291 3.84486
292 3.84444
293 3.844
294 3.84359
295 3.84328
296 3.84311
297 3.84311
298 3.84327
299 3.84357
300 3.84397
301 3.84439
302 3.84477
303 3.84505
304 3.8452
305 3.84517
306 3.84499
307 3.84466
308 3.84425
309 3.84381
310 3.8434
311 3.84309
312 3.84292
313 3.84291
314 3.84307
315 3.84336
316 3.84375
317 3.84418
318 3.84456
319 3.84486
320 3.84502
321 3.84501
322 3.84483
323 3.84452
324 3.84412
325 3.84368
326 3.84327
327 3.84295
328 3.84277
329 3.84276
330 3.84291
331 3.8432
332 3.84359
333 3.84401
334 3.84441
335 3.84471
336 3.84488
337 3.84488
338 3.84472
339 3.84442
340 3.84402
341 3.84359
342 3.84318
343 3.84285
344 3.84266
345 3.84264
346 3.84278
347 3.84307
348 3.84345
349 3.84388
350 3.84428
351 3.84459
352 3.84477
353 3.84479
354 3.84464
355 3.84435
356 3.84396
357 3.84352
358 3.84311
359 3.84278
360 3.84259
361 3.84255
362 3.84268
363 3.84296
364 3.84334
365 3.84377
366 3.84417
367 3.8445
368 3.84469
369 3.84472
370 3.84458
371 3.8443
372 3.84391
373 3.84348
374 3.84307
375 3.84273
376 3.84253
377 3.84248
378 3.8426
379 3.84287
380 3.84325
381 3.84368
382 3.84409
383 3.84442
384 3.84462
385 3.84466
386 3.84454
387 3.84427
388 3.84389
389 3.84346
390 3.84304
391 3.8427
392 3.84249
393 3.84243
394 3.84254
395 3.8428
396 3.84318
397 3.8436
398 3.84402
399 3.84435
400 3.84457
401 3.84462
402 3.84451
403 3.84424
404 3.84387
405 3.84344
406 3.84303
407 3.84268
408 3.84245
409 3.84239
410 3.84249
411 3.84274
412 3.84311
413 3.84354
414 3.84395
415 3.8443
416 3.84452
417 3.84459
418 3.84449
419 3.84423
420 3.84387
421 3.84344
422 3.84302
423 3.84267
424 3.84244
425 3.84236
426 3.84245
427 3.84269
428 3.84306
429 3.84348
430 3.8439
431 3.84425
432 3.84448
433 3.84456
434 3.84447
435 3.84423
436 3.84387
437 3.84345
438 3.84302
439 3.84266
440 3.84242
441 3.84233
442 3.84241
443 3.84265
444 3.843
445 3.84343
446 3.84385
447 3.84421
448 3.84445
449 3.84454
450 3.84446
451 3.84423
452 3.84388
453 3.84346
454 3.84303
455 3.84267
456 3.84242
457 3.84232
458 3.84239
459 3.84261
460 3.84296
461 3.84338
462 3.8438
463 3.84417
464 3.84442
465 3.84452
466 3.84446
467 3.84423
468 3.84389
469 3.84347
470 3.84305
471 3.84267
472 3.84241
473 3.8423
474 3.84236
475 3.84258
476 3.84292
477 3.84333
478 3.84376
479 3.84413
480 3.8444
481 3.84451
482 3.84445
483 3.84424
484 3.8439
485 3.84349
486 3.84306
487 3.84269
488 3.84242
489 3.8423
490 3.84234
491 3.84255
492 3.84288
493 3.84329
494 3.84372
495 3.8441
496 3.84437
497 3.8445
498 3.84445
499 3.84425
500 3.84392
