2.0000000000000002E-005 3.0007343255611283E+002 
1.3088888888888891E-004 3.0053669742380885E+002 
2.4177777777777777E-004 3.0111056147906561E+002 
3.5266666666666671E-004 3.0182059569061084E+002 
4.6355555555555560E-004 3.0269770880552068E+002 
5.7444444444444448E-004 3.0377855507864655E+002 
6.8533333333333337E-004 3.0510694772825002E+002 
7.9622222222222236E-004 3.0673407080640277E+002 
9.0711111111111114E-004 3.0871948628335724E+002 
1.0180000000000000E-003 3.1113125453175564E+002 
1.1288888888888891E-003 3.1404580687701798E+002 
1.2397777777777778E-003 3.1754831710131424E+002 
1.3506666666666667E-003 3.2173072645928880E+002 
1.4615555555555558E-003 3.2669005981465722E+002 
1.5724444444444447E-003 3.3252733820730350E+002 
1.6833333333333333E-003 3.3934233437027763E+002 
1.7942222222222224E-003 3.4723277591146109E+002 
1.9051111111111113E-003 3.5628730866531009E+002 
2.0160000000000000E-003 3.6658471971905351E+002 
2.1268888888888891E-003 3.7818911281555660E+002 
2.2377777777777782E-003 3.9114770953533122E+002 
2.3486666666666669E-003 4.0548924719687108E+002 
2.4595555555555555E-003 4.2122368283371549E+002 
2.5704444444444446E-003 4.3834233925997000E+002 
2.6813333333333333E-003 4.5681982465061191E+002 
2.7922222222222228E-003 4.7661472447304413E+002 
2.9031111111111115E-003 4.9767396207869353E+002 
3.0140000000000002E-003 5.1993334253670116E+002 
3.1248888888888893E-003 5.4332115212297322E+002 
3.2357777777777780E-003 5.6775974111200048E+002 
3.3466666666666666E-003 5.9316810635743684E+002 
3.4575555555555562E-003 6.1946356834726703E+002 
3.5684444444444448E-003 6.4656236404374522E+002 
3.6793333333333335E-003 6.7438196895772069E+002 
3.7902222222222226E-003 7.0284101075204353E+002 
3.9011111111111113E-003 7.3186056272984717E+002 
4.0119999999999999E-003 7.6136422525813975E+002 
4.1228888888888895E-003 7.9127865513909376E+002 
4.2337777777777781E-003 8.2153374142056225E+002 
4.3446666666666668E-003 8.5206273347506760E+002 
4.4555555555555564E-003 8.8280228977727052E+002 
4.5664444444444450E-003 9.1369248462579810E+002 
4.6773333333333337E-003 9.4467676683827676E+002 
4.7882222222222224E-003 9.7570193477145847E+002 
4.8991111111111110E-003 1.0067179716544359E+003 
5.0099999999999997E-003 1.0376780216041741E+003 
5.1208888888888892E-003 1.0685382427631691E+003 
5.2317777777777788E-003 1.0992577219054810E+003 
5.3426666666666666E-003 1.1297983322423690E+003 
5.4535555555555561E-003 1.1601246021219094E+003 
5.5644444444444456E-003 1.1902036770567995E+003 
5.6753333333333334E-003 1.2200051017563019E+003 
5.7862222222222230E-003 1.2495008174463605E+003 
5.8971111111111117E-003 1.2786649496941220E+003 
6.0080000000000003E-003 1.3074737838759058E+003 
6.1188888888888890E-003 1.3359056301757380E+003 
6.2297777777777785E-003 1.3639407424184742E+003 
6.3406666666666672E-003 1.3915612144519816E+003 
6.4515555555555559E-003 1.4187508718283461E+003 
6.5624444444444454E-003 1.4454952456924625E+003 
6.6733333333333332E-003 1.4717814193837003E+003 
6.7842222222222227E-003 1.4975980215264444E+003 
6.8951111111111123E-003 1.5229350706607286E+003 
7.0060000000000001E-003 1.5477839827433418E+003 
7.1168888888888896E-003 1.5721372581883606E+003 
7.2277777777777783E-003 1.5959885862721942E+003 
7.3386666666666669E-003 1.6193324239730359E+003 
7.4495555555555565E-003 1.6421621116062615E+003 
7.5604444444444452E-003 1.6644716972058263E+003 
7.6713333333333338E-003 1.6862279659120738E+003 
7.7822222222222225E-003 1.7074056505026874E+003 
7.8931111111111112E-003 1.7278575326986538E+003 
8.0040000000000007E-003 1.7472889039096215E+003 
8.1148888888888902E-003 1.7650315778957008E+003 
8.2257777777777780E-003 1.7797467437623493E+003 
8.3366666666666676E-003 1.7891455506306356E+003 
8.4475555555555554E-003 1.7900537902284448E+003 
8.5584444444444449E-003 1.7793197956727806E+003 
8.6693333333333327E-003 1.7552852029934802E+003 
8.7802222222222222E-003 1.7187615007669706E+003 
8.8911111111111118E-003 1.6724930056304340E+003 
9.0019999999999996E-003 1.6197470003410506E+003 
9.1128888888888891E-003 1.5632421196063146E+003 
9.2237777777777787E-003 1.5048290435894191E+003 
9.3346666666666665E-003 1.4456388764512756E+003 
9.4455555555555560E-003 1.3863327990317493E+003 
9.5564444444444455E-003 1.3273017769113926E+003 
9.6673333333333333E-003 1.2687915757178723E+003 
9.7782222222222229E-003 1.2109734817224444E+003 
9.8891111111111124E-003 1.1539809328637909E+003 
1.0000000000000000E-002 1.0979295844018452E+003 
1.0110888888888890E-002 1.0429274190520778E+003 
1.0221777777777779E-002 9.8908031925605678E+002 
1.0332666666666669E-002 9.3649582281788071E+002 
1.0443555555555557E-002 8.8528542335795896E+002 
1.0554444444444444E-002 8.3556505124014063E+002 
1.0665333333333334E-002 7.8745699360615038E+002 
1.0776222222222223E-002 7.4108971394541356E+002 
1.0887111111111111E-002 6.9659699323191910E+002 
1.0998000000000001E-002 6.5411759736543502E+002 
1.1108888888888890E-002 6.1379313828382203E+002 
1.1219777777777778E-002 5.7576583814331150E+002 
1.1330666666666668E-002 5.4017395504459830E+002 
1.1441555555555556E-002 5.0714502414627020E+002 
1.1552444444444445E-002 4.7679361231509318E+002 
1.1663333333333335E-002 4.4920625324935054E+002 
1.1774222222222224E-002 4.2443869043869535E+002 
1.1885111111111110E-002 4.0250023416644763E+002 
1.1996000000000000E-002 3.8335185116148966E+002 
1.2106888888888889E-002 3.6689893778944207E+002 
1.2217777777777779E-002 3.5299071779945194E+002 
1.2328666666666668E-002 3.4142822503359571E+002 
1.2439555555555558E-002 3.3197828847340531E+002 
1.2550444444444444E-002 3.2437806074027372E+002 
1.2661333333333333E-002 3.1836407966129963E+002 
1.2772222222222223E-002 3.1367556808374599E+002 
1.2883111111111113E-002 3.1007361604362950E+002 
1.2994000000000002E-002 3.0734310938509668E+002 
1.3104888888888890E-002 3.0529897917022578E+002 
1.3215777777777778E-002 3.0378714517633739E+002 
1.3326666666666667E-002 3.0268167319638195E+002 
1.3437555555555557E-002 3.0188133477648029E+002 
1.3548444444444446E-002 3.0130851606574669E+002 
1.3659333333333334E-002 3.0090201590671506E+002 
1.3770222222222224E-002 3.0061676059091235E+002 
1.3881111111111111E-002 3.0041810644077549E+002 
1.3992000000000001E-002 3.0028103392078611E+002 
1.4102888888888889E-002 3.0018742676828668E+002 
1.4213777777777778E-002 3.0012398788863692E+002 
1.4324666666666668E-002 3.0008141867605650E+002 
1.4435555555555557E-002 3.0005296411278317E+002 
1.4546444444444447E-002 3.0003424366649654E+002 
1.4657333333333333E-002 3.0002194516497048E+002 
1.4768222222222223E-002 3.0001397468795159E+002 
1.4879111111111112E-002 3.0000882641608450E+002 
1.4990000000000002E-002 3.0000552743842229E+002 
1.5100888888888891E-002 3.0000344191371545E+002 
1.5211777777777781E-002 3.0000212666675270E+002 
1.5322666666666667E-002 3.0000130685838269E+002 
1.5433555555555556E-002 3.0000079407897675E+002 
1.5544444444444446E-002 3.0000048142899647E+002 
1.5655333333333334E-002 3.0000028905005797E+002 
1.5766222222222223E-002 3.0000017286300209E+002 
1.5877111111111113E-002 3.0000010258798915E+002 
1.5987999999999999E-002 3.0000006029405233E+002 
1.6098888888888888E-002 3.0000003539086634E+002 
1.6209777777777778E-002 3.0000002058171867E+002 
1.6320666666666667E-002 3.0000001195597383E+002 
1.6431555555555557E-002 3.0000000686631518E+002 
1.6542444444444446E-002 3.0000000394869818E+002 
1.6653333333333332E-002 3.0000000222655768E+002 
1.6764222222222222E-002 3.0000000124885128E+002 
1.6875111111111112E-002 3.0000000072896609E+002 
1.6986000000000001E-002 3.0000000041024504E+002 
1.7096888888888891E-002 3.0000000023451207E+002 
1.7207777777777780E-002 3.0000000010165991E+002 
1.7318666666666666E-002 3.0000000006137424E+002 
1.7429555555555556E-002 3.0000000006853702E+002 
1.7540444444444445E-002 3.0000000003875948E+002 
1.7651333333333335E-002 3.0000000000025392E+002 
1.7762222222222224E-002 2.9999999998209415E+002 
1.7873111111111114E-002 3.0000000002076644E+002 
1.7984000000000000E-002 3.0000000001629735E+002 
1.8094888888888890E-002 3.0000000002021159E+002 
1.8205777777777779E-002 2.9999999997922197E+002 
1.8316666666666669E-002 2.9999999998545968E+002 
1.8427555555555558E-002 3.0000000003191127E+002 
1.8538444444444448E-002 3.0000000000156507E+002 
1.8649333333333334E-002 2.9999999996085984E+002 
1.8760222222222223E-002 2.9999999998505649E+002 
1.8871111111111113E-002 3.0000000004944843E+002 
1.8982000000000002E-002 3.0000000000729284E+002 
1.9092888888888892E-002 3.0000000003467096E+002 
1.9203777777777781E-002 2.9999999998322863E+002 
1.9314666666666667E-002 2.9999999989233714E+002 
1.9425555555555557E-002 2.9999999983338591E+002 
1.9536444444444447E-002 3.0000000040401198E+002 
1.9647333333333336E-002 3.0000000066719213E+002 
1.9758222222222226E-002 2.9999999968089043E+002 
1.9869111111111112E-002 2.9999999880515003E+002 
1.9980000000000001E-002 2.9999999957971039E+002 
