2.0000000000000002E-005 4.8534411773044898E-002 
1.3088888888888891E-004 4.8554789455715439E-002 
2.4177777777777777E-004 4.8514110659326586E-002 
3.5266666666666671E-004 4.8416611987812316E-002 
4.6355555555555560E-004 4.8267275925085083E-002 
5.7444444444444448E-004 4.8071820804652825E-002 
6.8533333333333337E-004 4.7836701338041826E-002 
7.9622222222222236E-004 4.7569330364093491E-002 
9.0711111111111114E-004 4.7277887731014469E-002 
1.0180000000000000E-003 4.6971307898304844E-002 
1.1288888888888891E-003 4.6658977548887079E-002 
1.2397777777777778E-003 4.6350715792133824E-002 
1.3506666666666667E-003 4.6056223725017394E-002 
1.4615555555555558E-003 4.5784698942077394E-002 
1.5724444444444447E-003 4.5544603175193779E-002 
1.6833333333333333E-003 4.5342775724622399E-002 
1.7942222222222224E-003 4.5184316114503666E-002 
1.9051111111111113E-003 4.5071793828860937E-002 
2.0160000000000000E-003 4.5005176922238731E-002 
2.1268888888888891E-003 4.4981594489582825E-002 
2.2377777777777782E-003 4.4995216436098301E-002 
2.3486666666666669E-003 4.5037620083993715E-002 
2.4595555555555555E-003 4.5098119649868838E-002 
2.5704444444444446E-003 4.5163984118755919E-002 
2.6813333333333333E-003 4.5221368788647402E-002 
2.7922222222222228E-003 4.5255423173034527E-002 
2.9031111111111115E-003 4.5251261294510556E-002 
3.0140000000000002E-003 4.5194052304363665E-002 
3.1248888888888893E-003 4.5069626965211190E-002 
3.2357777777777780E-003 4.4864680241489374E-002 
3.3466666666666666E-003 4.4567053833273994E-002 
3.4575555555555562E-003 4.4165871458407668E-002 
3.5684444444444448E-003 4.3651573974469560E-002 
3.6793333333333335E-003 4.3016006930325777E-002 
3.7902222222222226E-003 4.2252387309458544E-002 
3.9011111111111113E-003 4.1355232711549131E-002 
4.0119999999999999E-003 4.0320346046605601E-002 
4.1228888888888895E-003 3.9144693937694645E-002 
4.2337777777777781E-003 3.7826357732923671E-002 
4.3446666666666668E-003 3.6364405202778040E-002 
4.4555555555555564E-003 3.4758800905926375E-002 
4.5664444444444450E-003 3.3010366430646761E-002 
4.6773333333333337E-003 3.1120610138631162E-002 
4.7882222222222224E-003 2.9091725881557333E-002 
4.8991111111111110E-003 2.6926439673831161E-002 
5.0099999999999997E-003 2.4627996064175831E-002 
5.1208888888888892E-003 2.2200053171331006E-002 
5.2317777777777788E-003 1.9646643758688593E-002 
5.3426666666666666E-003 1.6972099749360717E-002 
5.4535555555555561E-003 1.4181000196052597E-002 
5.5644444444444456E-003 1.1278151766570368E-002 
5.6753333333333334E-003 8.2685040870244825E-003 
5.7862222222222230E-003 5.1571519758764591E-003 
5.8971111111111117E-003 1.9492675763741823E-003 
6.0080000000000003E-003 -1.3499053698690533E-003 
6.1188888888888890E-003 -4.7350928703274167E-003 
6.2297777777777785E-003 -8.2010061671198686E-003 
6.3406666666666672E-003 -1.1742368409593548E-002 
6.4515555555555559E-003 -1.5353933579920369E-002 
6.5624444444444454E-003 -1.9030492909606202E-002 
6.6733333333333332E-003 -2.2766902674016206E-002 
6.7842222222222227E-003 -2.6558082564643745E-002 
6.8951111111111123E-003 -3.0399035408776164E-002 
7.0060000000000001E-003 -3.4284849567505174E-002 
7.1168888888888896E-003 -3.8210702663948694E-002 
7.2277777777777783E-003 -4.2171871792975921E-002 
7.3386666666666669E-003 -4.6163725485180850E-002 
7.4495555555555565E-003 -5.0181666124654349E-002 
7.5604444444444452E-003 -5.4221211351163139E-002 
7.6713333333333338E-003 -5.8276896861304960E-002 
7.7822222222222225E-003 -6.2343795077729525E-002 
7.8931111111111112E-003 -6.6411979730234674E-002 
8.0040000000000007E-003 -7.0465456528779863E-002 
8.1148888888888902E-003 -7.4471594236538888E-002 
8.2257777777777780E-003 -7.8366105019964757E-002 
8.3366666666666676E-003 -8.2036149905888450E-002 
8.4475555555555554E-003 -8.5316636735719237E-002 
8.5584444444444449E-003 -8.8026877093657974E-002 
8.6693333333333327E-003 -9.0042182982220387E-002 
8.7802222222222222E-003 -9.1353217085661159E-002 
8.8911111111111118E-003 -9.2055048408187012E-002 
9.0019999999999996E-003 -9.2284877709601046E-002 
9.1128888888888891E-003 -9.2166381594327648E-002 
9.2237777777777787E-003 -9.1787679325274610E-002 
9.3346666666666665E-003 -9.1204068869434343E-002 
9.4455555555555560E-003 -9.0448197067773184E-002 
9.5564444444444455E-003 -8.9539304042677598E-002 
9.6673333333333333E-003 -8.8489426359825374E-002 
9.7782222222222229E-003 -8.7307113796687916E-002 
9.8891111111111124E-003 -8.5999457280527006E-002 
1.0000000000000000E-002 -8.4573295357366962E-002 
1.0110888888888890E-002 -8.3035854587827446E-002 
1.0221777777777779E-002 -8.1395214321037468E-002 
1.0332666666666669E-002 -7.9660637960023109E-002 
1.0443555555555557E-002 -7.7842914263574259E-002 
1.0554444444444444E-002 -7.5954432739326144E-002 
1.0665333333333334E-002 -7.4009663329415040E-002 
1.0776222222222223E-002 -7.2025150488332204E-002 
1.0887111111111111E-002 -7.0019851352504339E-002 
1.0998000000000001E-002 -6.8015178064046666E-002 
1.1108888888888890E-002 -6.6035069996605397E-002 
1.1219777777777778E-002 -6.4105981253695751E-002 
1.1330666666666668E-002 -6.2256604299501334E-002 
1.1441555555555556E-002 -6.0517255686011122E-002 
1.1552444444444445E-002 -5.8919659875497216E-002 
1.1663333333333335E-002 -5.7494857286571062E-002 
1.1774222222222224E-002 -5.6273011068802732E-002 
1.1885111111111110E-002 -5.5280101096053823E-002 
1.1996000000000000E-002 -5.4537351531525294E-002 
1.2106888888888889E-002 -5.4059000513933288E-002 
1.2217777777777779E-002 -5.3850715662586209E-002 
1.2328666666666668E-002 -5.3909559676326886E-002 
1.2439555555555558E-002 -5.4224402875705763E-002 
1.2550444444444444E-002 -5.4776349416176096E-002 
1.2661333333333333E-002 -5.5542011029438378E-002 
1.2772222222222223E-002 -5.6494099785077641E-002 
1.2883111111111113E-002 -5.7604934660678286E-002 
1.2994000000000002E-002 -5.8846965899396718E-002 
1.3104888888888890E-002 -6.0194518865944513E-002 
1.3215777777777778E-002 -6.1624801196054416E-002 
1.3326666666666667E-002 -6.3117883016396661E-002 
1.3437555555555557E-002 -6.4656912369455519E-002 
1.3548444444444446E-002 -6.6228031146660551E-002 
1.3659333333333334E-002 -6.7819849313245251E-002 
1.3770222222222224E-002 -6.9423369132437948E-002 
1.3881111111111111E-002 -7.1031339015872094E-002 
1.3992000000000001E-002 -7.2638153125398286E-002 
1.4102888888888889E-002 -7.4239437811601056E-002 
1.4213777777777778E-002 -7.5831736740531355E-002 
1.4324666666666668E-002 -7.7412369562690778E-002 
1.4435555555555557E-002 -7.8979185830819781E-002 
1.4546444444444447E-002 -8.0530530614314422E-002 
1.4657333333333333E-002 -8.2064988664719452E-002 
1.4768222222222223E-002 -8.3581415522058070E-002 
1.4879111111111112E-002 -8.5078807705182100E-002 
1.4990000000000002E-002 -8.6556290686964271E-002 
1.5100888888888891E-002 -8.8013073491366486E-002 
1.5211777777777781E-002 -8.9448416195903407E-002 
1.5322666666666667E-002 -9.0861624011408348E-002 
1.5433555555555556E-002 -9.2252028044370313E-002 
1.5544444444444446E-002 -9.3618983910126727E-002 
1.5655333333333334E-002 -9.4961858113737030E-002 
1.5766222222222223E-002 -9.6280030785684673E-002 
1.5877111111111113E-002 -9.7572890552173247E-002 
1.5987999999999999E-002 -9.8839834398247978E-002 
1.6098888888888888E-002 -1.0008026651298535E-001 
1.6209777777777778E-002 -1.0129359817549684E-001 
1.6320666666666667E-002 -1.0247924818094671E-001 
1.6431555555555557E-002 -1.0363664311352458E-001 
1.6542444444444446E-002 -1.0476521740778394E-001 
1.6653333333333332E-002 -1.0586441411014254E-001 
1.6764222222222222E-002 -1.0693368538831413E-001 
1.6875111111111112E-002 -1.0797249353096891E-001 
1.6986000000000001E-002 -1.0898031118992907E-001 
1.7096888888888891E-002 -1.0995662187915198E-001 
1.7207777777777780E-002 -1.1090092095266248E-001 
1.7318666666666666E-002 -1.1181271624015338E-001 
1.7429555555555556E-002 -1.1269152890514386E-001 
1.7540444444444445E-002 -1.1353689348492678E-001 
1.7651333333333335E-002 -1.1434835902204254E-001 
1.7762222222222224E-002 -1.1512548955723573E-001 
1.7873111111111114E-002 -1.1586786504759339E-001 
1.7984000000000000E-002 -1.1657508155808949E-001 
1.8094888888888890E-002 -1.1724675221967998E-001 
1.8205777777777779E-002 -1.1788250734595121E-001 
1.8316666666666669E-002 -1.1848199493312069E-001 
1.8427555555555558E-002 -1.1904488198278800E-001 
1.8538444444444448E-002 -1.1957085396043191E-001 
1.8649333333333334E-002 -1.2005961737496240E-001 
1.8760222222222223E-002 -1.2051089894342658E-001 
1.8871111111111113E-002 -1.2092444367317688E-001 
1.8982000000000002E-002 -1.2130001629367405E-001 
1.9092888888888892E-002 -1.2163741398670783E-001 
1.9203777777777781E-002 -1.2193645008769970E-001 
1.9314666666666667E-002 -1.2219693778463063E-001 
1.9425555555555557E-002 -1.2241871376604929E-001 
1.9536444444444447E-002 -1.2260164328414414E-001 
1.9647333333333336E-002 -1.2274581450186303E-001 
1.9758222222222226E-002 -1.2285110739927435E-001 
1.9869111111111112E-002 -1.2291732396853286E-001 
1.9980000000000001E-002 -1.2294426984123001E-001 
