2.0000000000000002E-005 3.2478929008833255E+005 
1.3088888888888891E-004 3.2472739638061344E+005 
2.4177777777777777E-004 3.2468739368839469E+005 
3.5266666666666671E-004 3.2466844267529016E+005 
4.6355555555555560E-004 3.2466970400491421E+005 
5.7444444444444448E-004 3.2469082663165010E+005 
6.8533333333333337E-004 3.2472954887334676E+005 
7.9622222222222236E-004 3.2478517020840314E+005 
9.0711111111111114E-004 3.2485613771807851E+005 
1.0180000000000000E-003 3.2494066131571244E+005 
1.1288888888888891E-003 3.2503661567295721E+005 
1.2397777777777778E-003 3.2514174212918815E+005 
1.3506666666666667E-003 3.2525328811685857E+005 
1.4615555555555558E-003 3.2536850106842234E+005 
1.5724444444444447E-003 3.2548415366367425E+005 
1.6833333333333333E-003 3.2559731071669376E+005 
1.7942222222222224E-003 3.2570450974125147E+005 
1.9051111111111113E-003 3.2580242469443229E+005 
2.0160000000000000E-003 3.2588763383979764E+005 
2.1268888888888891E-003 3.2595735259401979E+005 
2.2377777777777782E-003 3.2600849599838286E+005 
2.3486666666666669E-003 3.2603877702934784E+005 
2.4595555555555555E-003 3.2604590866337589E+005 
2.5704444444444446E-003 3.2602841668242385E+005 
2.6813333333333333E-003 3.2598471478375996E+005 
2.7922222222222228E-003 3.2591424627893796E+005 
2.9031111111111115E-003 3.2581663774240727E+005 
3.0140000000000002E-003 3.2569178254766879E+005 
3.1248888888888893E-003 3.2553997311440506E+005 
3.2357777777777780E-003 3.2536171770130628E+005 
3.3466666666666666E-003 3.2515793903046969E+005 
3.4575555555555562E-003 3.2492955982399289E+005 
3.5684444444444448E-003 3.2467776131364744E+005 
3.6793333333333335E-003 3.2440367916445015E+005 
3.7902222222222226E-003 3.2410862967180973E+005 
3.9011111111111113E-003 3.2379395532184065E+005 
4.0119999999999999E-003 3.2346097687492793E+005 
4.1228888888888895E-003 3.2311105469409388E+005 
4.2337777777777781E-003 3.2274547415220656E+005 
4.3446666666666668E-003 3.2236550263754558E+005 
4.4555555555555564E-003 3.2197240753839054E+005 
4.5664444444444450E-003 3.2156732181205461E+005 
4.6773333333333337E-003 3.2115143833279912E+005 
4.7882222222222224E-003 3.2072577487561601E+005 
4.8991111111111110E-003 3.2029134478211071E+005 
5.0099999999999997E-003 3.1984910528249631E+005 
5.1208888888888892E-003 3.1939994471619808E+005 
5.2317777777777788E-003 3.1894468815241358E+005 
5.3426666666666666E-003 3.1848407622369437E+005 
5.4535555555555561E-003 3.1801884956259205E+005 
5.5644444444444456E-003 3.1754962812499265E+005 
5.6753333333333334E-003 3.1707706717905641E+005 
5.7862222222222230E-003 3.1660169201333949E+005 
5.8971111111111117E-003 3.1612401890849730E+005 
6.0080000000000003E-003 3.1564453052404744E+005 
6.1188888888888890E-003 3.1516366913989896E+005 
6.2297777777777785E-003 3.1468183865578606E+005 
6.3406666666666672E-003 3.1419939936223341E+005 
6.4515555555555559E-003 3.1371671154976572E+005 
6.5624444444444454E-003 3.1323408051777119E+005 
6.6733333333333332E-003 3.1275182950476278E+005 
6.7842222222222227E-003 3.1227023310935003E+005 
6.8951111111111123E-003 3.1178956148870749E+005 
7.0060000000000001E-003 3.1131006111009512E+005 
7.1168888888888896E-003 3.1083205811666232E+005 
7.2277777777777783E-003 3.1035566124393215E+005 
7.3386666666666669E-003 3.0988124728983064E+005 
7.4495555555555565E-003 3.0940919305228320E+005 
7.5604444444444452E-003 3.0894184476204141E+005 
7.6713333333333338E-003 3.0847936238753010E+005 
7.7822222222222225E-003 3.0803399907627632E+005 
7.8931111111111112E-003 3.0763357885470858E+005 
8.0040000000000007E-003 3.0731207914482878E+005 
8.1148888888888902E-003 3.0717655406644469E+005 
8.2257777777777780E-003 3.0741231686443742E+005 
8.3366666666666676E-003 3.0829613792952948E+005 
8.4475555555555554E-003 3.1002954198300373E+005 
8.5584444444444449E-003 3.1248413172474975E+005 
8.6693333333333327E-003 3.1522865006791230E+005 
8.7802222222222222E-003 3.1777124620703707E+005 
8.8911111111111118E-003 3.1983384679913614E+005 
9.0019999999999996E-003 3.2140508607134933E+005 
9.1128888888888891E-003 3.2260002296520595E+005 
9.2237777777777787E-003 3.2355389769184374E+005 
9.3346666666666665E-003 3.2436689464540110E+005 
9.4455555555555560E-003 3.2507952852769278E+005 
9.5564444444444455E-003 3.2570875803104287E+005 
9.6673333333333333E-003 3.2629306258010870E+005 
9.7782222222222229E-003 3.2685378601851000E+005 
9.8891111111111124E-003 3.2739671888965269E+005 
1.0000000000000000E-002 3.2792492463653808E+005 
1.0110888888888890E-002 3.2843151652190188E+005 
1.0221777777777779E-002 3.2891781742928689E+005 
1.0332666666666669E-002 3.2938063427667186E+005 
1.0443555555555557E-002 3.2981759713896195E+005 
1.0554444444444444E-002 3.3022644774801284E+005 
1.0665333333333334E-002 3.3060436774191080E+005 
1.0776222222222223E-002 3.3094881401804858E+005 
1.0887111111111111E-002 3.3125685286388244E+005 
1.0998000000000001E-002 3.3152555056686845E+005 
1.1108888888888890E-002 3.3175191651416710E+005 
1.1219777777777778E-002 3.3193305088947166E+005 
1.1330666666666668E-002 3.3206578462632175E+005 
1.1441555555555556E-002 3.3214712277212384E+005 
1.1552444444444445E-002 3.3217360928693519E+005 
1.1663333333333335E-002 3.3214449391551345E+005 
1.1774222222222224E-002 3.3205715271440247E+005 
1.1885111111111110E-002 3.3191105343098816E+005 
1.1996000000000000E-002 3.3170566381265683E+005 
1.2106888888888889E-002 3.3144225989134121E+005 
1.2217777777777779E-002 3.3112243247369427E+005 
1.2328666666666668E-002 3.3074953803150862E+005 
1.2439555555555558E-002 3.3032721585077461E+005 
1.2550444444444444E-002 3.2986013473406516E+005 
1.2661333333333333E-002 3.2935115590042842E+005 
1.2772222222222223E-002 3.2880535783894971E+005 
1.2883111111111113E-002 3.2822664441148250E+005 
1.2994000000000002E-002 3.2761891947988031E+005 
1.3104888888888890E-002 3.2698544554032007E+005 
1.3215777777777778E-002 3.2632910498083680E+005 
1.3326666666666667E-002 3.2565220645158546E+005 
1.3437555555555557E-002 3.2495686576607829E+005 
1.3548444444444446E-002 3.2424482637222338E+005 
1.3659333333333334E-002 3.2351793405915925E+005 
1.3770222222222224E-002 3.2277744038152049E+005 
1.3881111111111111E-002 3.2202451327473629E+005 
1.3992000000000001E-002 3.2126032067423518E+005 
1.4102888888888889E-002 3.2048579774051427E+005 
1.4213777777777778E-002 3.1970211202870653E+005 
1.4324666666666668E-002 3.1891015032903664E+005 
1.4435555555555557E-002 3.1811085115184158E+005 
1.4546444444444447E-002 3.1730514168467897E+005 
1.4657333333333333E-002 3.1649397300018230E+005 
1.4768222222222223E-002 3.1567828108713665E+005 
1.4879111111111112E-002 3.1485901358637924E+005 
1.4990000000000002E-002 3.1403711813874694E+005 
1.5100888888888891E-002 3.1321357144847757E+005 
1.5211777777777781E-002 3.1238934635584929E+005 
1.5322666666666667E-002 3.1156543946781440E+005 
1.5433555555555556E-002 3.1074284850687586E+005 
1.5544444444444446E-002 3.0992258147696633E+005 
1.5655333333333334E-002 3.0910565943859681E+005 
1.5766222222222223E-002 3.0829311036913260E+005 
1.5877111111111113E-002 3.0748596741222148E+005 
1.5987999999999999E-002 3.0668526371151133E+005 
1.6098888888888888E-002 3.0589204363913368E+005 
1.6209777777777778E-002 3.0510734747581917E+005 
1.6320666666666667E-002 3.0433221639856120E+005 
1.6431555555555557E-002 3.0356768907044153E+005 
1.6542444444444446E-002 3.0281480166463647E+005 
1.6653333333333332E-002 3.0207458466943639E+005 
1.6764222222222222E-002 3.0134806148051954E+005 
1.6875111111111112E-002 3.0063624068282003E+005 
1.6986000000000001E-002 2.9994013086127187E+005 
1.7096888888888891E-002 2.9926071262647212E+005 
1.7207777777777780E-002 2.9859897147747379E+005 
1.7318666666666666E-002 2.9795585328030866E+005 
1.7429555555555556E-002 2.9733229784515535E+005 
1.7540444444444445E-002 2.9672922647669201E+005 
1.7651333333333335E-002 2.9614753445332416E+005 
1.7762222222222224E-002 2.9558808905595372E+005 
1.7873111111111114E-002 2.9505172374200088E+005 
1.7984000000000000E-002 2.9453927196888515E+005 
1.8094888888888890E-002 2.9405150119578699E+005 
1.8205777777777779E-002 2.9358918592147646E+005 
1.8316666666666669E-002 2.9315303170979430E+005 
1.8427555555555558E-002 2.9274372391597432E+005 
1.8538444444444448E-002 2.9236189046694315E+005 
1.8649333333333334E-002 2.9200819942283107E+005 
1.8760222222222223E-002 2.9168315597593435E+005 
1.8871111111111113E-002 2.9138728779423441E+005 
1.8982000000000002E-002 2.9112112254571274E+005 
1.9092888888888892E-002 2.9088513514336699E+005 
1.9203777777777781E-002 2.9067965218574117E+005 
1.9314666666666667E-002 2.9050520598572888E+005 
1.9425555555555557E-002 2.9036208470631758E+005 
1.9536444444444447E-002 2.9024923006959673E+005 
1.9647333333333336E-002 2.9016921771340165E+005 
1.9758222222222226E-002 2.9012161428700091E+005 
1.9869111111111112E-002 2.9010700161662279E+005 
1.9980000000000001E-002 2.9012596152849519E+005 
