2.0000000000000002E-005 4.8534070153274357E-002 
1.3088888888888891E-004 4.8552523476126527E-002 
2.4177777777777777E-004 4.8509801713266777E-002 
3.5266666666666671E-004 4.8410035979716326E-002 
4.6355555555555560E-004 4.8258087136500406E-002 
5.7444444444444448E-004 4.8059535786836555E-002 
6.8533333333333337E-004 4.7820685038188884E-002 
7.9622222222222236E-004 4.7548782024724956E-002 
9.0711111111111114E-004 4.7251837250520325E-002 
1.0180000000000000E-003 4.6938613321156800E-002 
1.1288888888888891E-003 4.6618338121541050E-002 
1.2397777777777778E-003 4.6300689478853414E-002 
1.3506666666666667E-003 4.5995266223851049E-002 
1.4615555555555558E-003 4.5711215396249436E-002 
1.5724444444444447E-003 4.5457006204321748E-002 
1.6833333333333333E-003 4.5239561318722359E-002 
1.7942222222222224E-003 4.5064141566675035E-002 
1.9051111111111113E-003 4.4933547197917312E-002 
2.0160000000000000E-003 4.4848044490774529E-002 
2.1268888888888891E-003 4.4805103054675735E-002 
2.2377777777777782E-003 4.4799264068582943E-002 
2.3486666666666669E-003 4.4822473298413303E-002 
2.4595555555555555E-003 4.4864390950469089E-002 
2.5704444444444446E-003 4.4912601357655804E-002 
2.6813333333333333E-003 4.4953519295217334E-002 
2.7922222222222228E-003 4.4972499728912180E-002 
2.9031111111111115E-003 4.4954806802227805E-002 
3.0140000000000002E-003 4.4885705599581112E-002 
3.1248888888888893E-003 4.4751077885238681E-002 
3.2357777777777780E-003 4.4537629366995443E-002 
3.3466666666666666E-003 4.4233183864809886E-002 
3.4575555555555562E-003 4.3826825977671291E-002 
3.5684444444444448E-003 4.3308939301108233E-002 
3.6793333333333335E-003 4.2671305513999572E-002 
3.7902222222222226E-003 4.1907070861929789E-002 
3.9011111111111113E-003 4.1010682346830266E-002 
4.0119999999999999E-003 3.9977872822467307E-002 
4.1228888888888895E-003 3.8805542265887755E-002 
4.2337777777777781E-003 3.7491709586494192E-002 
4.3446666666666668E-003 3.6035385112129628E-002 
4.4555555555555564E-003 3.4436481237491955E-002 
4.5664444444444450E-003 3.2695772653066751E-002 
4.6773333333333337E-003 3.0814725874385940E-002 
4.7882222222222224E-003 2.8795497822959010E-002 
4.8991111111111110E-003 2.6640781824859287E-002 
5.0099999999999997E-003 2.4353793893324167E-002 
5.1208888888888892E-003 2.1938167071917054E-002 
5.2317777777777788E-003 1.9397912254665056E-002 
5.3426666666666666E-003 1.6737342124594899E-002 
5.4535555555555561E-003 1.3961018743742342E-002 
5.5644444444444456E-003 1.1073733894412520E-002 
5.6753333333333334E-003 8.0804237357787918E-003 
5.7862222222222230E-003 4.9861710259104354E-003 
5.8971111111111117E-003 1.7961367604988139E-003 
6.0080000000000003E-003 -1.4844456002296616E-003 
6.1188888888888890E-003 -4.8503118178972963E-003 
6.2297777777777785E-003 -8.2961824459721317E-003 
6.3406666666666672E-003 -1.1816789729859728E-002 
6.4515555555555559E-003 -1.5406896666269133E-002 
6.5624444444444454E-003 -1.9061303449022366E-002 
6.6733333333333332E-003 -2.2774875540078406E-002 
6.7842222222222227E-003 -2.6542541753917685E-002 
6.8951111111111123E-003 -3.0359314563735848E-002 
7.0060000000000001E-003 -3.4220292449584869E-002 
7.1168888888888896E-003 -3.8120665732155945E-002 
7.2277777777777783E-003 -4.2055728700682520E-002 
7.3386666666666669E-003 -4.6020883371427769E-002 
7.4495555555555565E-003 -5.0011595328445048E-002 
7.5604444444444452E-003 -5.4023434815219012E-002 
7.6713333333333338E-003 -5.8051032965782290E-002 
7.7822222222222225E-003 -6.2088956414398974E-002 
7.8931111111111112E-003 -6.6126431652924755E-002 
8.0040000000000007E-003 -7.0146406027113098E-002 
8.1148888888888902E-003 -7.4116023663136812E-002 
8.2257777777777780E-003 -7.7970189894545114E-002 
8.3366666666666676E-003 -8.1589934234816933E-002 
8.4475555555555554E-003 -8.4797698561407286E-002 
8.5584444444444449E-003 -8.7412665423030361E-002 
8.6693333333333327E-003 -8.9327973926801335E-002 
8.7802222222222222E-003 -9.0553342839729115E-002 
8.8911111111111118E-003 -9.1192019386148751E-002 
9.0019999999999996E-003 -9.1377833575648215E-002 
9.1128888888888891E-003 -9.1226592516472527E-002 
9.2237777777777787E-003 -9.0818955418653216E-002 
9.3346666666666665E-003 -9.0204426405339350E-002 
9.4455555555555560E-003 -8.9413537979549554E-002 
9.5564444444444455E-003 -8.8471569421981741E-002 
9.6673333333333333E-003 -8.7396486442921348E-002 
9.7782222222222229E-003 -8.6197042306310048E-002 
9.8891111111111124E-003 -8.4879034821771282E-002 
1.0000000000000000E-002 -8.3447496859768031E-002 
1.0110888888888890E-002 -8.1908750598321922E-002 
1.0221777777777779E-002 -8.0270490580279172E-002 
1.0332666666666669E-002 -7.8541916637326861E-002 
1.0443555555555557E-002 -7.6733983982347737E-002 
1.0554444444444444E-002 -7.4859448551923669E-002 
1.0665333333333334E-002 -7.2933203340676087E-002 
1.0776222222222223E-002 -7.0972315389773041E-002 
1.0887111111111111E-002 -6.8996285894224740E-002 
1.0998000000000001E-002 -6.7027088208780797E-002 
1.1108888888888890E-002 -6.5089196325912785E-002 
1.1219777777777778E-002 -6.3209527069566063E-002 
1.1330666666666668E-002 -6.1417100140261763E-002 
1.1441555555555556E-002 -5.9742323447438149E-002 
1.1552444444444445E-002 -5.8216746764183466E-002 
1.1663333333333335E-002 -5.6870799820562569E-002 
1.1774222222222224E-002 -5.5733560034860914E-002 
1.1885111111111110E-002 -5.4829428773669121E-002 
1.1996000000000000E-002 -5.4177568250043419E-002 
1.2106888888888889E-002 -5.3789815588073706E-002 
1.2217777777777779E-002 -5.3669312774868902E-002 
1.2328666666666668E-002 -5.3810733127804017E-002 
1.2439555555555558E-002 -5.4200982621465818E-002 
1.2550444444444444E-002 -5.4819680855080183E-002 
1.2661333333333333E-002 -5.5642673347341264E-002 
1.2772222222222223E-002 -5.6642533629987654E-002 
1.2883111111111113E-002 -5.7791913002417435E-002 
1.2994000000000002E-002 -5.9064018260901227E-002 
1.3104888888888890E-002 -6.0434156623053688E-002 
1.3215777777777778E-002 -6.1880593004608263E-002 
1.3326666666666667E-002 -6.3384463422256523E-002 
1.3437555555555557E-002 -6.4929898515666620E-002 
1.3548444444444446E-002 -6.6503931531398955E-002 
1.3659333333333334E-002 -6.8095922197492317E-002 
1.3770222222222224E-002 -6.9697499456058590E-002 
1.3881111111111111E-002 -7.1301924791204396E-002 
1.3992000000000001E-002 -7.2903996371863664E-002 
1.4102888888888889E-002 -7.4499656304987671E-002 
1.4213777777777778E-002 -7.6085693279313013E-002 
1.4324666666666668E-002 -7.7659611963462202E-002 
1.4435555555555557E-002 -7.9219403230278693E-002 
1.4546444444444447E-002 -8.0763512478329261E-002 
1.4657333333333333E-002 -8.2290603294250822E-002 
1.4768222222222223E-002 -8.3799586521384153E-002 
1.4879111111111112E-002 -8.5289501054774536E-002 
1.4990000000000002E-002 -8.6759502914387790E-002 
1.5100888888888891E-002 -8.8208823854167256E-002 
1.5211777777777781E-002 -8.9636741848967375E-002 
1.5322666666666667E-002 -9.1042575792827651E-002 
1.5433555555555556E-002 -9.2425668103633021E-002 
1.5544444444444446E-002 -9.3785383482603235E-002 
1.5655333333333334E-002 -9.5121096696512711E-002 
1.5766222222222223E-002 -9.6432195088983971E-002 
1.5877111111111113E-002 -9.7718074042837944E-002 
1.5987999999999999E-002 -9.8978136883957887E-002 
1.6098888888888888E-002 -1.0021179388210173E-001 
1.6209777777777778E-002 -1.0141846224725388E-001 
1.6320666666666667E-002 -1.0259756655697425E-001 
1.6431555555555557E-002 -1.0374853908286487E-001 
1.6542444444444446E-002 -1.0487081985321665E-001 
1.6653333333333332E-002 -1.0596385743792910E-001 
1.6764222222222222E-002 -1.0702710944693762E-001 
1.6875111111111112E-002 -1.0806004353129114E-001 
1.6986000000000001E-002 -1.0906213762213489E-001 
1.7096888888888891E-002 -1.1003288042733231E-001 
1.7207777777777780E-002 -1.1097177239858257E-001 
1.7318666666666666E-002 -1.1187832636116478E-001 
1.7429555555555556E-002 -1.1275206836187193E-001 
1.7540444444444445E-002 -1.1359253770798225E-001 
1.7651333333333335E-002 -1.1439928808560808E-001 
1.7762222222222224E-002 -1.1517188804842839E-001 
1.7873111111111114E-002 -1.1590992192141641E-001 
1.7984000000000000E-002 -1.1661298998982997E-001 
1.8094888888888890E-002 -1.1728070945077596E-001 
1.8205777777777779E-002 -1.1791271451967705E-001 
1.8316666666666669E-002 -1.1850865692254768E-001 
1.8427555555555558E-002 -1.1906820720939131E-001 
1.8538444444444448E-002 -1.1959105421179589E-001 
1.8649333333333334E-002 -1.2007690761023192E-001 
1.8760222222222223E-002 -1.2052549709796685E-001 
1.8871111111111113E-002 -1.2093657044911349E-001 
1.8982000000000002E-002 -1.2130989495045259E-001 
1.9092888888888892E-002 -1.2164527012488741E-001 
1.9203777777777781E-002 -1.2194251142953709E-001 
1.9314666666666667E-002 -1.2220143394788732E-001 
1.9425555555555557E-002 -1.2242187603291660E-001 
1.9536444444444447E-002 -1.2260370437002889E-001 
1.9647333333333336E-002 -1.2274700831618816E-001 
1.9758222222222226E-002 -1.2285166881149681E-001 
1.9869111111111112E-002 -1.2291748856509592E-001 
1.9980000000000001E-002 -1.2294427368477014E-001 
