2.0000000000000002E-005 1.1508428210598250E-009 
1.3088888888888891E-004 1.8951361195341151E-008 
2.4177777777777777E-004 3.1442834687789614E-008 
3.5266666666666671E-004 4.3041419237805896E-008 
4.6355555555555560E-004 5.9052219918950053E-008 
5.7444444444444448E-004 7.1323477952009809E-008 
6.8533333333333337E-004 8.7155046072968484E-008 
7.9622222222222236E-004 1.0091958300385310E-007 
9.0711111111111114E-004 1.1189351452659098E-007 
1.0180000000000000E-003 1.2836483592814846E-007 
1.1288888888888891E-003 1.3937196523091991E-007 
1.2397777777777778E-003 1.5472636408011468E-007 
1.3506666666666667E-003 1.6659798363016150E-007 
1.4615555555555558E-003 1.7915083882204112E-007 
1.5724444444444447E-003 1.9385344840413320E-007 
1.6833333333333333E-003 2.0502576303794092E-007 
1.7942222222222224E-003 2.1785371636653976E-007 
1.9051111111111113E-003 2.3272880873426857E-007 
2.0160000000000000E-003 2.4192850219541629E-007 
2.1268888888888891E-003 2.5873218782574074E-007 
2.2377777777777782E-003 2.6775187338020489E-007 
2.3486666666666669E-003 2.8324758514300121E-007 
2.4595555555555555E-003 2.9648204503803429E-007 
2.5704444444444446E-003 3.0946597677252464E-007 
2.6813333333333333E-003 3.2117875536326226E-007 
2.7922222222222228E-003 3.3324403735469512E-007 
2.9031111111111115E-003 3.4752176050195713E-007 
3.0140000000000002E-003 3.5934703555201819E-007 
3.1248888888888893E-003 3.7150746582877143E-007 
3.2357777777777780E-003 3.8436882072925900E-007 
3.3466666666666666E-003 3.9596891617465830E-007 
3.4575555555555562E-003 4.0797310593935653E-007 
3.5684444444444448E-003 4.1901949766853555E-007 
3.6793333333333335E-003 4.3151058995413126E-007 
3.7902222222222226E-003 4.4311975718726261E-007 
3.9011111111111113E-003 4.5275635044618501E-007 
4.0119999999999999E-003 4.6529607683332321E-007 
4.1228888888888895E-003 4.7408923706053196E-007 
4.2337777777777781E-003 4.8537783191675592E-007 
4.3446666666666668E-003 4.9442691941397868E-007 
4.4555555555555564E-003 5.0364944477524069E-007 
4.5664444444444450E-003 5.1257269077859470E-007 
4.6773333333333337E-003 5.2189232456376293E-007 
4.7882222222222224E-003 5.3058744871734770E-007 
4.8991111111111110E-003 5.3773796118106209E-007 
5.0099999999999997E-003 5.4648727999461160E-007 
5.1208888888888892E-003 5.5292674000358639E-007 
5.2317777777777788E-003 5.6042752469146144E-007 
5.3426666666666666E-003 5.6668090440392776E-007 
5.4535555555555561E-003 5.7272636968269392E-007 
5.5644444444444456E-003 5.7855222104095887E-007 
5.6753333333333334E-003 5.8418237827866905E-007 
5.7862222222222230E-003 5.8938387145419703E-007 
5.8971111111111117E-003 5.9377658811609754E-007 
6.0080000000000003E-003 5.9846547540344008E-007 
6.1188888888888890E-003 6.0218163972139660E-007 
6.2297777777777785E-003 6.0594134696480414E-007 
6.3406666666666672E-003 6.0912318460856241E-007 
6.4515555555555559E-003 6.1195443999709937E-007 
6.5624444444444454E-003 6.1455506738864377E-007 
6.6733333333333332E-003 6.1671170299197855E-007 
6.7842222222222227E-003 6.1853554591325744E-007 
6.8951111111111123E-003 6.2003055350341791E-007 
7.0060000000000001E-003 6.2113060433663707E-007 
7.1168888888888896E-003 6.2195957500397982E-007 
7.2277777777777783E-003 6.2242025185128150E-007 
7.3386666666666669E-003 6.2260163870271483E-007 
7.4495555555555565E-003 6.2229440509976670E-007 
7.5604444444444452E-003 6.2225295199003208E-007 
7.6713333333333338E-003 6.2081667687748313E-007 
7.7822222222222225E-003 6.1929103696127337E-007 
7.8931111111111112E-003 6.1870208008595916E-007 
8.0040000000000007E-003 6.1599184573912092E-007 
8.1148888888888902E-003 6.1411222904602880E-007 
8.2257777777777780E-003 6.1177556641532048E-007 
8.3366666666666676E-003 6.0885145161277558E-007 
8.4475555555555554E-003 6.0571475692021007E-007 
8.5584444444444449E-003 6.0204626264085498E-007 
8.6693333333333327E-003 5.9800186969001182E-007 
8.7802222222222222E-003 5.9344680905017588E-007 
8.8911111111111118E-003 5.8864629318906460E-007 
9.0019999999999996E-003 5.8324165275571727E-007 
9.1128888888888891E-003 5.7740400824160726E-007 
9.2237777777777787E-003 5.7117913517923402E-007 
9.3346666666666665E-003 5.6454819266373752E-007 
9.4455555555555560E-003 5.5751994523394880E-007 
9.5564444444444455E-003 5.5007929663381908E-007 
9.6673333333333333E-003 5.4235815765254871E-007 
9.7782222222222229E-003 5.3419661889447274E-007 
9.8891111111111124E-003 5.2567824123372916E-007 
1.0000000000000000E-002 5.1801102549028493E-007 
1.0110888888888890E-002 5.0634193975905080E-007 
1.0221777777777779E-002 5.0044260697739511E-007 
1.0332666666666669E-002 4.8905521928706813E-007 
1.0443555555555557E-002 4.7794289839086355E-007 
1.0554444444444444E-002 4.6769132430687767E-007 
1.0665333333333334E-002 4.5973908582860117E-007 
1.0776222222222223E-002 4.5176090951932715E-007 
1.0887111111111111E-002 4.3709393996367441E-007 
1.0998000000000001E-002 4.3523413688640810E-007 
1.1108888888888890E-002 4.1846915722519464E-007 
1.1219777777777778E-002 4.1067356770682992E-007 
1.1330666666666668E-002 4.0138759324642415E-007 
1.1441555555555556E-002 3.9021643044198764E-007 
1.1552444444444445E-002 3.8829624924847685E-007 
1.1663333333333335E-002 3.7338336870528629E-007 
1.1774222222222224E-002 3.6037765590454476E-007 
1.1885111111111110E-002 3.6703977161549220E-007 
1.1996000000000000E-002 3.3583014346815527E-007 
1.2106888888888889E-002 3.5622752596652524E-007 
1.2217777777777779E-002 3.3424338276673681E-007 
1.2328666666666668E-002 3.3505834477570225E-007 
1.2439555555555558E-002 3.4144007010392290E-007 
1.2550444444444444E-002 3.2661838906745355E-007 
1.2661333333333333E-002 3.2716615004315643E-007 
1.2772222222222223E-002 3.2521177517752997E-007 
1.2883111111111113E-002 3.1737503400020502E-007 
1.2994000000000002E-002 3.2265063813800028E-007 
1.3104888888888890E-002 3.1078155243316783E-007 
1.3215777777777778E-002 3.1562063493522998E-007 
1.3326666666666667E-002 3.1089616516186696E-007 
1.3437555555555557E-002 3.0392497092938156E-007 
1.3548444444444446E-002 3.0450942058589320E-007 
1.3659333333333334E-002 3.0210366680835996E-007 
1.3770222222222224E-002 3.0136693997562284E-007 
1.3881111111111111E-002 2.9617105741020631E-007 
1.3992000000000001E-002 2.9691925790928653E-007 
1.4102888888888889E-002 2.9117408223689719E-007 
1.4213777777777778E-002 2.8888887445912757E-007 
1.4324666666666668E-002 2.8568109745793413E-007 
1.4435555555555557E-002 2.8201133796650139E-007 
1.4546444444444447E-002 2.7905898311475785E-007 
1.4657333333333333E-002 2.7563262670297973E-007 
1.4768222222222223E-002 2.7223934633968633E-007 
1.4879111111111112E-002 2.6844183421614324E-007 
1.4990000000000002E-002 2.6492970903000787E-007 
1.5100888888888891E-002 2.6086508371201763E-007 
1.5211777777777781E-002 2.5699806097065300E-007 
1.5322666666666667E-002 2.5289689647852635E-007 
1.5433555555555556E-002 2.4864583157039464E-007 
1.5544444444444446E-002 2.4438131773374995E-007 
1.5655333333333334E-002 2.3998842203042745E-007 
1.5766222222222223E-002 2.3553426608659219E-007 
1.5877111111111113E-002 2.3081868716730560E-007 
1.5987999999999999E-002 2.2621444771742433E-007 
1.6098888888888888E-002 2.2123365695719083E-007 
1.6209777777777778E-002 2.1639971192135915E-007 
1.6320666666666667E-002 2.1132656857574303E-007 
1.6431555555555557E-002 2.0610361167072719E-007 
1.6542444444444446E-002 2.0089211486092165E-007 
1.6653333333333332E-002 1.9555289200033512E-007 
1.6764222222222222E-002 1.9018103307892795E-007 
1.6875111111111112E-002 1.8453023229220950E-007 
1.6986000000000001E-002 1.7902483142343717E-007 
1.7096888888888891E-002 1.7314458624503309E-007 
1.7207777777777780E-002 1.6744067834658422E-007 
1.7318666666666666E-002 1.6151071472393925E-007 
1.7429555555555556E-002 1.5543339162067941E-007 
1.7540444444444445E-002 1.4940677188702539E-007 
1.7651333333333335E-002 1.4325687270145245E-007 
1.7762222222222224E-002 1.3710093300826919E-007 
1.7873111111111114E-002 1.3068583977763208E-007 
1.7984000000000000E-002 1.2442843006339552E-007 
1.8094888888888890E-002 1.1785763191062301E-007 
1.8205777777777779E-002 1.1142064387327701E-007 
1.8316666666666669E-002 1.0486637458275881E-007 
1.8427555555555558E-002 9.8181578843854472E-008 
1.8538444444444448E-002 9.1518601264820823E-008 
1.8649333333333334E-002 8.4803311461557569E-008 
1.8760222222222223E-002 7.8061217030315818E-008 
1.8871111111111113E-002 7.1017020445814960E-008 
1.8982000000000002E-002 6.4421623351756294E-008 
1.9092888888888892E-002 5.7421455876230171E-008 
1.9203777777777781E-002 4.9999197029791098E-008 
1.9314666666666667E-002 4.3705546072718396E-008 
1.9425555555555557E-002 3.7148049583179645E-008 
1.9536444444444447E-002 3.0119791746118141E-008 
1.9647333333333336E-002 1.9341252170593271E-008 
1.9758222222222226E-002 1.3847434075847958E-008 
1.9869111111111112E-002 1.4756473228934940E-008 
1.9980000000000001E-002 -2.9492428837446971E-009 
