2.0000000000000002E-005 3.2784775988565577E+005 
1.3088888888888891E-004 3.2778555277347058E+005 
2.4177777777777777E-004 3.2774532412137225E+005 
3.5266666666666671E-004 3.2772622329115111E+005 
4.6355555555555560E-004 3.2772739964459784E+005 
5.7444444444444448E-004 3.2774848624758364E+005 
6.8533333333333337E-004 3.2778720022002241E+005 
7.9622222222222236E-004 3.2784281429579231E+005 
9.0711111111111114E-004 3.2791374498248176E+005 
1.0180000000000000E-003 3.2799816568684718E+005 
1.1288888888888891E-003 3.2809391678480397E+005 
1.2397777777777778E-003 3.2819869296266005E+005 
1.3506666666666667E-003 3.2830969420191215E+005 
1.4615555555555558E-003 3.2842412048405746E+005 
1.5724444444444447E-003 3.2853869372138678E+005 
1.6833333333333333E-003 3.2865044041207404E+005 
1.7942222222222224E-003 3.2875586156821222E+005 
1.9051111111111113E-003 3.2885160387436068E+005 
2.0160000000000000E-003 3.2893422817108105E+005 
2.1268888888888891E-003 3.2900094015327014E+005 
2.2377777777777782E-003 3.2904866337380355E+005 
2.3486666666666669E-003 3.2907513500003668E+005 
2.4595555555555555E-003 3.2907809219932521E+005 
2.5704444444444446E-003 3.2905610313721496E+005 
2.6813333333333333E-003 3.2900761088772683E+005 
2.7922222222222228E-003 3.2893210477844451E+005 
2.9031111111111115E-003 3.2882925246619870E+005 
3.0140000000000002E-003 3.2869898620420642E+005 
3.1248888888888893E-003 3.2854163489874225E+005 
3.2357777777777780E-003 3.2835773919758998E+005 
3.3466666666666666E-003 3.2814824697961769E+005 
3.4575555555555562E-003 3.2791410612369352E+005 
3.5684444444444448E-003 3.2765651381360792E+005 
3.6793333333333335E-003 3.2737662639711698E+005 
3.7902222222222226E-003 3.2707577022048872E+005 
3.9011111111111113E-003 3.2675529744069435E+005 
4.0119999999999999E-003 3.2641653681908961E+005 
4.1228888888888895E-003 3.2606085443404072E+005 
4.2337777777777781E-003 3.2568954056807415E+005 
4.3446666666666668E-003 3.2530386514964653E+005 
4.4555555555555564E-003 3.2490509810721391E+005 
4.5664444444444450E-003 3.2449437356664648E+005 
4.6773333333333337E-003 3.2407288600525225E+005 
4.7882222222222224E-003 3.2364165375102335E+005 
4.8991111111111110E-003 3.2320169053834002E+005 
5.0099999999999997E-003 3.2275395405699511E+005 
5.1208888888888892E-003 3.2229933261886786E+005 
5.2317777777777788E-003 3.2183865168221906E+005 
5.3426666666666666E-003 3.2137265203868842E+005 
5.4535555555555561E-003 3.2090207447991578E+005 
5.5644444444444456E-003 3.2042753884717799E+005 
5.6753333333333334E-003 3.1994970101034647E+005 
5.7862222222222230E-003 3.1946908622433164E+005 
5.8971111111111117E-003 3.1898621106304595E+005 
6.0080000000000003E-003 3.1850155852611020E+005 
6.1188888888888890E-003 3.1801557086714596E+005 
6.2297777777777785E-003 3.1752865221086476E+005 
6.3406666666666672E-003 3.1704116294344375E+005 
6.4515555555555559E-003 3.1655346345105977E+005 
6.5624444444444454E-003 3.1606585921644152E+005 
6.6733333333333332E-003 3.1557867252294644E+005 
6.7842222222222227E-003 3.1509217894045939E+005 
6.8951111111111123E-003 3.1460665005284734E+005 
7.0060000000000001E-003 3.1412232434971200E+005 
7.1168888888888896E-003 3.1363957317652338E+005 
7.2277777777777783E-003 3.1315849612663640E+005 
7.3386666666666669E-003 3.1267959582296998E+005 
7.4495555555555565E-003 3.1220337488844321E+005 
7.5604444444444452E-003 3.1173221747990279E+005 
7.6713333333333338E-003 3.1126550146182376E+005 
7.7822222222222225E-003 3.1081298998662364E+005 
7.8931111111111112E-003 3.1040150454647921E+005 
8.0040000000000007E-003 3.1006555567794939E+005 
8.1148888888888902E-003 3.0991566852324549E+005 
8.2257777777777780E-003 3.1012803397800715E+005 
8.3366666666666676E-003 3.1094852127652761E+005 
8.4475555555555554E-003 3.1257708865026815E+005 
8.5584444444444449E-003 3.1497462934677704E+005 
8.6693333333333327E-003 3.1774876041762653E+005 
8.7802222222222222E-003 3.2038454550883005E+005 
8.8911111111111118E-003 3.2254477148161759E+005 
9.0019999999999996E-003 3.2418533221687714E+005 
9.1128888888888891E-003 3.2541638327344734E+005 
9.2237777777777787E-003 3.2637981010382611E+005 
9.3346666666666665E-003 3.2718306124529795E+005 
9.4455555555555560E-003 3.2789275941070257E+005 
9.5564444444444455E-003 3.2854602605910547E+005 
9.6673333333333333E-003 3.2916233693717478E+005 
9.7782222222222229E-003 3.2975102799026581E+005 
9.8891111111111124E-003 3.3031637151163275E+005 
1.0000000000000000E-002 3.3085997157003579E+005 
1.0110888888888890E-002 3.3138233740092098E+005 
1.0221777777777779E-002 3.3188197743815492E+005 
1.0332666666666669E-002 3.3235757496994367E+005 
1.0443555555555557E-002 3.3280733685938251E+005 
1.0554444444444444E-002 3.3322928695771738E+005 
1.0665333333333334E-002 3.3362072519585129E+005 
1.0776222222222223E-002 3.3397920121961785E+005 
1.0887111111111111E-002 3.3430181986106635E+005 
1.0998000000000001E-002 3.3458568595224619E+005 
1.1108888888888890E-002 3.3482780544443114E+005 
1.1219777777777778E-002 3.3502523887208838E+005 
1.1330666666666668E-002 3.3517478393630777E+005 
1.1441555555555556E-002 3.3527337172212056E+005 
1.1552444444444445E-002 3.3531745405670837E+005 
1.1663333333333335E-002 3.3530610160801728E+005 
1.1774222222222224E-002 3.3523648296609108E+005 
1.1885111111111110E-002 3.3510779152277973E+005 
1.1996000000000000E-002 3.3491922066993371E+005 
1.2106888888888889E-002 3.3467164511482383E+005 
1.2217777777777779E-002 3.3436656949284161E+005 
1.2328666666666668E-002 3.3400706768912828E+005 
1.2439555555555558E-002 3.3359663495209836E+005 
1.2550444444444444E-002 3.3313986076068034E+005 
1.2661333333333333E-002 3.3263959716496099E+005 
1.2772222222222223E-002 3.3210103616639267E+005 
1.2883111111111113E-002 3.3152822647496342E+005 
1.2994000000000002E-002 3.3092521680066135E+005 
1.3104888888888890E-002 3.3029548102555639E+005 
1.3215777777777778E-002 3.2964196559946390E+005 
1.3326666666666667E-002 3.2896715165308554E+005 
1.3437555555555557E-002 3.2827327397962712E+005 
1.3548444444444446E-002 3.2756217902305396E+005 
1.3659333333333334E-002 3.2683579936292156E+005 
1.3770222222222224E-002 3.2609544467594218E+005 
1.3881111111111111E-002 3.2534232709772506E+005 
1.3992000000000001E-002 3.2457765876387933E+005 
1.4102888888888889E-002 3.2380239279200288E+005 
1.4213777777777778E-002 3.2301773952818732E+005 
1.4324666666666668E-002 3.2222459503629000E+005 
1.4435555555555557E-002 3.2142391269849066E+005 
1.4546444444444447E-002 3.2061663185919326E+005 
1.4657333333333333E-002 3.1980371611089492E+005 
1.4768222222222223E-002 3.1898611011419515E+005 
1.4879111111111112E-002 3.1816476993464027E+005 
1.4990000000000002E-002 3.1734065163777635E+005 
1.5100888888888891E-002 3.1651474007680954E+005 
1.5211777777777781E-002 3.1568801635988412E+005 
1.5322666666666667E-002 3.1486148508769332E+005 
1.5433555555555556E-002 3.1403615218716557E+005 
1.5544444444444446E-002 3.1321303423247492E+005 
1.5655333333333334E-002 3.1239316097413818E+005 
1.5766222222222223E-002 3.1157756906785478E+005 
1.5877111111111113E-002 3.1076730071604857E+005 
1.5987999999999999E-002 3.0996339812114357E+005 
1.6098888888888888E-002 3.0916691551085503E+005 
1.6209777777777778E-002 3.0837890230071353E+005 
1.6320666666666667E-002 3.0760040944162698E+005 
1.6431555555555557E-002 3.0683248536601197E+005 
1.6542444444444446E-002 3.0607617624008370E+005 
1.6653333333333332E-002 3.0533252259977913E+005 
1.6764222222222222E-002 3.0460255777713173E+005 
1.6875111111111112E-002 3.0388730041396106E+005 
1.6986000000000001E-002 3.0318776915208646E+005 
1.7096888888888891E-002 3.0250495484656841E+005 
1.7207777777777780E-002 3.0183985289322439E+005 
1.7318666666666666E-002 3.0119341902939783E+005 
1.7429555555555556E-002 3.0056660289918917E+005 
1.7540444444444445E-002 2.9996033559672645E+005 
1.7651333333333335E-002 2.9937552197058283E+005 
1.7762222222222224E-002 2.9881303860956221E+005 
1.7873111111111114E-002 2.9827372802780854E+005 
1.7984000000000000E-002 2.9775843273946608E+005 
1.8094888888888890E-002 2.9726792875724385E+005 
1.8205777777777779E-002 2.9680299909257976E+005 
1.8316666666666669E-002 2.9636435713255167E+005 
1.8427555555555558E-002 2.9595269596476684E+005 
1.8538444444444448E-002 2.9556865096496645E+005 
1.8649333333333334E-002 2.9521289707762393E+005 
1.8760222222222223E-002 2.9488594601610344E+005 
1.8871111111111113E-002 2.9458833136111690E+005 
1.8982000000000002E-002 2.9432058669337694E+005 
1.9092888888888892E-002 2.9408319177948491E+005 
1.9203777777777781E-002 2.9387647822675999E+005 
1.9314666666666667E-002 2.9370098217952700E+005 
1.9425555555555557E-002 2.9355699549725058E+005 
1.9536444444444447E-002 2.9344346316111012E+005 
1.9647333333333336E-002 2.9336296327334299E+005 
1.9758222222222226E-002 2.9331506450609490E+005 
1.9869111111111112E-002 2.9330034990856750E+005 
1.9980000000000001E-002 2.9331940252996236E+005 
