2.0000000000000002E-005 -1.0142319697605848E-008 
1.3088888888888891E-004 -5.4751909985090073E-008 
2.4177777777777777E-004 -1.0439999285995383E-007 
3.5266666666666671E-004 -1.5447418297196582E-007 
4.6355555555555560E-004 -1.9972961690311252E-007 
5.7444444444444448E-004 -2.4819036725276698E-007 
6.8533333333333337E-004 -2.9258794804642680E-007 
7.9622222222222236E-004 -3.3844456376556938E-007 
9.0711111111111114E-004 -3.8642932154460468E-007 
1.0180000000000000E-003 -4.2833815356774189E-007 
1.1288888888888891E-003 -4.7511467763220167E-007 
1.2397777777777778E-003 -5.1687876257873538E-007 
1.3506666666666667E-003 -5.6164945176980130E-007 
1.4615555555555558E-003 -6.0516888976371599E-007 
1.5724444444444447E-003 -6.4620476809458678E-007 
1.6833333333333333E-003 -6.9022296092940747E-007 
1.7942222222222224E-003 -7.3240315696426313E-007 
1.9051111111111113E-003 -7.7253407676318723E-007 
2.0160000000000000E-003 -8.1802461795336923E-007 
2.1268888888888891E-003 -8.5606088751844890E-007 
2.2377777777777782E-003 -9.0190818489859199E-007 
2.3486666666666669E-003 -9.4140521785549753E-007 
2.4595555555555555E-003 -9.8333679357819160E-007 
2.5704444444444446E-003 -1.0255872558577079E-006 
2.6813333333333333E-003 -1.0693573756842262E-006 
2.7922222222222228E-003 -1.1127858226016278E-006 
2.9031111111111115E-003 -1.1538908362460543E-006 
3.0140000000000002E-003 -1.1975443793154761E-006 
3.1248888888888893E-003 -1.2405044073324382E-006 
3.2357777777777780E-003 -1.2825762993052390E-006 
3.3466666666666666E-003 -1.3254092870645104E-006 
3.4575555555555562E-003 -1.3673271090483484E-006 
3.5684444444444448E-003 -1.4095622496050547E-006 
3.6793333333333335E-003 -1.4495808863347573E-006 
3.7902222222222226E-003 -1.4895965974480918E-006 
3.9011111111111113E-003 -1.5305807853358641E-006 
4.0119999999999999E-003 -1.5675856826574235E-006 
4.1228888888888895E-003 -1.6071486594636212E-006 
4.2337777777777781E-003 -1.6429279664722181E-006 
4.3446666666666668E-003 -1.6795925222154057E-006 
4.4555555555555564E-003 -1.7146438070173519E-006 
4.5664444444444450E-003 -1.7484872040665825E-006 
4.6773333333333337E-003 -1.7803503551576133E-006 
4.7882222222222224E-003 -1.8112066307715856E-006 
4.8991111111111110E-003 -1.8419310367467131E-006 
5.0099999999999997E-003 -1.8693040144290277E-006 
5.1208888888888892E-003 -1.8972273861318837E-006 
5.2317777777777788E-003 -1.9222577636053469E-006 
5.3426666666666666E-003 -1.9466929338288840E-006 
5.4535555555555561E-003 -1.9694487979146931E-006 
5.5644444444444456E-003 -1.9905013324377178E-006 
5.6753333333333334E-003 -2.0098216704419804E-006 
5.7862222222222230E-003 -2.0276327025779290E-006 
5.8971111111111117E-003 -2.0442925548749049E-006 
6.0080000000000003E-003 -2.0586567518518498E-006 
6.1188888888888890E-003 -2.0720300586284974E-006 
6.2297777777777785E-003 -2.0833595899764546E-006 
6.3406666666666672E-003 -2.0932728036807795E-006 
6.4515555555555559E-003 -2.1015338539108022E-006 
6.5624444444444454E-003 -2.1080247579478713E-006 
6.6733333333333332E-003 -2.1129568238774204E-006 
6.7842222222222227E-003 -2.1162287202630619E-006 
6.8951111111111123E-003 -2.1178450388565980E-006 
7.0060000000000001E-003 -2.1178635755641847E-006 
7.1168888888888896E-003 -2.1161781075732906E-006 
7.2277777777777783E-003 -2.1128818460656143E-006 
7.3386666666666669E-003 -2.1078976438501439E-006 
7.4495555555555565E-003 -2.1014361179293073E-006 
7.5604444444444452E-003 -2.0927316448718801E-006 
7.6713333333333338E-003 -2.0834665791225750E-006 
7.7822222222222225E-003 -2.0723621309919521E-006 
7.8931111111111112E-003 -2.0583995441246143E-006 
8.0040000000000007E-003 -2.0446637826557981E-006 
8.1148888888888902E-003 -2.0280612800376289E-006 
8.2257777777777780E-003 -2.0099867085277383E-006 
8.3366666666666676E-003 -1.9905769219709031E-006 
8.4475555555555554E-003 -1.9691165040245657E-006 
8.5584444444444449E-003 -1.9457956731979393E-006 
8.6693333333333327E-003 -1.9202939460829431E-006 
8.7802222222222222E-003 -1.8927357961851668E-006 
8.8911111111111118E-003 -1.8632259242646176E-006 
9.0019999999999996E-003 -1.8313844620530981E-006 
9.1128888888888891E-003 -1.7978236988073356E-006 
9.2237777777777787E-003 -1.7624546757064531E-006 
9.3346666666666665E-003 -1.7253617098812634E-006 
9.4455555555555560E-003 -1.6871108784328497E-006 
9.5564444444444455E-003 -1.6483738527936684E-006 
9.6673333333333333E-003 -1.6080789419539927E-006 
9.7782222222222229E-003 -1.5680417182414577E-006 
9.8891111111111124E-003 -1.5295478903713143E-006 
1.0000000000000000E-002 -1.4866664586620276E-006 
1.0110888888888890E-002 -1.4507185885208944E-006 
1.0221777777777779E-002 -1.4075179054010020E-006 
1.0332666666666669E-002 -1.3697057436074067E-006 
1.0443555555555557E-002 -1.3318781127671401E-006 
1.0554444444444444E-002 -1.2936161918199232E-006 
1.0665333333333334E-002 -1.2538095149198017E-006 
1.0776222222222223E-002 -1.2151242187329404E-006 
1.0887111111111111E-002 -1.1844823888519264E-006 
1.0998000000000001E-002 -1.1429282237740184E-006 
1.1108888888888890E-002 -1.1178753462829374E-006 
1.1219777777777778E-002 -1.0875519772028855E-006 
1.1330666666666668E-002 -1.0608188725811317E-006 
1.1441555555555556E-002 -1.0393274412370901E-006 
1.1552444444444445E-002 -1.0124782124238538E-006 
1.1663333333333335E-002 -1.0031535032708854E-006 
1.1774222222222224E-002 -9.9639258265706240E-007 
1.1885111111111110E-002 -9.7258071975977675E-007 
1.1996000000000000E-002 -9.9241295959652837E-007 
1.2106888888888889E-002 -9.6320185938839872E-007 
1.2217777777777779E-002 -9.7793792384618741E-007 
1.2328666666666668E-002 -9.7398573488564223E-007 
1.2439555555555558E-002 -9.6591378597555989E-007 
1.2550444444444444E-002 -9.7831406562017900E-007 
1.2661333333333333E-002 -9.7552663035691200E-007 
1.2772222222222223E-002 -9.7417440766046774E-007 
1.2883111111111113E-002 -9.7886480934745926E-007 
1.2994000000000002E-002 -9.6768042282217591E-007 
1.3104888888888890E-002 -9.7367192229735207E-007 
1.3215777777777778E-002 -9.6162383439075164E-007 
1.3326666666666667E-002 -9.5744407044599601E-007 
1.3437555555555557E-002 -9.5441238073218834E-007 
1.3548444444444446E-002 -9.4325005141734553E-007 
1.3659333333333334E-002 -9.3415960745835473E-007 
1.3770222222222224E-002 -9.2279998641061281E-007 
1.3881111111111111E-002 -9.1491136432728565E-007 
1.3992000000000001E-002 -9.0101308120789730E-007 
1.4102888888888889E-002 -8.9256234708631481E-007 
1.4213777777777778E-002 -8.8048666598607149E-007 
1.4324666666666668E-002 -8.6881799416102435E-007 
1.4435555555555557E-002 -8.5716193550730266E-007 
1.4546444444444447E-002 -8.4446597549699886E-007 
1.4657333333333333E-002 -8.3182247949137105E-007 
1.4768222222222223E-002 -8.1878184739935719E-007 
1.4879111111111112E-002 -8.0575671291030141E-007 
1.4990000000000002E-002 -7.9211057810980517E-007 
1.5100888888888891E-002 -7.7863463035504507E-007 
1.5211777777777781E-002 -7.6462413738597984E-007 
1.5322666666666667E-002 -7.5049855296265283E-007 
1.5433555555555556E-002 -7.3617964941738588E-007 
1.5544444444444446E-002 -7.2154000249633404E-007 
1.5655333333333334E-002 -7.0669479793243157E-007 
1.5766222222222223E-002 -6.9158338106053325E-007 
1.5877111111111113E-002 -6.7640830827335665E-007 
1.5987999999999999E-002 -6.6080591869388035E-007 
1.6098888888888888E-002 -6.4526371888468725E-007 
1.6209777777777778E-002 -6.2926924394482510E-007 
1.6320666666666667E-002 -6.1321001856713476E-007 
1.6431555555555557E-002 -5.9700322054238325E-007 
1.6542444444444446E-002 -5.8049491618661308E-007 
1.6653333333333332E-002 -5.6382894282113106E-007 
1.6764222222222222E-002 -5.4691753166180121E-007 
1.6875111111111112E-002 -5.3001071462339255E-007 
1.6986000000000001E-002 -5.1269542738487283E-007 
1.7096888888888891E-002 -4.9549293258214250E-007 
1.7207777777777780E-002 -4.7786557273856070E-007 
1.7318666666666666E-002 -4.6021816956097039E-007 
1.7429555555555556E-002 -4.4248044331251264E-007 
1.7540444444444445E-002 -4.2446435761743414E-007 
1.7651333333333335E-002 -4.0634970334001413E-007 
1.7762222222222224E-002 -3.8802884631295439E-007 
1.7873111111111114E-002 -3.6975996719137194E-007 
1.7984000000000000E-002 -3.5113975595959126E-007 
1.8094888888888890E-002 -3.3264210772020142E-007 
1.8205777777777779E-002 -3.1383481048100511E-007 
1.8316666666666669E-002 -2.9497344151008593E-007 
1.8427555555555558E-002 -2.7608121990516259E-007 
1.8538444444444448E-002 -2.5701770626230524E-007 
1.8649333333333334E-002 -2.3786409011292500E-007 
1.8760222222222223E-002 -2.1860618383380313E-007 
1.8871111111111113E-002 -1.9952640856502713E-007 
1.8982000000000002E-002 -1.7988751509348410E-007 
1.9092888888888892E-002 -1.6054933021261075E-007 
1.9203777777777781E-002 -1.4154296727170276E-007 
1.9314666666666667E-002 -1.2132547005839360E-007 
1.9425555555555557E-002 -1.0129987242131862E-007 
1.9536444444444447E-002 -8.1685079372374823E-008 
1.9647333333333336E-002 -6.5769649885795210E-008 
1.9758222222222226E-002 -4.4529916775870813E-008 
1.9869111111111112E-002 -1.6857268400188130E-008 
1.9980000000000001E-002 -7.7808939838772718E-009 
