2.0000000000000002E-005 3.0007126695515143E+002 
1.3088888888888891E-004 3.0052088196927662E+002 
2.4177777777777777E-004 3.0107786392603623E+002 
3.5266666666666671E-004 3.0176705788159649E+002 
4.6355555555555560E-004 3.0261850996043023E+002 
5.7444444444444448E-004 3.0366786791332231E+002 
6.8533333333333337E-004 3.0495777982071235E+002 
7.9622222222222236E-004 3.0653810000353275E+002 
9.0711111111111114E-004 3.0846692347949130E+002 
1.0180000000000000E-003 3.1081070892337266E+002 
1.1288888888888891E-003 3.1364422232821170E+002 
1.2397777777777778E-003 3.1705092359266069E+002 
1.3506666666666667E-003 3.2112112790379956E+002 
1.4615555555555558E-003 3.2595041573895833E+002 
1.5724444444444447E-003 3.3163859875483746E+002 
1.6833333333333333E-003 3.3828466604247194E+002 
1.7942222222222224E-003 3.4598602195043259E+002 
1.9051111111111113E-003 3.5483153436234687E+002 
2.0160000000000000E-003 3.6490076239636562E+002 
2.1268888888888891E-003 3.7625908508698853E+002 
2.2377777777777782E-003 3.8895547169736892E+002 
2.3486666666666669E-003 4.0302070129071672E+002 
2.4595555555555555E-003 4.1846693791179746E+002 
2.5704444444444446E-003 4.3528781662797900E+002 
2.6813333333333333E-003 4.5346013746908199E+002 
2.7922222222222228E-003 4.7294454457446449E+002 
2.9031111111111115E-003 4.9368977634536770E+002 
3.0140000000000002E-003 5.1563320375775538E+002 
3.1248888888888893E-003 5.3870440918302666E+002 
3.2357777777777780E-003 5.6282677284006672E+002 
3.3466666666666666E-003 5.8792008959194914E+002 
3.4575555555555562E-003 6.1390227619969050E+002 
3.5684444444444448E-003 6.4068997668962606E+002 
3.6793333333333335E-003 6.6820094279609532E+002 
3.7902222222222226E-003 6.9635395085216385E+002 
3.9011111111111113E-003 7.2507014331039534E+002 
4.0119999999999999E-003 7.5427311472093891E+002 
4.1228888888888895E-003 7.8388946807257105E+002 
4.2337777777777781E-003 8.1384900220332133E+002 
4.3446666666666668E-003 8.4408485358397127E+002 
4.4555555555555564E-003 8.7453355486788735E+002 
4.5664444444444450E-003 9.0513504429826912E+002 
4.6773333333333337E-003 9.3583263623013636E+002 
4.7882222222222224E-003 9.6657299524935991E+002 
4.8991111111111110E-003 9.9730597763473622E+002 
5.0099999999999997E-003 1.0279846078364180E+003 
5.1208888888888892E-003 1.0585649336310100E+003 
5.2317777777777788E-003 1.0890059419489201E+003 
5.3426666666666666E-003 1.1192694168081555E+003 
5.4535555555555561E-003 1.1493198086272503E+003 
5.5644444444444456E-003 1.1791241964703866E+003 
5.6753333333333334E-003 1.2086520695023471E+003 
5.7862222222222230E-003 1.2378753234288165E+003 
5.8971111111111117E-003 1.2667680489029246E+003 
6.0080000000000003E-003 1.2953065067394841E+003 
6.1188888888888890E-003 1.3234689916177579E+003 
6.2297777777777785E-003 1.3512357519560633E+003 
6.3406666666666672E-003 1.3785888848807315E+003 
6.4515555555555559E-003 1.4055122284476154E+003 
6.5624444444444454E-003 1.4319913344151876E+003 
6.6733333333333332E-003 1.4580133207672579E+003 
6.7842222222222227E-003 1.4835668434572706E+003 
6.8951111111111123E-003 1.5086419663048512E+003 
7.0060000000000001E-003 1.5332301714431396E+003 
7.1168888888888896E-003 1.5573241033847353E+003 
7.2277777777777783E-003 1.5809177894258742E+003 
7.3386666666666669E-003 1.6040065408859957E+003 
7.4495555555555565E-003 1.6265853587710899E+003 
7.5604444444444452E-003 1.6486494002382026E+003 
7.6713333333333338E-003 1.6701677714390196E+003 
7.7822222222222225E-003 1.6910997203637339E+003 
7.8931111111111112E-003 1.7112761719655368E+003 
8.0040000000000007E-003 1.7303786605407347E+003 
8.1148888888888902E-003 1.7477406234145917E+003 
8.2257777777777780E-003 1.7620143132138937E+003 
8.3366666666666676E-003 1.7707871823211722E+003 
8.4475555555555554E-003 1.7706436763585803E+003 
8.5584444444444449E-003 1.7584798023461522E+003 
8.6693333333333327E-003 1.7330437896203969E+003 
8.7802222222222222E-003 1.6955227138060905E+003 
8.8911111111111118E-003 1.6487801953098542E+003 
9.0019999999999996E-003 1.5959738856263168E+003 
9.1128888888888891E-003 1.5396445093773882E+003 
9.2237777777777787E-003 1.4814919418978529E+003 
9.3346666666666665E-003 1.4225416245590366E+003 
9.4455555555555560E-003 1.3634197780266416E+003 
9.5564444444444455E-003 1.3046119404230660E+003 
9.6673333333333333E-003 1.2464484619919192E+003 
9.7782222222222229E-003 1.1890937672525122E+003 
9.8891111111111124E-003 1.1326547955845699E+003 
1.0000000000000000E-002 1.0772157431924784E+003 
1.0110888888888890E-002 1.0228673323743199E+003 
1.0221777777777779E-002 9.6970630006571560E+002 
1.0332666666666669E-002 9.1783542289868149E+002 
1.0443555555555557E-002 8.6736414232793175E+002 
1.0554444444444444E-002 8.1840860396821461E+002 
1.0665333333333334E-002 7.7109139199263836E+002 
1.0776222222222223E-002 7.2554192511348333E+002 
1.0887111111111111E-002 6.8189460666636523E+002 
1.0998000000000001E-002 6.4028845466160226E+002 
1.1108888888888890E-002 6.0086456379631500E+002 
1.1219777777777778E-002 5.6376356322544791E+002 
1.1330666666666668E-002 5.2912060485242273E+002 
1.1441555555555556E-002 4.9705815389081874E+002 
1.1552444444444445E-002 4.6768359650740740E+002 
1.1663333333333335E-002 4.4107369742084353E+002 
1.1774222222222224E-002 4.1727169522106601E+002 
1.1885111111111110E-002 3.9627269853835810E+002 
1.1996000000000000E-002 3.7802204767139403E+002 
1.2106888888888889E-002 3.6240966817623973E+002 
1.2217777777777779E-002 3.4927112868699032E+002 
1.2328666666666668E-002 3.3839714895285317E+002 
1.2439555555555558E-002 3.2954864047503168E+002 
1.2550444444444444E-002 3.2246136067504517E+002 
1.2661333333333333E-002 3.1687495354177219E+002 
1.2772222222222223E-002 3.1253542682766272E+002 
1.2883111111111113E-002 3.0921246254229146E+002 
1.2994000000000002E-002 3.0670094936678782E+002 
1.3104888888888890E-002 3.0482589861863613E+002 
1.3215777777777778E-002 3.0344256823972972E+002 
1.3326666666666667E-002 3.0243339017349439E+002 
1.3437555555555557E-002 3.0170426540909199E+002 
1.3548444444444446E-002 3.0118347972256265E+002 
1.3659333333333334E-002 3.0081457282283139E+002 
1.3770222222222224E-002 3.0055615908121172E+002 
1.3881111111111111E-002 3.0037649192986339E+002 
1.3992000000000001E-002 3.0025271500245833E+002 
1.4102888888888889E-002 3.0016831908371364E+002 
1.4213777777777778E-002 3.0011120575818074E+002 
1.4324666666666668E-002 3.0007293602245608E+002 
1.4435555555555557E-002 3.0004738822492044E+002 
1.4546444444444447E-002 3.0003060371351563E+002 
1.4657333333333333E-002 3.0001959042315383E+002 
1.4768222222222223E-002 3.0001246187662827E+002 
1.4879111111111112E-002 3.0000786272349586E+002 
1.4990000000000002E-002 3.0000491888811831E+002 
1.5100888888888891E-002 3.0000306003850147E+002 
1.5211777777777781E-002 3.0000188894911361E+002 
1.5322666666666667E-002 3.0000115976157042E+002 
1.5433555555555556E-002 3.0000070406715975E+002 
1.5544444444444446E-002 3.0000042651647192E+002 
1.5655333333333334E-002 3.0000025587441752E+002 
1.5766222222222223E-002 3.0000015290849871E+002 
1.5877111111111113E-002 3.0000009068237250E+002 
1.5987999999999999E-002 3.0000005325870717E+002 
1.6098888888888888E-002 3.0000003124210588E+002 
1.6209777777777778E-002 3.0000001815549012E+002 
1.6320666666666667E-002 3.0000001054119957E+002 
1.6431555555555557E-002 3.0000000605297259E+002 
1.6542444444444446E-002 3.0000000347965982E+002 
1.6653333333333332E-002 3.0000000195928993E+002 
1.6764222222222222E-002 3.0000000109676080E+002 
1.6875111111111112E-002 3.0000000064275980E+002 
1.6986000000000001E-002 3.0000000036206359E+002 
1.7096888888888891E-002 3.0000000020738918E+002 
1.7207777777777780E-002 3.0000000008686294E+002 
1.7318666666666666E-002 3.0000000005307896E+002 
1.7429555555555556E-002 3.0000000006364706E+002 
1.7540444444444445E-002 3.0000000003600553E+002 
1.7651333333333335E-002 2.9999999999896045E+002 
1.7762222222222224E-002 2.9999999998160058E+002 
1.7873111111111114E-002 3.0000000002015747E+002 
1.7984000000000000E-002 3.0000000001588415E+002 
1.8094888888888890E-002 3.0000000001993203E+002 
1.8205777777777779E-002 2.9999999997943934E+002 
1.8316666666666669E-002 2.9999999998551868E+002 
1.8427555555555558E-002 3.0000000003148057E+002 
1.8538444444444448E-002 3.0000000000132343E+002 
1.8649333333333334E-002 2.9999999996094698E+002 
1.8760222222222223E-002 2.9999999998534111E+002 
1.8871111111111113E-002 3.0000000004925533E+002 
1.8982000000000002E-002 3.0000000000706979E+002 
1.9092888888888892E-002 3.0000000003453329E+002 
1.9203777777777781E-002 2.9999999998347010E+002 
1.9314666666666667E-002 2.9999999989243025E+002 
1.9425555555555557E-002 2.9999999983303826E+002 
1.9536444444444447E-002 3.0000000040383185E+002 
1.9647333333333336E-002 3.0000000066725886E+002 
1.9758222222222226E-002 2.9999999968111803E+002 
1.9869111111111112E-002 2.9999999880502423E+002 
1.9980000000000001E-002 2.9999999957954321E+002 
