Var1 Var2
2e-05 0.0485343133240759
0.000130888888888889 0.0485531586573794
0.000241777777777778 0.0485100459835014
0.000352666666666667 0.0484101099903889
0.000463555555555556 0.0482584853659888
0.000574444444444444 0.0480603067982481
0.000685333333333333 0.047821128757961
0.000796222222222222 0.0475492672632287
0.000907111111111111 0.0472520327694015
0.001018 0.046938745733068
0.00112888888888889 0.0466187266108169
0.00123977777777778 0.0463012958592366
0.00135066666666667 0.0459952238728313
0.00146155555555556 0.0457103764416745
0.00157244444444444 0.0454577792216792
0.00168333333333333 0.0452413891013483
0.00179422222222222 0.0450651629691845
0.00190511111111111 0.0449330577136906
0.002016 0.04484781144471
0.00212688888888889 0.0448040000195197
0.00223777777777778 0.0447997039033402
0.00234866666666667 0.0448237188750801
0.00245955555555556 0.0448648407136478
0.00257044444444444 0.0449118651979518
0.00268133333333333 0.0449533367353759
0.00279222222222222 0.0449723960932677
0.00290311111111111 0.0449541084568855
0.003014 0.0448847104809267
0.00312488888888889 0.0447504388200886
0.00323577777777778 0.0445375301290684
0.00334666666666667 0.0442327411461681
0.00345755555555556 0.0438266908344346
0.00356844444444444 0.0433077649337294
0.00367933333333333 0.0426696261439408
0.00379022222222222 0.041905937164957
0.00390111111111111 0.0410103606966662
0.004012 0.0399770105708075
0.00412288888888889 0.0388049132592022
0.00423377777777778 0.0374903968949798
0.00434466666666667 0.0360337182091848
0.00445555555555556 0.0344351339328613
0.00456644444444445 0.0326949007970538
0.00467733333333333 0.0308135018559318
0.00478822222222222 0.028794378999118
0.00489911111111111 0.0266393449444967
0.00501 0.0243521854299935
0.00512088888888889 0.0219366861935339
0.00523177777777778 0.0193966329730434
0.00534266666666667 0.0167358913298633
0.00545355555555556 0.0139596062547364
0.00556444444444445 0.0110722353582653
0.00567533333333333 0.00807888721332229
0.00578622222222222 0.00498467039277976
0.00589711111111111 0.00179469346951008
0.006008 -0.00148592614145753
0.00611888888888889 -0.00485178572834219
0.00622977777777778 -0.00829760090584821
0.00634066666666667 -0.011818158840549
0.00645155555555556 -0.0154082466990182
0.00656244444444445 -0.0190626516478292
0.00667333333333333 -0.0227761802081654
0.00678422222222222 -0.0265438615089458
0.00689511111111111 -0.0303604923167214
0.007006 -0.0342213365704448
0.00711688888888889 -0.038121658209069
0.00722777777777778 -0.0420567211715465
0.00733866666666667 -0.046021579271938
0.00744955555555556 -0.0500112913925398
0.00756044444444445 -0.0540252112083801
0.00767133333333333 -0.0580545629183765
0.00778222222222222 -0.062090570721447
0.00789311111111111 -0.0661244588165094
0.008004 -0.0701465776737397
0.00811488888888889 -0.0741176802607511
0.00822577777777778 -0.0779712081390337
0.00833666666666667 -0.0815907275136692
0.00844755555555556 -0.0847961709238065
0.00855844444444444 -0.0874112982359937
0.00866933333333333 -0.0893269254409606
0.00878022222222222 -0.090551500087699
0.00889111111111111 -0.09118954621161
0.009002 -0.0913747362393683
0.00911288888888889 -0.0912236967032003
0.00922377777777778 -0.0908149147960739
0.00933466666666667 -0.0901994797603903
0.00944555555555556 -0.0894073004694536
0.00955644444444445 -0.0884686688556357
0.00966733333333333 -0.0873931894045675
0.00977822222222222 -0.0861904666018802
0.00988911111111111 -0.0848701049332046
0.01 -0.0834416944628735
0.0101108888888889 -0.0819038722646799
0.0102217777777778 -0.0802644385233463
0.0103326666666667 -0.0785352643719339
0.0104435555555556 -0.0767282209435041
0.0105544444444444 -0.0748551793711182
0.0106653333333333 -0.0729280107878375
0.0107762222222222 -0.0709685013544249
0.0108871111111111 -0.0689909667224701
0.010998 -0.0670210129263245
0.0111088888888889 -0.0650843095719345
0.0112197777777778 -0.0632065262652467
0.0113306666666667 -0.0614133326122075
0.0114415555555556 -0.0597393121540661
0.0115524444444444 -0.0582161366440138
0.0116633333333333 -0.0568711137564071
0.0117742222222222 -0.0557314917576536
0.0118851111111111 -0.0548245189141608
0.011996 -0.0541774434923361
0.0121068888888889 -0.0537894683487588
0.0122177777777778 -0.0536737169311179
0.0123286666666667 -0.0538161673425959
0.0124395555555556 -0.0542020418017117
0.0125504444444444 -0.0548165625269842
0.0126613333333333 -0.0556449517369324
0.0127722222222222 -0.056645536615978
0.0128831111111111 -0.057793181640145
0.012994 -0.0590647050364721
0.0131048888888889 -0.0604364644586585
0.0132157777777778 -0.0618848175604034
0.0133266666666667 -0.0633861219954061
0.0134375555555556 -0.0649310839324153
0.0135484444444444 -0.0665039616524657
0.0136593333333333 -0.06809602472482
0.0137702222222222 -0.0696990301171372
0.0138811111111111 -0.0713047347970767
0.013992 -0.0729048957322976
0.0141028888888889 -0.0745001891174789
0.0142137777777778 -0.0760860584685834
0.0143246666666667 -0.0776601273807191
0.0144355555555556 -0.0792203774104647
0.0145464444444444 -0.0807647901143986
0.0146573333333333 -0.0822913470490994
0.0147682222222222 -0.0838002025152952
0.0148791111111111 -0.0852901022039647
0.01499 -0.0867601403721447
0.0151008888888889 -0.0882095256803289
0.0152117777777778 -0.0896374667890112
0.0153226666666667 -0.0910431723586855
0.0154335555555556 -0.0924262214780257
0.0155444444444444 -0.093785915615662
0.0156553333333333 -0.0951216118887779
0.0157662222222222 -0.0964326955910556
0.0158771111111111 -0.0977185520161771
0.015988 -0.0989785664578245
0.0160988888888889 -0.100212201692282
0.0162097777777778 -0.101418846552687
0.0163206666666667 -0.102597925759563
0.0164315555555556 -0.103748876345266
0.0165424444444444 -0.104871135342156
0.0166533333333333 -0.105964139782589
0.0167642222222222 -0.107027384723422
0.0168751111111111 -0.108060301015064
0.016986 -0.109062372954757
0.0170968888888889 -0.110033098192394
0.0172077777777778 -0.110971974377866
0.0173186666666667 -0.111878499161064
0.0174295555555556 -0.112752246058868
0.0175404444444444 -0.113592705144129
0.0176513333333333 -0.1143994403415
0.0177622222222222 -0.115172032597733
0.0178731111111111 -0.115910062859583
0.017984 -0.116613112073801
0.0180948888888889 -0.117280846034598
0.0182057777777778 -0.117912844561463
0.0183166666666667 -0.118508771725679
0.0184275555555556 -0.119068312074611
0.0185384444444444 -0.119591150155628
0.0186493333333333 -0.120076970516094
0.0187602222222222 -0.120525553520083
0.0188711111111111 -0.120936634907263
0.018982 -0.121309991817988
0.0190928888888889 -0.121645427487187
0.0192037777777778 -0.121942745149794
0.0193146666666667 -0.122201748040738
0.0194255555555556 -0.122422368752321
0.0195364444444444 -0.122604374193848
0.0196473333333333 -0.122747636823165
0.0197582222222222 -0.122852084849623
0.0198691111111111 -0.122917646482571
0.01998 -0.122944249931358
