Var1 Var2
2e-10 0.0485239497408776
5.0000199e-05 0.0485303179584884
0.000100000198 0.0485226975603028
0.000150000197 0.0485012683333599
0.000200000196 0.048466234263179
0.000250000195 0.0484178235337601
0.000300000194 0.0483562885275833
0.000350000193 0.0482819058256096
0.000400000192 0.0481949762072802
0.000450000191 0.0480958246505168
0.00050000019 0.0479848003317216
0.000550000189 0.0478622766257772
0.000600000188 0.0477286511060469
0.000650000187 0.0475843455443741
0.000700000186 0.0474298465881306
0.000750000185 0.0472655999780637
0.000800000184 0.0470921219288352
0.000850000183 0.0469099681686632
0.000900000182 0.046719722599616
0.000950000181 0.0465219972976118
0.00100000018 0.0463174325124191
0.001050000179 0.0461066966676562
0.001100000178 0.0458904863607916
0.001150000177 0.0456695263631437
0.001200000176 0.045444569619881
0.001250000175 0.0452163972500221
0.001300000174 0.0449858185464357
0.001350000173 0.0447536950046239
0.001400000172 0.0445207463385964
0.001450000171 0.0442877591997944
0.00150000017 0.0440556403922377
0.001550000169 0.043825255519968
0.001600000168 0.0435974289870488
0.001650000167 0.0433729439975655
0.001700000166 0.0431525425556252
0.001750000165 0.042936925465357
0.001800000164 0.0427267523309118
0.001850000163 0.0425226415564624
0.001900000162 0.0423251703462033
0.001950000161 0.0421348747043509
0.00200000016 0.0419522491292453
0.002050000159 0.041777451629925
0.002100000158 0.0416107981255256
0.002150000157 0.0414524277015361
0.002200000156 0.0413023714979208
0.002250000155 0.0411605527091198
0.002300000154 0.0410267865840488
0.002350000153 0.0409007804260988
0.002400000152 0.0407821335931363
0.002450000151 0.0406703374975037
0.00250000015 0.0405647756060186
0.002550000149 0.0404647234399743
0.002600000148 0.0403693485751394
0.002650000147 0.0402777106417583
0.002700000146 0.0401887800843538
0.002750000145 0.0401016527611656
0.002800000144 0.0400151363716856
0.002850000143 0.0399279699895781
0.002900000142 0.0398388782268966
0.002950000141 0.039746571234085
0.00300000014 0.0396497446999767
0.003050000139 0.0395470798517952
0.003100000138 0.0394372434551537
0.003150000137 0.0393188878140551
0.003200000136 0.0391906507708926
0.003250000135 0.0390511557064488
0.003300000134 0.0388990115398964
0.003350000133 0.0387328671172244
0.003400000132 0.0385515935651611
0.003450000131 0.0383538935315175
0.00350000013 0.0381385310060448
0.003550000129 0.0379043266956837
0.003600000128 0.0376501580245649
0.003650000127 0.0373749591340084
0.003700000126 0.0370777208825243
0.003750000125 0.036757490845812
0.003800000124 0.0364133733167609
0.003850000123 0.0360445293054499
0.003900000122 0.0356501765391475
0.003950000121 0.0352295894623122
0.00400000012 0.0347820974215235
0.004050000119 0.0343071486330712
0.004100000118 0.0338041755240906
0.004150000117 0.033272726335783
0.004200000116 0.0327124039875497
0.004250000115 0.0321228660769919
0.004300000114 0.0315038248799109
0.004350000113 0.0308550473503082
0.004400000112 0.030176355120385
0.004450000111 0.0294676245005429
0.00450000011 0.0287287864793833
0.004550000109 0.0279598267237077
0.004600000108 0.0271607855785176
0.004650000107 0.0263317580670145
0.004700000106 0.025472843153121
0.004750000105 0.0245841932582818
0.004800000104 0.0236660308751206
0.004850000103 0.0227185975007934
0.004900000102 0.0217421631420922
0.004950000101 0.0207370263154452
0.0050000001 0.0197035140469165
0.005050000099 0.0186419818722062
0.005100000098 0.0175528138366504
0.005150000097 0.0164364224952212
0.005200000096 0.0152932489125267
0.005250000095 0.0141237626628108
0.005300000094 0.0129284618299539
0.005350000093 0.0117078622665401
0.005400000092 0.0104624411764676
0.005450000091 0.00919273163934019
0.00550000009 0.00789928170074894
0.005550000089 0.00658264251174124
0.005600000088 0.00524336832882067
0.005650000087 0.00388201651394711
0.005700000086 0.00249914753453657
0.005750000085 0.00109532496346129
0.005800000084 -0.000328884520950243
0.005850000083 -0.00177291113491334
0.005900000082 -0.00323618198918708
0.005950000081 -0.00471812108907432
0.00600000008 -0.00621815073051476
0.006050000079 -0.00773572558462479
0.006100000078 -0.00927028322057962
0.006150000077 -0.0108212614629681
0.006200000076 -0.0123881046473369
0.006250000075 -0.0139702636201911
0.006300000074 -0.0155671957389933
0.006350000073 -0.0171783648721644
0.006400000072 -0.0188032413990833
0.006450000071 -0.0204413022100868
0.00650000007 -0.0220920307064697
0.006550000069 -0.0237549168004849
0.006600000068 -0.0254294569153432
0.006650000067 -0.0271151539852136
0.006700000066 -0.0288115521388258
0.006750000065 -0.0305181179772959
0.006800000064 -0.0322343802489245
0.006850000063 -0.0339598953076097
0.006900000062 -0.0356942215534902
0.006950000061 -0.0374369194329455
0.00700000006 -0.0391875514385953
0.007050000059 -0.0409456821093005
0.007100000058 -0.0427108780301624
0.007150000057 -0.0444827078325227
0.007200000056 -0.0462607421939643
0.007250000055 -0.0480445538383102
0.007300000054 -0.0498337175356243
0.007350000053 -0.0516288300392247
0.007400000052 -0.0534275742043892
0.007450000051 -0.0552279176564836
0.00750000005 -0.0570308496179045
0.007550000049 -0.0588362289320039
0.007600000048 -0.0606427840630893
0.007650000047 -0.0624481130964238
0.007700000046 -0.0642486837382262
0.007750000045 -0.0660398333156709
0.007800000044 -0.0678157687768877
0.007850000043 -0.069569566690962
0.007900000042 -0.071293173247935
0.007950000041 -0.0729774042588033
0.00800000004 -0.0746119481056133
0.008050000039 -0.0761733643812581
0.008100000038 -0.0776470943383965
0.008150000037 -0.0790143849499772
0.008200000036 -0.0802600112199708
0.008250000035 -0.0813722761833695
0.008300000034 -0.0823430109061879
0.008350000033 -0.0831682695390009
0.008400000032 -0.0838497102723754
0.008450000031 -0.0843940969233619
0.00850000003 -0.0848113913401194
0.008550000029 -0.0851126454757302
0.008600000028 -0.0853100013881997
0.008650000027 -0.0854166912404566
0.008700000026 -0.0854440437889618
0.008750000025 -0.0854043927463789
0.008800000024 -0.085306394652612
0.008850000023 -0.0851565723396329
0.008900000022 -0.0849608021469217
0.008950000021 -0.0847243139214675
0.00900000002 -0.0844516910177676
0.009050000019 -0.0841468702978284
0.009100000018 -0.0838131421311646
0.009150000017 -0.0834531503947998
0.009200000016 -0.0830688924732661
0.009250000015 -0.0826617192586042
0.009300000014 -0.0822323351503637
0.009350000013 -0.0817821766428819
0.009400000012 -0.0813160381027071
0.009450000011 -0.0808332737942598
0.00950000001 -0.0803343111306367
0.009550000009 -0.0798196273187951
0.009600000008 -0.0792897493595532
0.009650000007 -0.0787452540475892
0.009700000006 -0.0781867679714424
0.009750000005 -0.0776149675135124
0.009800000004 -0.0770305788500596
0.009850000003 -0.0764343779512048
0.009900000002 -0.0758271905809295
0.009950000001 -0.0752098922970757
0.01 -0.0745834084513462
0.010049999999 -0.0739492430803806
0.010099999998 -0.0733082104925468
0.010149999997 -0.0726612123650223
0.010199999996 -0.0720091628406944
0.010249999995 -0.0713529929200262
0.010299999994 -0.070693650461057
0.010349999993 -0.070032100179402
0.010399999992 -0.0693693236482528
0.010449999991 -0.0687063192983766
0.01049999999 -0.068044102418117
0.010549999989 -0.0673837051533936
0.010599999988 -0.0667261765077019
0.010649999987 -0.0660725823421136
0.010699999986 -0.0654241494305014
0.010749999985 -0.0647820691310814
0.010799999984 -0.0641475579590206
0.010849999983 -0.0635219284457191
0.010899999982 -0.0629065300647262
0.010949999981 -0.0623027492317401
0.01099999998 -0.0617120093046079
0.011049999979 -0.0611357705833258
0.011099999978 -0.060575530310039
0.011149999977 -0.0600328226690416
0.011199999976 -0.0595092187867767
0.011249999975 -0.0590063267318365
0.011299999974 -0.058525791514962
0.011349999973 -0.0580692998883554
0.011399999972 -0.0576382462807579
0.011449999971 -0.0572341576062206
0.01149999997 -0.0568586721680038
0.011549999969 -0.0565133108045446
0.011599999968 -0.0561994768894572
0.011649999967 -0.0559184563315326
0.011699999966 -0.0556714175747386
0.011749999965 -0.0554594115982201
0.011799999964 -0.0552833719162987
0.011849999963 -0.055144114578473
0.011899999962 -0.0550423381694185
0.011949999961 -0.0549786238089876
0.01199999996 -0.0549534351522095
0.012049999959 -0.0549664788275626
0.012099999958 -0.0550180116732136
0.012149999957 -0.0551077019255161
0.012199999956 -0.0552350835808812
0.012249999955 -0.0553995570868778
0.012299999954 -0.0556003893422324
0.012349999953 -0.0558367136968293
0.012399999952 -0.0561075299517104
0.012449999951 -0.0564117043590752
0.01249999995 -0.0567479696222811
0.012549999949 -0.0571149248958429
0.012599999948 -0.0575110357854333
0.012649999947 -0.0579346343478826
0.012699999946 -0.0583843134689004
0.012749999945 -0.058858762964358
0.012799999944 -0.0593562787838326
0.012849999943 -0.0598752572069782
0.012899999942 -0.0604141425579934
0.012949999941 -0.0609714272056216
0.01299999994 -0.0615456515631509
0.013049999939 -0.0621354040884139
0.013099999938 -0.062739321283788
0.013149999937 -0.0633560876961954
0.013199999936 -0.0639844359171029
0.013249999935 -0.0646231465825219
0.013299999934 -0.0652710483730085
0.013349999933 -0.0659270734211302
0.013399999932 -0.0665903063038127
0.013449999931 -0.0672597605164934
0.01349999993 -0.0679345769017662
0.013549999929 -0.0686139478330965
0.013599999928 -0.0692971172148209
0.013649999927 -0.0699833804821469
0.013699999926 -0.0706720846011535
0.013749999925 -0.0713626280687909
0.013799999924 -0.0720544609128802
0.013849999923 -0.072747084692114
0.013899999922 -0.073440052496056
0.013949999921 -0.0741329689451411
0.01399999992 -0.0748254901906752
0.014049999919 -0.075517158001493
0.014099999918 -0.0762076774992307
0.014149999917 -0.0768967677491437
0.014199999916 -0.0775841660606755
0.014249999915 -0.0782696268637097
0.014299999914 -0.0789529217085702
0.014349999913 -0.0796338392660214
0.014399999912 -0.0803121853272675
0.014449999911 -0.0809877828039536
0.01449999991 -0.0816604717281644
0.014549999909 -0.0823301092524253
0.014599999908 -0.0829965696497017
0.014649999907 -0.0836597443133995
0.014699999906 -0.0843194956452578
0.014749999905 -0.0849756959717323
0.014799999904 -0.0856282574866151
0.014849999903 -0.086277086895819
0.014899999902 -0.0869220945455919
0.014949999901 -0.0875631944225165
0.0149999999 -0.0882003041535105
0.015049999899 -0.0888333450058262
0.015099999898 -0.0894622418870511
0.015149999897 -0.0900869233451075
0.015199999896 -0.0907073215682526
0.015249999895 -0.0913233723850783
0.015299999894 -0.0919350152645119
0.015349999893 -0.092542188272914
0.015399999892 -0.0931448203136159
0.015449999891 -0.0937428568271263
0.01549999989 -0.0943362400206094
0.015549999889 -0.0949249128121505
0.015599999888 -0.0955088188307561
0.015649999887 -0.0960879024163539
0.015699999886 -0.0966621086197926
0.015749999885 -0.097231383202842
0.015799999884 -0.0977956726381931
0.015849999883 -0.0983549241094582
0.015899999882 -0.0989090855111704
0.015949999881 -0.0994581054487842
0.01599999988 -0.100001933238675
0.016049999879 -0.100540514701419
0.016099999878 -0.101073800856764
0.016149999877 -0.10160174138443
0.016199999876 -0.102124286395439
0.016249999875 -0.102641386374586
0.016299999874 -0.103152992180444
0.016349999873 -0.103659055045362
0.016399999872 -0.104159526575463
0.016449999871 -0.10465435875065
0.01649999987 -0.105143503924599
0.016549999869 -0.105626914824763
0.016599999868 -0.106104544552372
0.016649999867 -0.106576346582432
0.016699999866 -0.107042274194929
0.016749999865 -0.107502281652621
0.016799999864 -0.107956323625417
0.016849999863 -0.108404355094936
0.016899999862 -0.108846331507548
0.016949999861 -0.109282208774383
0.01699999986 -0.109711943271324
0.017049999859 -0.11013549183901
0.017099999858 -0.110552811782837
0.017149999857 -0.110963860872954
0.017199999856 -0.111368597344268
0.017249999855 -0.11176697989644
0.017299999854 -0.112158967693887
0.017349999853 -0.112544520215809
0.017399999852 -0.112923597847291
0.017449999851 -0.113296161128706
0.01749999985 -0.113662171344952
0.017549999849 -0.114021590381615
0.017599999848 -0.114374380724964
0.017649999847 -0.114720505461949
0.017699999846 -0.11505992828021
0.017749999845 -0.115392613468067
0.017799999844 -0.115718525914525
0.017849999843 -0.116037631109274
0.017899999842 -0.116349895142687
0.017949999841 -0.116655284705824
0.01799999984 -0.116953767090425
0.018049999839 -0.117245311454692
0.018099999838 -0.117529885940109
0.018149999837 -0.117807459134433
0.018199999836 -0.118078001190586
0.018249999835 -0.118341482975514
0.018299999834 -0.118597876070191
0.018349999833 -0.118847152769614
0.018399999832 -0.119089286082807
0.018449999831 -0.119324249732818
0.01849999983 -0.11955201815672
0.018549999829 -0.119772566505613
0.018599999828 -0.11998587064462
0.018649999827 -0.120191907152892
0.018699999826 -0.120390649268801
0.018749999825 -0.120582077634464
0.018799999824 -0.120766173764027
0.018849999823 -0.120942917434723
0.018899999822 -0.121112289206793
0.018949999821 -0.121274270423488
0.01899999982 -0.121428843211068
0.019049999819 -0.121575990478802
0.019099999818 -0.12171569591897
0.019149999817 -0.121847944006858
0.019199999816 -0.121972720000763
0.019249999815 -0.122090009941991
0.019299999814 -0.122199800654857
0.019349999813 -0.12230207218
0.019399999812 -0.12239687485065
0.019449999811 -0.122484163885181
0.01949999981 -0.122563924927639
0.019549999809 -0.122636144440646
0.019599999808 -0.1227008097054
0.019649999807 -0.122757908821678
0.019699999806 -0.122807430707832
0.019749999805 -0.122849365100792
0.019799999804 -0.122883702556065
0.019849999803 -0.122910434447735
0.019899999802 -0.122929552968462
0.019949999801 -0.122941051129485
0.0199999998 -0.122944922760617
