Var1 Var2
2e-10 300.00000369461
5.0000199e-05 300.091496008471
0.000100000198 300.193096476693
0.000150000197 300.305735613139
0.000200000196 300.430508784363
0.000250000195 300.568676209615
0.000300000194 300.721662960838
0.000350000193 300.891058962668
0.000400000192 301.078618992436
0.000450000191 301.286262680166
0.00050000019 301.516074508577
0.000550000189 301.77030381308
0.000600000188 302.051364781782
0.000650000187 302.361836455481
0.000700000186 302.704606263665
0.000750000185 303.083162799283
0.000800000184 303.500855543681
0.000850000183 303.961331047796
0.000900000182 304.468591993034
0.000950000181 305.026997191265
0.00100000018 305.641261584826
0.001050000179 306.316456246517
0.001100000178 307.058008379606
0.001150000177 307.871701317826
0.001200000176 308.763674525374
0.001250000175 309.740423596916
0.001300000174 310.80880025758
0.001350000173 311.976340477491
0.001400000172 313.250522623268
0.001450000171 314.638911128252
0.00150000017 316.150325785289
0.001550000169 317.793750796312
0.001600000168 319.578334772336
0.001650000167 321.513390733462
0.001700000166 323.608396108874
0.001750000165 325.872992736842
0.001800000164 328.316986864717
0.001850000163 330.950349148938
0.001900000162 333.783214655026
0.001950000161 336.825882857586
0.00200000016 340.088794660772
0.002050000159 343.581492989419
0.002100000158 347.312641962049
0.002150000157 351.292121474147
0.002200000156 355.529181898068
0.002250000155 360.032444083038
0.002300000154 364.809899355152
0.002350000153 369.868909517374
0.002400000152 375.216206849538
0.002450000151 380.857894108349
0.00250000015 386.799444527381
0.002550000149 393.045701817078
0.002600000148 399.600880164753
0.002650000147 406.468564234589
0.002700000146 413.650722550649
0.002750000145 421.149291274767
0.002800000144 428.965248899809
0.002850000143 437.098455440821
0.002900000142 445.548090058643
0.002950000141 454.312651059905
0.00300000014 463.389955897031
0.003050000139 472.777141168236
0.003100000138 482.470662617528
0.003150000137 492.466295134706
0.003200000136 502.759132755364
0.003250000135 513.343588660884
0.003300000134 524.213395178444
0.003350000133 535.361564038267
0.003400000132 546.781592400065
0.003450000131 558.466087156603
0.00350000013 570.406681886597
0.003550000129 582.594792131056
0.003600000128 595.021615393276
0.003650000127 607.678131138842
0.003700000126 620.55510079563
0.003750000125 633.643067753802
0.003800000124 646.932357365812
0.003850000123 660.413076946402
0.003900000122 674.075115772603
0.003950000121 687.908145083736
0.00400000012 701.901630765283
0.004050000119 716.045726317345
0.004100000118 730.330426335909
0.004150000117 744.745313615955
0.004200000116 759.280129643398
0.004250000115 773.924774595086
0.004300000114 788.669307338802
0.004350000113 803.503945433265
0.004400000112 818.419065128125
0.004450000111 833.40520136397
0.00450000011 848.453047772319
0.004550000109 863.553456675627
0.004600000108 878.697439087284
0.004650000107 893.876164711613
0.004700000106 909.080602490186
0.004750000105 924.303955835445
0.004800000104 939.538234255011
0.004850000103 954.775196662261
0.004900000102 970.006915041304
0.004950000101 985.225774446978
0.0050000001 1000.42447300485
0.005050000099 1015.59602191123
0.005100000098 1030.73374543314
0.005150000097 1045.83128090834
0.005200000096 1060.88257874533
0.005250000095 1075.88190242332
0.005300000094 1090.82382849227
0.005350000093 1105.70378034721
0.005400000092 1120.51820502488
0.005450000091 1135.26228130374
0.00550000009 1149.93213450982
0.005550000089 1164.52411292215
0.005600000088 1179.03478777273
0.005650000087 1193.46095324654
0.005700000086 1207.79962648157
0.005750000085 1222.04804756878
0.005800000084 1236.20367955211
0.005850000083 1250.2642084285
0.005900000082 1264.22754314787
0.005950000081 1278.09181561312
0.00600000008 1291.85539071746
0.006050000079 1305.51662548614
0.006100000078 1319.07413435446
0.006150000077 1332.52677442721
0.006200000076 1345.8735296302
0.006250000075 1359.11351071028
0.006300000074 1372.24595523527
0.006350000073 1385.27022759404
0.006400000072 1398.18581899646
0.006450000071 1410.99234747343
0.00650000007 1423.68955787686
0.006550000069 1436.27732187966
0.006600000068 1448.75563797577
0.006650000067 1461.12463148015
0.006700000066 1473.38538673361
0.006750000065 1485.53612854094
0.006800000064 1497.57723998693
0.006850000063 1509.50973728217
0.006900000062 1521.3345050574
0.006950000061 1533.05229636342
0.00700000006 1544.66373267117
0.007050000059 1556.16930387167
0.007100000058 1567.56936827608
0.007150000057 1578.86415261562
0.007200000056 1590.05375204165
0.007250000055 1601.13813012561
0.007300000054 1612.11711885908
0.007350000053 1623.00903154071
0.007400000052 1633.77600050457
0.007450000051 1644.38193172595
0.00750000005 1654.85056553934
0.007550000049 1665.18139824254
0.007600000048 1675.34968209661
0.007650000047 1685.30642532592
0.007700000046 1694.97839211814
0.007750000045 1704.26810262422
0.007800000044 1713.0538329584
0.007850000043 1721.18961519823
0.007900000042 1728.50523738452
0.007950000041 1734.80624352141
0.00800000004 1739.87339943318
0.008050000039 1743.25532867863
0.008100000038 1744.66852777903
0.008150000037 1743.77568177521
0.008200000036 1740.32626891456
0.008250000035 1734.15656065104
0.008300000034 1725.18962164514
0.008350000033 1713.44641198313
0.008400000032 1699.05122294155
0.008450000031 1682.23211873577
0.00850000003 1663.26973660413
0.008550000029 1642.45291204738
0.008600000028 1620.07867882867
0.008650000027 1596.45226897355
0.008700000026 1571.82509861719
0.008750000025 1546.47387189028
0.008800000024 1520.58196486825
0.008850000023 1494.28391275008
0.008900000022 1467.70029135643
0.008950000021 1440.93771712965
0.00900000002 1414.0888471338
0.009050000019 1387.23237905462
0.009100000018 1360.43305119954
0.009150000017 1333.7416424977
0.009200000016 1307.19497249992
0.009250000015 1280.81590137872
0.009300000014 1254.61332992832
0.009350000013 1228.60955178355
0.009400000012 1202.88769038238
0.009450000011 1177.43359354239
0.00950000001 1152.25321000982
0.009550000009 1127.35267515013
0.009600000008 1102.73831094799
0.009650000007 1078.41662600726
0.009700000006 1054.39431555103
0.009750000005 1030.67826142159
0.009800000004 1007.27553208044
0.009850000003 984.193382608295
0.009900000002 961.439254705066
0.009950000001 939.020776689883
0.01 916.94576350108
0.010049999999 895.227609885801
0.010099999998 873.871394225493
0.010149999997 852.882514767522
0.010199999996 832.265973807432
0.010249999995 812.026479687538
0.010299999994 792.168446796927
0.010349999993 772.695995571458
0.010399999992 753.612952493765
0.010449999991 734.92285009325
0.01049999999 716.628926946092
0.010549999989 698.734127675236
0.010599999988 681.241102950405
0.010649999987 664.152209488092
0.010699999986 647.470915489379
0.010749999985 631.199990595224
0.010799999984 615.342031991713
0.010849999983 599.899986026621
0.010899999982 584.876653340094
0.010949999981 570.27468886464
0.01099999998 556.096601825134
0.011049999979 542.344755738813
0.011099999978 529.021368415284
0.011149999977 516.128511956515
0.011199999976 503.668112756842
0.011249999975 491.641951502965
0.011299999974 480.05166317395
0.011349999973 468.898313304089
0.011399999972 458.181074236576
0.011449999971 447.900236958132
0.01149999997 438.055172873335
0.011549999969 428.644346376297
0.011599999968 419.665314850661
0.011649999967 411.114728669604
0.011699999966 402.988331195834
0.011749999965 395.280958781594
0.011799999964 387.986540768656
0.011849999963 381.098099488329
0.011899999962 374.607750261451
0.011949999961 368.506701398396
0.01199999996 362.785254199067
0.012049999959 357.430963873065
0.012099999958 352.434016617787
0.012149999957 347.780900390717
0.012199999956 343.457881803117
0.012249999955 339.451026011585
0.012299999954 335.746196718045
0.012349999953 332.329056169757
0.012399999952 329.18506515931
0.012449999951 326.299483024626
0.01249999995 323.657367648958
0.012549999949 321.243575460891
0.012599999948 319.042761434341
0.012649999947 317.039379088555
0.012699999946 315.220723019285
0.012749999945 313.574133240719
0.012799999944 312.085743414644
0.012849999943 310.743101809747
0.012899999942 309.53438475085
0.012949999941 308.448396618904
0.01299999994 307.474569850995
0.013049999939 306.602964940338
0.013099999938 305.824270436283
0.013149999937 305.129802944309
0.013199999936 304.511507126031
0.013249999935 303.961955699191
0.013299999934 303.474349437668
0.013349999933 303.042579543109
0.013399999932 302.660690788876
0.013449999931 302.323353163912
0.01349999993 302.02600195842
0.013549999929 301.764396712042
0.013599999928 301.534621213865
0.013649999927 301.333083502417
0.013699999926 301.156515865665
0.013749999925 301.001974841022
0.013799999924 300.86684121534
0.013849999923 300.748820024913
0.013899999922 300.64594055548
0.013949999921 300.556556342217
0.01399999992 300.479345169745
0.014049999919 300.412118510923
0.014099999918 300.353796187276
0.014149999917 300.303329242623
0.014199999916 300.259760612612
0.014249999915 300.222215672712
0.014299999914 300.189902238212
0.014349999913 300.162110564218
0.014399999912 300.138213345659
0.014449999911 300.117665717282
0.01449999991 300.100005253653
0.014549999909 300.084851969159
0.014599999908 300.071908318007
0.014649999907 300.060959194223
0.014699999906 300.051650144366
0.014749999905 300.043654516648
0.014799999904 300.036845040557
0.014849999903 300.031063659922
0.014899999902 300.026166748317
0.014949999901 300.022025109058
0.0149999999 300.018523975207
0.015049999899 300.015563009566
0.015099999898 300.013056304685
0.015149999897 300.010932382855
0.015199999896 300.009134196113
0.015249999895 300.007619126236
0.015299999894 300.00635898475
0.015349999893 300.005321341974
0.015399999892 300.004434062849
0.015449999891 300.003688647609
0.01549999989 300.003065015041
0.015549999889 300.002544971078
0.015599999888 300.002112208801
0.015649999887 300.001752308441
0.015699999886 300.001452737375
0.015749999885 300.001202850129
0.015799999884 300.000993888375
0.015849999883 300.000818980936
0.015899999882 300.000673143782
0.015949999881 300.000553280029
0.01599999988 300.000458179943
0.016049999879 300.000376982542
0.016099999878 300.00030958749
0.016149999877 300.000253856945
0.016199999876 300.000207990797
0.016249999875 300.000170373585
0.016299999874 300.000139574505
0.016349999873 300.000114347408
0.016399999872 300.000093630796
0.016449999871 300.000076547827
0.01649999987 300.000062406314
0.016549999869 300.000050698719
0.016599999868 300.000041102165
0.016649999867 300.000033478423
0.016699999866 300.000027429025
0.016749999865 300.000022332741
0.016799999864 300.000018082368
0.016849999863 300.000014579619
0.016899999862 300.000011729862
0.016949999861 300.000009442112
0.01699999986 300.000007629036
0.017049999859 300.00000620695
0.017099999858 300.00000509582
0.017149999857 300.000004219265
0.017199999856 300.000003504549
0.017249999855 300.000002882592
0.017299999854 300.000002287959
0.017349999853 300.000001801101
0.017399999852 300.000001540707
0.017449999851 300.000001233786
0.01749999985 300.000000927335
0.017549999849 300.000000657019
0.017599999848 300.000000447167
0.017649999847 300.00000031078
0.017699999846 300.000000249524
0.017749999845 300.000000253732
0.017799999844 300.000000302406
0.017849999843 300.000000363212
0.017899999842 300.000000392488
0.017949999841 300.000000335237
0.01799999984 300.000000125128
0.018049999839 300.000000160355
0.018099999838 300.000000144275
0.018149999837 300.000000088736
0.018199999836 300.000000020961
0.018249999835 299.9999999616
0.018299999834 299.99999992474
0.018349999833 299.999999917894
0.018399999832 299.999999942012
0.018449999831 299.99999999147
0.01849999983 300.000000054081
0.018549999829 300.000000111085
0.018599999828 300.000000137157
0.018649999827 300.000000100402
0.018699999826 299.999999962474
0.018749999825 299.999999851552
0.018799999824 299.999999781824
0.018849999823 299.999999761623
0.018899999822 299.999999793771
0.018949999821 299.999999875581
0.01899999982 299.999999998857
0.019049999819 300.000000149892
0.019099999818 300.00000030947
0.019149999817 300.000000452865
0.019199999816 300.000000549842
0.019249999815 300.000000564656
0.019299999814 300.000000456051
0.019349999813 300.000000521686
0.019399999812 300.0000008024
0.019449999811 300.000000753976
0.01949999981 300.000000455117
0.019549999809 299.999999983159
0.019599999808 299.999999414066
0.019649999807 299.999998822434
0.019699999806 299.999998281486
0.019749999805 299.999997863076
0.019799999804 299.999997637689
0.019849999803 299.999997674437
0.019899999802 299.999998041064
0.019949999801 299.999998803944
0.0199999998 300.000000028078
