Var1 Var2
2e-10 0.266881731909135
5.0000199e-05 0.266845167183151
0.000100000198 0.266735739748293
0.000150000197 0.266553516413058
0.000200000196 0.266298585801757
0.000250000195 0.265971058354511
0.000300000194 0.265571066327254
0.000350000193 0.265098763791731
0.000400000192 0.264554326635501
0.000450000191 0.263937952561935
0.00050000019 0.263249861090212
0.000550000189 0.26249029355533
0.000600000188 0.261659513108092
0.000650000187 0.260757804715119
0.000700000186 0.259785607230561
0.000750000185 0.258743066843533
0.000800000184 0.257630532045018
0.000850000183 0.256448369359357
0.000900000182 0.255196965106618
0.000950000181 0.253876725402591
0.00100000018 0.252488076158796
0.001050000179 0.251031463082476
0.001100000178 0.249507351676601
0.001150000177 0.247916227239863
0.001200000176 0.246258594866685
0.001250000175 0.244534979447211
0.001300000174 0.242745925667313
0.001350000173 0.240892001744042
0.001400000172 0.238973682808472
0.001450000171 0.236991705211324
0.00150000017 0.234946688784139
0.001550000169 0.232839270121927
0.001600000168 0.230670102583159
0.001650000167 0.228439856289774
0.001700000166 0.226149218127172
0.001750000165 0.223798891744221
0.001800000164 0.221389597553254
0.001850000163 0.218922072730065
0.001900000162 0.216397071213918
0.001950000161 0.213815363707537
0.00200000016 0.21117767997243
0.002050000159 0.208485156436254
0.002100000158 0.20573833209244
0.002150000157 0.202937949633422
0.002200000156 0.200084813503979
0.002250000155 0.19717978990124
0.002300000154 0.194223806774681
0.002350000153 0.191217853826126
0.002400000152 0.188162982509747
0.002450000151 0.185060306032064
0.00250000015 0.181910999351946
0.002550000149 0.178716299180609
0.002600000148 0.175477503981616
0.002650000147 0.172195973970879
0.002700000146 0.168870828005311
0.002750000145 0.165509869502472
0.002800000144 0.16211528321139
0.002850000143 0.158688029708071
0.002900000142 0.155230485144377
0.002950000141 0.151746441248029
0.00300000014 0.148241105322606
0.003050000139 0.144721100247542
0.003100000138 0.141194464478131
0.003150000137 0.137670652045525
0.003200000136 0.134160532556732
0.003250000135 0.130676391194619
0.003300000134 0.127231928717911
0.003350000133 0.123850443930347
0.003400000132 0.120539957103015
0.003450000131 0.117307421109125
0.00350000013 0.114185844903743
0.003550000129 0.111203199651629
0.003600000128 0.108382418727237
0.003650000127 0.105741397714713
0.003700000126 0.103292994407898
0.003750000125 0.101045028810327
0.003800000124 0.0990002831352284
0.003850000123 0.0971565018055241
0.003900000122 0.0955063914538298
0.003950000121 0.0940376209224552
0.00400000012 0.0927328707530355
0.004050000119 0.0915452123571882
0.004100000118 0.0904615018304488
0.004150000117 0.0894321004662682
0.004200000116 0.0884100150295664
0.004250000115 0.0873508977567324
0.004300000114 0.0862130463556244
0.004350000113 0.0849574040055694
0.004400000112 0.0835475593573639
0.004450000111 0.0819497465332731
0.00450000011 0.0801328451270316
0.004550000109 0.0780683802038429
0.004600000108 0.0757305223003796
0.004650000107 0.0730960874247835
0.004700000106 0.0701555509083791
0.004750000105 0.0668961428017284
0.004800000104 0.0633095487896216
0.004850000103 0.0593941732127671
0.004900000102 0.0551504074777911
0.004950000101 0.0505806300572374
0.0050000001 0.0456892064895673
0.005050000099 0.0404824893791597
0.005100000098 0.0349688183963114
0.005150000097 0.0291585202772364
0.005200000096 0.0230639088240667
0.005250000095 0.0166992849048518
0.005300000094 0.0100809364535587
0.005350000093 0.00322438574553335
0.005400000092 -0.00386112334737661
0.005450000091 -0.0111577422682092
0.00550000009 -0.0186498732464
0.005550000089 -0.0263222917114203
0.005600000088 -0.0341601462927777
0.005650000087 -0.0421489588200153
0.005700000086 -0.0502746243227125
0.005750000085 -0.0585234110304846
0.005800000084 -0.0668819603729828
0.005850000083 -0.0753372869798944
0.005900000082 -0.0838767786809424
0.005950000081 -0.092488196505886
0.00600000008 -0.101159732937189
0.006050000079 -0.10987886844969
0.006100000078 -0.118627411384629
0.006150000077 -0.127364727544989
0.006200000076 -0.135984854338703
0.006250000075 -0.144316500778646
0.006300000074 -0.15212304748264
0.006350000073 -0.159119801553592
0.006400000072 -0.165066577508336
0.006450000071 -0.169870069729845
0.00650000007 -0.173530974722044
0.006550000069 -0.176091889282591
0.006600000068 -0.17763731050288
0.006650000067 -0.178293635768038
0.006700000066 -0.178180074620591
0.006750000065 -0.177422613839286
0.006800000064 -0.176148013911312
0.006850000063 -0.17445634941414
0.006900000062 -0.172435046867989
0.006950000061 -0.170158884735825
0.00700000006 -0.167689993423362
0.007050000059 -0.165077855279061
0.007100000058 -0.162359304594132
0.007150000057 -0.15955852760253
0.007200000056 -0.156687062480959
0.007250000055 -0.153743799348871
0.007300000054 -0.150714980268465
0.007350000053 -0.147621302198449
0.007400000052 -0.144576503515725
0.007450000051 -0.141551467206928
0.00750000005 -0.138578141540119
0.007550000049 -0.135688853520293
0.007600000048 -0.132916308889381
0.007650000047 -0.130293592126249
0.007700000046 -0.127854166446695
0.007750000045 -0.125631873803455
0.007800000044 -0.123660934886197
0.007850000043 -0.121975949121526
0.007900000042 -0.120611894672981
0.007950000041 -0.119604128441033
0.00800000004 -0.118988360299951
0.008050000039 -0.118746121076755
0.008100000038 -0.118921981582119
0.008150000037 -0.119502090070505
0.008200000036 -0.120469868976577
0.008250000035 -0.121806014915193
0.008300000034 -0.12348849868141
0.008350000033 -0.125492565250481
0.008400000032 -0.127790733777857
0.008450000031 -0.130352797599186
0.00850000003 -0.133145824230313
0.008550000029 -0.136134155367282
0.008600000028 -0.13927940688633
0.008650000027 -0.142540468843896
0.008700000026 -0.145910007115109
0.008750000025 -0.149374389497611
0.008800000024 -0.152907381331006
0.008850000023 -0.156495344248055
0.008900000022 -0.160126186992904
0.008950000021 -0.163789365421077
0.00900000002 -0.167475882499484
0.009050000019 -0.171178288306416
0.009100000018 -0.174890680031546
0.009150000017 -0.178608701975928
0.009200000016 -0.182329545552001
0.009250000015 -0.186051949283584
0.009300000014 -0.189776198805879
0.009350000013 -0.193501563021835
0.009400000012 -0.197221141912781
0.009450000011 -0.200936746525462
0.00950000001 -0.204647882731353
0.009550000009 -0.208354105899455
0.009600000008 -0.212055020896299
0.009650000007 -0.215750282085944
0.009700000006 -0.219439593329979
0.009750000005 -0.223122707987519
0.009800000004 -0.226799428915213
0.009850000003 -0.230469608467233
0.009900000002 -0.234133148495283
0.009950000001 -0.237790000348595
0.01 -0.241440164873931
0.010049999999 -0.245083078470886
0.010099999998 -0.248718927213127
0.010149999997 -0.25234756595072
0.010199999996 -0.255968883180642
0.010249999995 -0.259582767723672
0.010299999994 -0.263189108724397
0.010349999993 -0.266787795651209
0.010399999992 -0.270378718296307
0.010449999991 -0.273961766775695
0.01049999999 -0.277536831529183
0.010549999989 -0.281103803320388
0.010599999988 -0.284662573236731
0.010649999987 -0.288213032689441
0.010699999986 -0.291755077910087
0.010749999985 -0.295288595722591
0.010799999984 -0.298813469324747
0.010849999983 -0.30232958686832
0.010899999982 -0.305836836198669
0.010949999981 -0.309335104854745
0.01099999998 -0.31282428006909
0.011049999979 -0.31630424876784
0.011099999978 -0.319774897570721
0.011149999977 -0.323236112791055
0.011199999976 -0.326687780435751
0.011249999975 -0.330129786205314
0.011299999974 -0.33356201549384
0.011349999973 -0.33698435090675
0.011399999972 -0.340396675258816
0.011449999971 -0.343798877596692
0.01149999997 -0.347190841258793
0.011549999969 -0.350572449305253
0.011599999968 -0.353943584517924
0.011649999967 -0.357304129400379
0.011699999966 -0.360653966177911
0.011749999965 -0.36399297679753
0.011799999964 -0.367321042927967
0.011849999963 -0.370638045959674
0.011899999962 -0.373943867004821
0.011949999961 -0.377238386897295
0.01199999996 -0.380521486192708
0.012049999959 -0.383793044746423
0.012099999958 -0.387052942458478
0.012149999957 -0.390301058494895
0.012199999956 -0.393537271904662
0.012249999955 -0.396761461483228
0.012299999954 -0.399973505772505
0.012349999953 -0.403173283060866
0.012399999952 -0.406360671383151
0.012449999951 -0.409535548520657
0.01249999995 -0.412697792001148
0.012549999949 -0.415847279098849
0.012599999948 -0.418983886834446
0.012649999947 -0.42210749197509
0.012699999946 -0.425217969843751
0.012749999945 -0.428315196972269
0.012799999944 -0.431399051037977
0.012849999943 -0.43446940756
0.012899999942 -0.437526141938847
0.012949999941 -0.440569129456418
0.01299999994 -0.443598245275997
0.013049999939 -0.446613364442257
0.013099999938 -0.449614361881255
0.013149999937 -0.452601112400438
0.013199999936 -0.455573490688638
0.013249999935 -0.458531371316075
0.013299999934 -0.461474628734355
0.013349999933 -0.464403137051314
0.013399999932 -0.467316769226267
0.013449999931 -0.470215399924777
0.01349999993 -0.473098903026805
0.013549999929 -0.475967152417887
0.013599999928 -0.478820021989129
0.013649999927 -0.481657385637212
0.013699999926 -0.484479117264389
0.013749999925 -0.487285090778485
0.013799999924 -0.4900751800929
0.013849999923 -0.492849259126606
0.013899999922 -0.495607201804147
0.013949999921 -0.498348882055641
0.01399999992 -0.50107417381678
0.014049999919 -0.503782948944218
0.014099999918 -0.506475082375313
0.014149999917 -0.509150448389108
0.014199999916 -0.511808921155114
0.014249999915 -0.5144503750639
0.014299999914 -0.517074684727094
0.014349999913 -0.519681724977382
0.014399999912 -0.522271370868511
0.014449999911 -0.524843497675285
0.01449999991 -0.527397980893568
0.014549999909 -0.529934696240282
0.014599999908 -0.53245351965341
0.014649999907 -0.534954327291991
0.014699999906 -0.537436994482352
0.014749999905 -0.539901396233122
0.014799999904 -0.542347409631543
0.014849999903 -0.544774911948195
0.014899999902 -0.547183780872724
0.014949999901 -0.549573894513843
0.0149999999 -0.551945131399332
0.015049999899 -0.554297370476036
0.015099999898 -0.556630491109869
0.015149999897 -0.558944373085808
0.015199999896 -0.5612388966079
0.015249999895 -0.563513942299255
0.015299999894 -0.565769391202052
0.015349999893 -0.568005124439828
0.015399999892 -0.570221022057364
0.015449999891 -0.572416966478496
0.01549999989 -0.574592840861394
0.015549999889 -0.576748529013868
0.015599999888 -0.578883915393373
0.015649999887 -0.580998885107001
0.015699999886 -0.58309332391149
0.015749999885 -0.585167118213215
0.015799999884 -0.587220155068197
0.015849999883 -0.589252322182095
0.015899999882 -0.59126350791021
0.015949999881 -0.593253601257487
0.01599999988 -0.59522249187851
0.016049999879 -0.597170070643354
0.016099999878 -0.599096226749059
0.016149999877 -0.601000852347028
0.016199999876 -0.602883840636181
0.016249999875 -0.604745085667102
0.016299999874 -0.606584482342034
0.016349999873 -0.608401926414885
0.016399999872 -0.610197314491221
0.016449999871 -0.611970544028274
0.01649999987 -0.613721513334932
0.016549999869 -0.615450121571751
0.016599999868 -0.617156268750944
0.016649999867 -0.618839855736388
0.016699999866 -0.620500785831536
0.016749999865 -0.622138962807858
0.016799999864 -0.623754289052703
0.016849999863 -0.625346670202355
0.016899999862 -0.626916012957294
0.016949999861 -0.628462225082202
0.01699999986 -0.629985215405962
0.017049999859 -0.631484893821653
0.017099999858 -0.632961171286559
0.017149999857 -0.63441395982216
0.017199999856 -0.635843172514139
0.017249999855 -0.637248723512377
0.017299999854 -0.638630528030956
0.017349999853 -0.639988501008675
0.017399999852 -0.641322568735016
0.017449999851 -0.64263264562628
0.01749999985 -0.643918652743524
0.017549999849 -0.6451805123932
0.017599999848 -0.646418148127157
0.017649999847 -0.647631484742636
0.017699999846 -0.648820448282275
0.017749999845 -0.649984966034106
0.017799999844 -0.651124966531556
0.017849999843 -0.652240379553447
0.017899999842 -0.653331136123996
0.017949999841 -0.654397168512814
0.01799999984 -0.655438410234908
0.018049999839 -0.656454794836491
0.018099999838 -0.65744627264655
0.018149999837 -0.658412774312583
0.018199999836 -0.659354240242673
0.018249999835 -0.660270612225737
0.018299999834 -0.661161833431531
0.018349999833 -0.66202784841065
0.018399999832 -0.662868603094525
0.018449999831 -0.663684044795427
0.01849999983 -0.664474122206464
0.018549999829 -0.665238785401582
0.018599999828 -0.665977985835564
0.018649999827 -0.666691676344032
0.018699999826 -0.66737977291421
0.018749999825 -0.668042282737564
0.018799999824 -0.668679165167632
0.018849999823 -0.669290380101775
0.018899999822 -0.669875888914602
0.018949999821 -0.670435654457976
0.01899999982 -0.67096964106101
0.019049999819 -0.671477814530068
0.019099999818 -0.671960142148769
0.019149999817 -0.672416592677981
0.019199999816 -0.672847136355823
0.019249999815 -0.673251744897668
0.019299999814 -0.67363039149614
0.019349999813 -0.673983012471812
0.019399999812 -0.674309864442234
0.019449999811 -0.674610702576558
0.01949999981 -0.674885502086888
0.019549999809 -0.675134239794687
0.019599999808 -0.675356894130784
0.019649999807 -0.675553445135369
0.019699999806 -0.675723874457996
0.019749999805 -0.675868165357582
0.019799999804 -0.675986302702408
0.019849999803 -0.676078272970116
0.019899999802 -0.676144064247713
0.019949999801 -0.676183666231568
0.0199999998 -0.676197070227413
