Var1 Var2
2e-10 300.000000048326
5.0000199e-05 300.000004307526
0.000100000198 300.000004460068
0.000150000197 300.000002319631
0.000200000196 299.999999347772
0.000250000195 299.999996653917
0.000300000194 299.999994995366
0.000350000193 299.999994777295
0.000400000192 299.999996052749
0.000450000191 299.999998522649
0.00050000019 300.000001535788
0.000550000189 300.000004088832
0.000600000188 300.000004826321
0.000650000187 300.000002040667
0.000700000186 300.000007377411
0.000750000185 300.000012473905
0.000800000184 300.000012569577
0.000850000183 300.000009849444
0.000900000182 300.000006070439
0.000950000181 300.000002561407
0.00100000018 300.000000223111
0.001050000179 299.999999528226
0.001100000178 300.000000521345
0.001150000177 300.000002818972
0.001200000176 300.000005609529
0.001250000175 300.00000765335
0.001300000174 300.000007282688
0.001350000173 300.000001911803
0.001400000172 300.000001363686
0.001450000171 300.000003293002
0.00150000017 300.000006194158
0.001550000169 300.00000911553
0.001600000168 300.000011659452
0.001650000167 300.000013982223
0.001700000166 300.000016794108
0.001750000165 300.000021359329
0.001800000164 300.000029496078
0.001850000163 300.000043576505
0.001900000162 300.000066526725
0.001950000161 300.000101826817
0.00200000016 300.000164408279
0.002050000159 300.00014724613
0.002100000158 300.000461049461
0.002150000157 300.00091755416
0.002200000156 300.001428399065
0.002250000155 300.002005125963
0.002300000154 300.002759179593
0.002350000153 300.003901907642
0.002400000152 300.00574456075
0.002450000151 300.008698292505
0.00250000015 300.013274159447
0.002550000149 300.020083121063
0.002600000148 300.029836039795
0.002650000147 300.043343681032
0.002700000146 300.053131965232
0.002750000145 300.079589422334
0.002800000144 300.124670795609
0.002850000143 300.185959949979
0.002900000142 300.265546092804
0.002950000141 300.370023773875
0.00300000014 300.510492885418
0.003050000139 300.702558662093
0.003100000138 300.966331680994
0.003150000137 301.326427861652
0.003200000136 301.811968466027
0.003250000135 302.456580098517
0.003300000134 303.298394705953
0.003350000133 304.410843781494
0.003400000132 305.843230972098
0.003450000131 307.622488252944
0.00350000013 309.870664856989
0.003550000129 312.708484565183
0.003600000128 316.25534570647
0.003650000127 320.629321157788
0.003700000126 325.947158344065
0.003750000125 332.324279238226
0.003800000124 339.874780361186
0.003850000123 348.711432781855
0.003900000122 358.945682117135
0.003950000121 370.687648531922
0.00400000012 384.045992608549
0.004050000119 398.974625696224
0.004100000118 415.590852414176
0.004150000117 433.865823178595
0.004200000116 453.759623685804
0.004250000115 475.221274912249
0.004300000114 498.188733114503
0.004350000113 522.588889829268
0.004400000112 548.337571873372
0.004450000111 575.33954134377
0.00450000011 603.488495617543
0.004550000109 632.667067351902
0.004600000108 662.746824484181
0.004650000107 693.588270231846
0.004700000106 725.075163189209
0.004750000105 757.106492987621
0.004800000104 789.557235238121
0.004850000103 822.31440759556
0.004900000102 855.271921133852
0.004950000101 888.330580345984
0.0050000001 921.398083144007
0.005050000099 954.389020859043
0.005100000098 987.22487824128
0.005150000097 1019.83403345997
0.005200000096 1052.15175810345
0.005250000095 1084.1202171791
0.005300000094 1115.68846911339
0.005350000093 1146.81964874744
0.005400000092 1177.48518079605
0.005450000091 1207.64901310127
0.00550000009 1237.29453418037
0.005550000089 1266.40783009369
0.005600000088 1294.97768444462
0.005650000087 1322.99557837967
0.005700000086 1350.45569058837
0.005750000085 1377.35489730336
0.005800000084 1403.69277230032
0.005850000083 1429.47158689803
0.005900000082 1454.69630995834
0.005950000081 1479.37460788614
0.00600000008 1503.51692899289
0.006050000079 1527.08013003795
0.006100000078 1550.05698777225
0.006150000077 1571.96390511831
0.006200000076 1591.75477284348
0.006250000075 1607.82096955984
0.006300000074 1617.99136172428
0.006350000073 1619.7772881321
0.006400000072 1611.57581345462
0.006450000071 1593.31755751331
0.00650000007 1565.83320320092
0.006550000069 1530.20646031983
0.006600000068 1487.774065582
0.006650000067 1440.12578260899
0.006700000066 1388.55473090616
0.006750000065 1334.60416308478
0.006800000064 1279.40831212577
0.006850000063 1223.74346390581
0.006900000062 1168.27574939659
0.006950000061 1113.56114466476
0.00700000006 1060.04547087193
0.007050000059 1008.06439427469
0.007100000058 957.843426224622
0.007150000057 909.497923168258
0.007200000056 863.033086647114
0.007250000055 818.343963297677
0.007300000054 775.21544485141
0.007350000053 733.635585066259
0.007400000052 694.244312717267
0.007450000051 656.767069723433
0.00750000005 621.247307596924
0.007550000049 587.721262936842
0.007600000048 556.217957429222
0.007650000047 526.759197847037
0.007700000046 499.359576050192
0.007750000045 474.02646898553
0.007800000044 450.760038686828
0.007850000043 429.553232274797
0.007900000042 410.391781957086
0.007950000041 393.254205028277
0.00800000004 378.111628228159
0.008050000039 364.794718715736
0.008100000038 353.293222057418
0.008150000037 343.443052624485
0.008200000036 335.085495494707
0.008250000035 328.067206452346
0.008300000034 322.240211988154
0.008350000033 317.461909299375
0.008400000032 313.595066289745
0.008450000031 310.507821569489
0.00850000003 308.073684455326
0.008550000029 306.171534970465
0.008600000028 304.685623844606
0.008650000027 303.50557251394
0.008700000026 302.601390261372
0.008750000025 301.921889273613
0.008800000024 301.40531158562
0.008850000023 301.01958719255
0.008900000022 300.736469910477
0.008950000021 300.531537376393
0.00900000002 300.384191048206
0.009050000019 300.277656204742
0.009100000018 300.198981945746
0.009150000017 300.139041191878
0.009200000016 300.092530684717
0.009250000015 300.057970986758
0.009300000014 300.037706481413
0.009350000013 300.030752427875
0.009400000012 300.020918657086
0.009450000011 300.013913314981
0.00950000001 300.009099330255
0.009550000009 300.005921878298
0.009600000008 300.003908381196
0.009650000007 300.002668507729
0.009700000006 300.001894173371
0.009750000005 300.001359540293
0.009800000004 300.000921017361
0.009850000003 300.000517260133
0.009900000002 300.000169170864
0.009950000001 299.999979898505
0.01 300.000134838699
0.010049999999 300.000076948448
0.010099999998 300.000047174401
0.010149999997 300.000028817258
0.010199999996 300.000018493674
0.010249999995 300.000013365328
0.010299999994 300.000011138931
0.010349999993 300.000010066219
0.010399999992 300.000008943955
0.010449999991 300.000007113932
0.01049999999 300.000004462969
0.010549999989 300.000001422912
0.010599999988 299.999998970637
0.010649999987 299.999998628046
0.010699999986 299.999997353003
0.010749999985 299.999998087495
0.010799999984 299.999999116498
0.010849999983 300.000000180088
0.010899999982 300.000001081814
0.010949999981 300.000001688694
0.01099999998 300.000001931217
0.011049999979 300.00000180334
0.011099999978 300.000001362492
0.011149999977 300.000000729574
0.011199999976 300.000000088954
0.011249999975 299.999999688472
0.011299999974 299.999999839438
0.011349999973 299.999999777461
0.011399999972 299.9999997706
0.011449999971 300.000000019609
0.01149999997 300.000000381457
0.011549999969 300.000000742799
0.011599999968 300.00000101997
0.011649999967 300.000001158989
0.011699999966 300.000001135558
0.011749999965 300.000000955062
0.011799999964 300.000000652569
0.011849999963 300.000000292829
0.011899999962 299.999999970277
0.011949999961 299.99999980903
0.01199999996 299.999999962886
0.012049999959 299.999999825554
0.012099999958 300.000000088587
0.012149999957 300.000000440178
0.012199999956 300.000000774105
0.012249999955 300.0000010133
0.012299999954 300.000001109852
0.012349999953 300.000001045006
0.012399999952 300.000000829161
0.012449999951 300.000000501874
0.01249999995 300.000000131856
0.012549999949 299.999999816975
0.012599999948 299.999999684254
0.012649999947 299.99999988987
0.012699999946 300.000000016517
0.012749999945 300.000000085129
0.012799999944 300.000000251067
0.012849999943 300.000000445409
0.012899999942 300.00000061485
0.012949999941 300.000000721711
0.01299999994 300.000000743935
0.013049999939 300.000000675087
0.013099999938 300.000000524355
0.013149999937 300.000000316547
0.013199999936 300.000000092098
0.013249999935 299.99999990706
0.013299999934 299.999999833112
0.013349999933 299.999999915329
0.013399999932 300.00000008579
0.013449999931 300.000000294092
0.01349999993 300.00000049458
0.013549999929 300.000000652572
0.013599999928 300.000000744364
0.013649999927 300.000000757222
0.013699999926 300.000000689388
0.013749999925 300.00000055008
0.013799999924 300.000000359488
0.013849999923 300.000000148777
0.013899999922 299.999999960085
0.013949999921 299.999999846526
0.01399999992 299.999999872188
0.014049999919 300.000000039689
0.014099999918 300.000000180645
0.014149999917 300.000000305102
0.014199999916 300.000000403199
0.014249999915 300.000000467987
0.014299999914 300.000000495433
0.014349999913 300.000000484418
0.014399999912 300.000000436736
0.014449999911 300.000000357096
0.01449999991 300.00000025312
0.014549999909 300.000000135346
0.014599999908 300.000000017223
0.014649999907 299.999999915117
0.014699999906 300.000000058024
0.014749999905 300.000000223995
0.014799999904 300.000000313715
0.014849999903 300.000000354227
0.014899999902 300.000000366645
0.014949999901 300.000000366155
0.0149999999 300.000000362013
0.015049999899 300.000000357547
0.015099999898 300.000000350156
0.015149999897 300.000000331311
0.015199999896 300.000000286553
0.015249999895 300.000000195494
0.015299999894 300.000000031818
0.015349999893 300.000000006576
0.015399999892 300.000000206121
0.015449999891 300.00000022532
0.01549999989 300.000000156139
0.015549999889 300.000000069482
0.015599999888 300.000000015198
0.015649999887 300.000000022078
0.015699999886 300.000000097856
0.015749999885 300.000000229207
0.015799999884 300.00000038175
0.015849999883 300.000000500045
0.015899999882 300.000000507597
0.015949999881 300.000000306851
0.01599999988 299.999999779195
0.016049999879 300.000000176304
0.016099999878 300.000000223426
0.016149999877 300.000000090089
0.016199999876 299.999999906461
0.016249999875 299.999999767412
0.016299999874 299.999999732518
0.016349999873 299.999999826056
0.016399999872 300.000000037007
0.016449999871 300.000000319055
0.01649999987 300.000000590589
0.016549999869 300.000000734698
0.016599999868 300.000000599178
0.016649999867 299.999999996524
0.016699999866 300.000000002794
0.016749999865 300.000000137674
0.016799999864 299.999999993349
0.016849999863 299.999999745715
0.016899999862 299.999999527268
0.016949999861 299.9999994271
0.01699999986 299.999999490909
0.017049999859 299.999999720987
0.017099999858 300.000000076229
0.017149999857 300.000000472131
0.017199999856 300.000000780786
0.017249999855 300.000000830889
0.017299999854 300.000000407733
0.017349999853 299.999999905235
0.017399999852 300.000000115111
0.017449999851 299.999999963415
0.01749999985 299.999999654359
0.017549999849 299.999999345814
0.017599999848 299.999999149313
0.017649999847 299.999999130049
0.017699999846 299.999999306873
0.017749999845 299.9999996523
0.017799999844 300.000000092501
0.017849999843 300.000000507311
0.017899999842 300.000000730223
0.017949999841 300.00000054839
0.01799999984 299.999999702626
0.018049999839 299.999999829993
0.018099999838 299.999999671031
0.018149999837 299.999999328882
0.018199999836 299.999998960147
0.018249999835 299.999998680654
0.018299999834 299.999998565456
0.018349999833 299.999998648832
0.018399999832 299.999998924287
0.018449999831 299.999999344549
0.01849999983 299.999999821574
0.018549999829 300.000000226542
0.018599999828 300.000000389859
0.018649999827 300.000000101156
0.018699999826 299.999999671757
0.018749999825 299.999999369495
0.018799999824 299.999999068867
0.018849999823 299.99999889347
0.018899999822 299.999998921075
0.018949999821 299.999999183619
0.01899999982 299.999999667213
0.019049999819 300.000000312138
0.019099999818 300.000001012844
0.019149999817 300.000001617955
0.019199999816 300.000001930263
0.019249999815 300.000001706731
0.019299999814 300.000000658495
0.019349999813 299.999999935744
0.019399999812 300.000000002084
0.019449999811 299.999999084327
0.01949999981 299.999997489459
0.019549999809 299.999995508368
0.019599999808 299.999993415841
0.019649999807 299.999991470565
0.019699999806 299.999989915124
0.019749999805 299.999988976004
0.019799999804 299.999988863588
0.019849999803 299.99998977216
0.019899999802 299.999991879902
0.019949999801 299.999995348897
0.0199999998 300.000000325124
