Var1 Var2
0 0.0242641603223661
0.000100502512562814 0.0247745210435207
0.000201005025125628 0.0252779073047757
0.000301507537688442 0.025773868679082
0.000402010050251256 0.0262619547393911
0.00050251256281407 0.0267417150586541
0.000603015075376884 0.0272126992098222
0.000703517587939699 0.0276744567658465
0.000804020100502513 0.0281265372996783
0.000904522613065327 0.0285683789032347
0.00100502512562814 0.0289974196685814
0.00110552763819095 0.0294105543239521
0.00120603015075377 0.0298049184180142
0.00130653266331658 0.0301776474994352
0.0014070351758794 0.0305258771168828
0.00150753768844221 0.0308467428190243
0.00160804020100503 0.0311373801545273
0.00170854271356784 0.0313949246720594
0.00180904522613065 0.0316163318362839
0.00190954773869347 0.0317983642340875
0.00201005025125628 0.0319384960060831
0.0021105527638191 0.0320342467136338
0.00221105527638191 0.0320831359181028
0.00231155778894472 0.0320826831808535
0.00241206030150754 0.0320304461390611
0.00251256281407035 0.0319245425561772
0.00261306532663317 0.0317634953619691
0.00271356783919598 0.0315458344499718
0.00281407035175879 0.0312700897137202
0.00291457286432161 0.0309348251455056
0.00301507537688442 0.0305390985750476
0.00311557788944724 0.0300823392352764
0.00321608040201005 0.0295639853802424
0.00331658291457286 0.0289834752639963
0.00341708542713568 0.0283403390791638
0.00351758793969849 0.0276345382475067
0.00361809045226131 0.0268657328116257
0.00371859296482412 0.0260342615926482
0.00381909547738693 0.0251407359664075
0.00391959798994975 0.0241857673087368
0.00402010050251256 0.0231699669954693
0.00412060301507538 0.0220939464024383
0.00422110552763819 0.0209583169054769
0.00432160804020101 0.0197636898804185
0.00442211055276382 0.0185107694537383
0.00452261306532663 0.0172008349560317
0.00462311557788945 0.0158352185891485
0.00472361809045226 0.0144152331269962
0.00482412060301507 0.0129421913434823
0.00492462311557789 0.0114174060125142
0.0050251256281407 0.00984218990799945
0.00512562814070352 0.00821787875871638
0.00522613065326633 0.00654603886269839
0.00532663316582915 0.00482832474528128
0.00542713567839196 0.00306638526265381
0.00552763819095477 0.00126186927100466
0.00562814070351759 -0.000583574373477454
0.0057286432160804 -0.00246829681460384
0.00582914572864322 -0.00439063662938227
0.00592964824120603 -0.00634881792818757
0.00603015075376884 -0.00834107607318235
0.00613065326633166 -0.0103656498481356
0.00623115577889447 -0.0124207700944075
0.00633165829145729 -0.014504662995546
0.0064321608040201 -0.0166155532149051
0.00653266331658291 -0.0187516668899929
0.00663316582914573 -0.0209112344849171
0.00673366834170854 -0.0230924935023389
0.00683417085427136 -0.0252936910573669
0.00693467336683417 -0.0275130863151399
0.00703517587939699 -0.029748952791964
0.0071356783919598 -0.0319995805235651
0.00723618090452261 -0.0342632781005437
0.00733668341708543 -0.0365383745736159
0.00743718592964824 -0.0388232212105779
0.00753768844221106 -0.0411161931394292
0.00763819095477387 -0.04341569095644
0.00773869346733668 -0.0457201418325911
0.0078391959798995 -0.0480280004939257
0.00793969849246231 -0.0503377486358834
0.00804020100502513 -0.0526478910823529
0.00814070351758794 -0.0549569392436025
0.00824120603015075 -0.0572633581520498
0.00834170854271357 -0.0595654098402831
0.00844221105527638 -0.0618607194419176
0.0085427135678392 -0.0641451277736526
0.00864321608040201 -0.0664101363215905
0.00874371859296482 -0.0686371385268882
0.00884422110552764 -0.0707902416737885
0.00894472361809045 -0.0728031911380457
0.00904522613065327 -0.0745809115079758
0.00914572864321608 -0.0760116644840946
0.0092462311557789 -0.0770141672623986
0.00934673366834171 -0.0775829751727031
0.00944723618090452 -0.077757964248491
0.00954773869346734 -0.0776367634126118
0.00964824120603015 -0.0773085787305281
0.00974874371859297 -0.076841774838239
0.00984924623115578 -0.0762812938190073
0.00994974874371859 -0.0756523789407818
0.0100502512562814 -0.0749692649842572
0.0101507537688442 -0.0742398097005635
0.010251256281407 -0.0734684859976515
0.0103517587939698 -0.0726580763450064
0.0104522613065327 -0.071810458483189
0.0105527638190955 -0.0709272508744618
0.0106532663316583 -0.0700099250535817
0.0107537688442211 -0.069059979922919
0.0108542713567839 -0.0680790625444533
0.0109547738693467 -0.0670688726262233
0.0110552763819095 -0.0660313670985414
0.0111557788944724 -0.0649686676813712
0.0112562814070352 -0.0638830651441672
0.011356783919598 -0.0627771080863793
0.0114572864321608 -0.0616536186886053
0.0115577889447236 -0.0605156962640414
0.0116582914572864 -0.0593665355626357
0.0117587939698492 -0.0582098479897449
0.0118592964824121 -0.057049535183348
0.0119597989949749 -0.0558895921361755
0.0120603015075377 -0.0547347432254146
0.0121608040201005 -0.0535899464663223
0.0122613065326633 -0.0524601598741558
0.0123618090452261 -0.0513505600556874
0.0124623115577889 -0.0502670731863404
0.0125628140703518 -0.0492157013960223
0.0126633165829146 -0.0482024443629629
0.0127638190954774 -0.0472333017653915
0.0128643216080402 -0.0463142732815379
0.012964824120603 -0.045451358747653
0.0130653266331658 -0.0446517579828
0.0131658291457286 -0.043920906477787
0.0132663316582915 -0.0432622520584896
0.0133668341708543 -0.0426792425507836
0.0134673366834171 -0.0421753257805446
0.0135678391959799 -0.0417539495736486
0.0136683417085427 -0.041418517537688
0.0137688442211055 -0.0411692485712886
0.0138693467336683 -0.0410042058997765
0.0139698492462312 -0.0409217873675185
0.014070351758794 -0.0409188206317264
0.0141708542713568 -0.0409916025158315
0.0142713567839196 -0.0411354595429935
0.0143718592964824 -0.0413447678978732
0.0144723618090452 -0.0416138664816613
0.014572864321608 -0.0419370941851607
0.0146733668341709 -0.0423084322594286
0.0147738693467337 -0.042721706836988
0.0148743718592965 -0.0431709638807064
0.0149748743718593 -0.0436507194080006
0.0150753768844221 -0.0441560409438786
0.0151758793969849 -0.0446820065656974
0.0152763819095477 -0.0452238298235986
0.0153768844221106 -0.0457777542495737
0.0154773869346734 -0.0463404920752875
0.0155778894472362 -0.0469087576486211
0.015678391959799 -0.0474794328314003
0.0157788944723618 -0.0480502797476631
0.0158793969849246 -0.0486192272698328
0.0159798994974874 -0.0491842786602566
0.0160804020100503 -0.0497439148262485
0.0161809045226131 -0.0502967743292881
0.0162814070351759 -0.0508415635172246
0.0163819095477387 -0.0513773322199344
0.0164824120603015 -0.0519032360827558
0.0165829145728643 -0.052418442095567
0.0166834170854271 -0.0529223083975205
0.01678391959799 -0.0534143307368684
0.0168844221105528 -0.0538940053785315
0.0169849246231156 -0.0543608862562277
0.0170854271356784 -0.0548146444192959
0.0171859296482412 -0.0552549568901244
0.017286432160804 -0.0556815383511572
0.0173869346733668 -0.0560941572738862
0.0174874371859296 -0.0564925868099632
0.0175879396984925 -0.0568766305620741
0.0176884422110553 -0.0572461244874094
0.0177889447236181 -0.0576009061078339
0.0178894472361809 -0.057940820004534
0.0179899497487437 -0.0582657412505056
0.0180904522613065 -0.0585755516022748
0.0181909547738693 -0.0588701328655835
0.0182914572864322 -0.0591493769190225
0.018391959798995 -0.0594131924325311
0.0184924623115578 -0.0596614895311311
0.0185929648241206 -0.0598941786997902
0.0186934673366834 -0.060111180374488
0.0187939698492462 -0.060312425586509
0.018894472361809 -0.060497845841287
0.0189949748743719 -0.0606673733550051
0.0190954773869347 -0.0608209503206164
0.0191959798994975 -0.060958526234764
0.0192964824120603 -0.0610800507572655
0.0193969849246231 -0.0611854751559752
0.0194974874371859 -0.0612747611378462
0.0195979899497487 -0.061347874394247
0.0196984924623116 -0.0614047807562987
0.0197989949748744 -0.0614454520426616
0.0198994974874372 -0.0614698681177928
0.02 -0.0614780094116226
