2.0000000000000002E-005 2.9999999985623271E+002 
1.3088888888888891E-004 2.9999999849820728E+002 
2.4177777777777777E-004 2.9999999884836467E+002 
3.5266666666666671E-004 3.0000000099244397E+002 
4.6355555555555560E-004 3.0000000131763466E+002 
5.7444444444444448E-004 3.0000000098895123E+002 
6.8533333333333337E-004 2.9999999997033416E+002 
7.9622222222222236E-004 2.9999999957375599E+002 
9.0711111111111114E-004 3.0000000051883637E+002 
1.0180000000000000E-003 3.0000000072481026E+002 
1.1288888888888891E-003 3.0000000106565778E+002 
1.2397777777777778E-003 3.0000000009091525E+002 
1.3506666666666667E-003 3.0000000135488028E+002 
1.4615555555555558E-003 3.0000000507352939E+002 
1.5724444444444447E-003 3.0000001084879619E+002 
1.6833333333333333E-003 3.0000003681796227E+002 
1.7942222222222224E-003 3.0000009281213164E+002 
1.9051111111111113E-003 3.0000025340385281E+002 
2.0160000000000000E-003 3.0000061566049629E+002 
2.1268888888888891E-003 3.0000176491719998E+002 
2.2377777777777782E-003 3.0000435072725327E+002 
2.3486666666666669E-003 3.0001044686417049E+002 
2.4595555555555555E-003 3.0002513147258674E+002 
2.5704444444444446E-003 3.0005692663306877E+002 
2.6813333333333333E-003 3.0013079104438441E+002 
2.7922222222222228E-003 3.0028075928300052E+002 
2.9031111111111115E-003 3.0059175828357212E+002 
3.0140000000000002E-003 3.0120592646442134E+002 
3.1248888888888893E-003 3.0237575891325554E+002 
3.2357777777777780E-003 3.0450988661512611E+002 
3.3466666666666666E-003 3.0825197554839508E+002 
3.4575555555555562E-003 3.1450890963251283E+002 
3.5684444444444448E-003 3.2444851148541460E+002 
3.6793333333333335E-003 3.3936656167058686E+002 
3.7902222222222226E-003 3.6053283832950507E+002 
3.9011111111111113E-003 3.8878667375678276E+002 
4.0119999999999999E-003 4.2448503573805993E+002 
4.1228888888888895E-003 4.6740997106734966E+002 
4.2337777777777781E-003 5.1686391779971780E+002 
4.3446666666666668E-003 5.7190345591596872E+002 
4.4555555555555564E-003 6.3149932573958426E+002 
4.5664444444444450E-003 6.9457886158366762E+002 
4.6773333333333337E-003 7.6017767078593874E+002 
4.7882222222222224E-003 8.2741351665334287E+002 
4.8991111111111110E-003 8.9551022559599141E+002 
5.0099999999999997E-003 9.6379420932218966E+002 
5.1208888888888892E-003 1.0316882418110279E+003 
5.2317777777777788E-003 1.0987026788373817E+003 
5.3426666666666666E-003 1.1644253607263056E+003 
5.4535555555555561E-003 1.2285119825042943E+003 
5.5644444444444456E-003 1.2906835426425873E+003 
5.6753333333333334E-003 1.3507131392225817E+003 
5.7862222222222230E-003 1.4084252610411866E+003 
5.8971111111111117E-003 1.4636855498682512E+003 
6.0080000000000003E-003 1.5164030937073801E+003 
6.1188888888888890E-003 1.5665001734891846E+003 
6.2297777777777785E-003 1.6137429251964631E+003 
6.3406666666666672E-003 1.6552893196547989E+003 
6.4515555555555559E-003 1.6792620874441850E+003 
6.5624444444444454E-003 1.6673056150250359E+003 
6.6733333333333332E-003 1.6118009206083811E+003 
6.7842222222222227E-003 1.5205076007867478E+003 
6.8951111111111123E-003 1.4064376673342381E+003 
7.0060000000000001E-003 1.2814944800345525E+003 
7.1168888888888896E-003 1.1564196264784928E+003 
7.2277777777777783E-003 1.0358325209377479E+003 
7.3386666666666669E-003 9.2087719802608615E+002 
7.4495555555555565E-003 8.1263424212088228E+002 
7.5604444444444452E-003 7.1232992747672506E+002 
7.6713333333333338E-003 6.2128334549137628E+002 
7.7822222222222225E-003 5.4096908820866850E+002 
7.8931111111111112E-003 4.7264889857662706E+002 
8.0040000000000007E-003 4.1730188779409963E+002 
8.1148888888888902E-003 3.7515459410204909E+002 
8.2257777777777780E-003 3.4524730834620669E+002 
8.3366666666666676E-003 3.2558913051373406E+002 
8.4475555555555554E-003 3.1371892710796982E+002 
8.5584444444444449E-003 3.0694541044284392E+002 
8.6693333333333327E-003 3.0334326508056671E+002 
8.7802222222222222E-003 3.0154850053869120E+002 
8.8911111111111118E-003 3.0068316536333964E+002 
9.0019999999999996E-003 3.0028766936918765E+002 
9.1128888888888891E-003 3.0011574083523698E+002 
9.2237777777777787E-003 3.0004494169837710E+002 
9.3346666666666665E-003 3.0001761259218324E+002 
9.4455555555555560E-003 3.0000520447249863E+002 
9.5564444444444455E-003 3.0000209057231274E+002 
9.6673333333333333E-003 3.0000065795302680E+002 
9.7782222222222229E-003 3.0000022884631619E+002 
9.8891111111111124E-003 3.0000006896271429E+002 
1.0000000000000000E-002 3.0000002085979128E+002 
1.0110888888888890E-002 3.0000000591430182E+002 
1.0221777777777779E-002 3.0000000205255412E+002 
1.0332666666666669E-002 3.0000000082517795E+002 
1.0443555555555557E-002 2.9999999968128685E+002 
1.0554444444444444E-002 3.0000000002685829E+002 
1.0665333333333334E-002 3.0000000005654351E+002 
1.0776222222222223E-002 3.0000000006457407E+002 
1.0887111111111111E-002 3.0000000005142664E+002 
1.0998000000000001E-002 3.0000000013869743E+002 
1.1108888888888890E-002 3.0000000010241558E+002 
1.1219777777777778E-002 3.0000000016750221E+002 
1.1330666666666668E-002 3.0000000009284366E+002 
1.1441555555555556E-002 3.0000000000082429E+002 
1.1552444444444445E-002 3.0000000006515097E+002 
1.1663333333333335E-002 3.0000000010766422E+002 
1.1774222222222224E-002 3.0000000011300887E+002 
1.1885111111111110E-002 3.0000000004365722E+002 
1.1996000000000000E-002 3.0000000009261686E+002 
1.2106888888888889E-002 3.0000000008457812E+002 
1.2217777777777779E-002 3.0000000012764212E+002 
1.2328666666666668E-002 3.0000000008266505E+002 
1.2439555555555558E-002 3.0000000002811026E+002 
1.2550444444444444E-002 3.0000000006932942E+002 
1.2661333333333333E-002 3.0000000010087166E+002 
1.2772222222222223E-002 3.0000000010599615E+002 
1.2883111111111113E-002 3.0000000005196222E+002 
1.2994000000000002E-002 3.0000000007769393E+002 
1.3104888888888890E-002 3.0000000007790857E+002 
1.3215777777777778E-002 3.0000000010376880E+002 
1.3326666666666667E-002 3.0000000008075818E+002 
1.3437555555555557E-002 3.0000000004628305E+002 
1.3548444444444446E-002 3.0000000006963336E+002 
1.3659333333333334E-002 3.0000000008460836E+002 
1.3770222222222224E-002 3.0000000008866834E+002 
1.3881111111111111E-002 3.0000000006579336E+002 
1.3992000000000001E-002 3.0000000006323961E+002 
1.4102888888888889E-002 3.0000000007253146E+002 
1.4213777777777778E-002 3.0000000007689795E+002 
1.4324666666666668E-002 3.0000000007662095E+002 
1.4435555555555557E-002 3.0000000006684706E+002 
1.4546444444444447E-002 3.0000000006914235E+002 
1.4657333333333333E-002 3.0000000006455303E+002 
1.4768222222222223E-002 3.0000000006467781E+002 
1.4879111111111112E-002 3.0000000008092678E+002 
1.4990000000000002E-002 3.0000000004941592E+002 
1.5100888888888891E-002 3.0000000006726918E+002 
1.5211777777777781E-002 3.0000000004525168E+002 
1.5322666666666667E-002 3.0000000006806169E+002 
1.5433555555555556E-002 3.0000000008913230E+002 
1.5544444444444446E-002 3.0000000006645917E+002 
1.5655333333333334E-002 3.0000000004227030E+002 
1.5766222222222223E-002 3.0000000003471825E+002 
1.5877111111111113E-002 3.0000000009301380E+002 
1.5987999999999999E-002 3.0000000003684153E+002 
1.6098888888888888E-002 3.0000000006079489E+002 
1.6209777777777778E-002 3.0000000000998529E+002 
1.6320666666666667E-002 3.0000000005309045E+002 
1.6431555555555557E-002 3.0000000010796111E+002 
1.6542444444444446E-002 3.0000000005817293E+002 
1.6653333333333332E-002 3.0000000001771406E+002 
1.6764222222222222E-002 2.9999999999944419E+002 
1.6875111111111112E-002 3.0000000009628718E+002 
1.6986000000000001E-002 3.0000000002336901E+002 
1.7096888888888891E-002 3.0000000004929637E+002 
1.7207777777777780E-002 2.9999999997143294E+002 
1.7318666666666666E-002 3.0000000002792399E+002 
1.7429555555555556E-002 3.0000000011361226E+002 
1.7540444444444445E-002 3.0000000003322890E+002 
1.7651333333333335E-002 2.9999999998180317E+002 
1.7762222222222224E-002 2.9999999995527526E+002 
1.7873111111111114E-002 3.0000000008404186E+002 
1.7984000000000000E-002 3.0000000000481964E+002 
1.8094888888888890E-002 3.0000000002469625E+002 
1.8205777777777779E-002 2.9999999991641556E+002 
1.8316666666666669E-002 2.9999999996927409E+002 
1.8427555555555558E-002 3.0000000008457425E+002 
1.8538444444444448E-002 2.9999999993232541E+002 
1.8649333333333334E-002 2.9999999983713730E+002 
1.8760222222222223E-002 2.9999999984223098E+002 
1.8871111111111113E-002 3.0000000006256982E+002 
1.8982000000000002E-002 3.0000000006347381E+002 
1.9092888888888892E-002 2.9999999966102649E+002 
1.9203777777777781E-002 2.9999999949184229E+002 
1.9314666666666667E-002 2.9999999966329091E+002 
1.9425555555555557E-002 2.9999999990353325E+002 
1.9536444444444447E-002 3.0000000134522446E+002 
1.9647333333333336E-002 3.0000000077390069E+002 
1.9758222222222226E-002 2.9999999646764297E+002 
1.9869111111111112E-002 2.9999999370888168E+002 
1.9980000000000001E-002 2.9999999816801926E+002 
