2.0000000000000002E-005 1.0530981002491870E+005 
1.3088888888888891E-004 1.0531044485996271E+005 
2.4177777777777777E-004 1.0532921139180877E+005 
3.5266666666666671E-004 1.0536586199459118E+005 
4.6355555555555560E-004 1.0542014904244445E+005 
5.7444444444444448E-004 1.0549170692537344E+005 
6.8533333333333337E-004 1.0557996154585682E+005 
7.9622222222222236E-004 1.0568441577883824E+005 
9.0711111111111114E-004 1.0580442520386908E+005 
1.0180000000000000E-003 1.0593930153912924E+005 
1.1288888888888891E-003 1.0608819528482619E+005 
1.2397777777777778E-003 1.0625026943319122E+005 
1.3506666666666667E-003 1.0642453982888970E+005 
1.4615555555555558E-003 1.0661002231658694E+005 
1.5724444444444447E-003 1.0680564643209464E+005 
1.6833333333333333E-003 1.0701029609985973E+005 
1.7942222222222224E-003 1.0722280949792282E+005 
1.9051111111111113E-003 1.0744198702009713E+005 
2.0160000000000000E-003 1.0766657743318136E+005 
2.1268888888888891E-003 1.0789541953638283E+005 
2.2377777777777782E-003 1.0812717852760060E+005 
2.3486666666666669E-003 1.0836057616223104E+005 
2.4595555555555555E-003 1.0859433419567025E+005 
2.5704444444444446E-003 1.0882721225521636E+005 
2.6813333333333333E-003 1.0905762932604276E+005 
2.7922222222222228E-003 1.0928446959484462E+005 
2.9031111111111115E-003 1.0950634092651123E+005 
3.0140000000000002E-003 1.0972230306318231E+005 
3.1248888888888893E-003 1.0992986408724928E+005 
3.2357777777777780E-003 1.1012716092221541E+005 
3.3466666666666666E-003 1.1031119213731852E+005 
3.4575555555555562E-003 1.1047895630179657E+005 
3.5684444444444448E-003 1.1062424209414280E+005 
3.6793333333333335E-003 1.1074641938469058E+005 
3.7902222222222226E-003 1.1084006032410781E+005 
3.9011111111111113E-003 1.1090217147707648E+005 
4.0119999999999999E-003 1.1093221918399660E+005 
4.1228888888888895E-003 1.1092816530851266E+005 
4.2337777777777781E-003 1.1089341873413164E+005 
4.3446666666666668E-003 1.1083132949231376E+005 
4.4555555555555564E-003 1.1074524761451902E+005 
4.5664444444444450E-003 1.1063944374369420E+005 
4.6773333333333337E-003 1.1051634314513810E+005 
4.7882222222222224E-003 1.1037921553861657E+005 
4.8991111111111110E-003 1.1023085488155120E+005 
5.0099999999999997E-003 1.1007340868151566E+005 
5.1208888888888892E-003 1.0990957494323977E+005 
5.2317777777777788E-003 1.0974078662834175E+005 
5.3426666666666666E-003 1.0956838198342560E+005 
5.4535555555555561E-003 1.0939369925509569E+005 
5.5644444444444456E-003 1.0921750069665712E+005 
5.6753333333333334E-003 1.0904105754309075E+005 
5.7862222222222230E-003 1.0886492591830745E+005 
5.8971111111111117E-003 1.0868976149207956E+005 
6.0080000000000003E-003 1.0851568842185874E+005 
6.1188888888888890E-003 1.0834447788864843E+005 
6.2297777777777785E-003 1.0818385492941820E+005 
6.3406666666666672E-003 1.0810276371380499E+005 
6.4515555555555559E-003 1.0827810164075691E+005 
6.5624444444444454E-003 1.0879270035421057E+005 
6.6733333333333332E-003 1.0943675740683438E+005 
6.7842222222222227E-003 1.1002684987476212E+005 
6.8951111111111123E-003 1.1049143838252714E+005 
7.0060000000000001E-003 1.1081775288917248E+005 
7.1168888888888896E-003 1.1101851604563980E+005 
7.2277777777777783E-003 1.1119383016428912E+005 
7.3386666666666669E-003 1.1135323039549815E+005 
7.4495555555555565E-003 1.1149268369982560E+005 
7.5604444444444452E-003 1.1160850436014861E+005 
7.6713333333333338E-003 1.1169710416698728E+005 
7.7822222222222225E-003 1.1175342067255739E+005 
7.8931111111111112E-003 1.1177289343040090E+005 
8.0040000000000007E-003 1.1174884963079549E+005 
8.1148888888888902E-003 1.1168456595696052E+005 
8.2257777777777780E-003 1.1157577004449986E+005 
8.3366666666666676E-003 1.1142779079868742E+005 
8.4475555555555554E-003 1.1124595712479723E+005 
8.5584444444444449E-003 1.1103763522841886E+005 
8.6693333333333327E-003 1.1080391647197180E+005 
8.7802222222222222E-003 1.1055041825618940E+005 
8.8911111111111118E-003 1.1027899553676682E+005 
9.0019999999999996E-003 1.0999081047909801E+005 
9.1128888888888891E-003 1.0968810537583726E+005 
9.2237777777777787E-003 1.0937042325983536E+005 
9.3346666666666665E-003 1.0903802441475255E+005 
9.4455555555555560E-003 1.0869116912424908E+005 
9.5564444444444455E-003 1.0832986434534829E+005 
9.6673333333333333E-003 1.0795453811331133E+005 
9.7782222222222229E-003 1.0756541541758647E+005 
9.8891111111111124E-003 1.0716272058498283E+005 
1.0000000000000000E-002 1.0674673319068681E+005 
1.0110888888888890E-002 1.0631765596880142E+005 
1.0221777777777779E-002 1.0587573189512841E+005 
1.0332666666666669E-002 1.0542122482088575E+005 
1.0443555555555557E-002 1.0495439859729142E+005 
1.0554444444444444E-002 1.0447550871691538E+005 
1.0665333333333334E-002 1.0398485366490517E+005 
1.0776222222222223E-002 1.0348271971741065E+005 
1.0887111111111111E-002 1.0296940718308375E+005 
1.0998000000000001E-002 1.0244521637057641E+005 
1.1108888888888890E-002 1.0191047553168012E+005 
1.1219777777777778E-002 1.0136549405716659E+005 
1.1330666666666668E-002 1.0081061074075464E+005 
1.1441555555555556E-002 1.0024616294549563E+005 
1.1552444444444445E-002 9.9672496242297129E+004 
1.1663333333333335E-002 9.9089966015631406E+004 
1.1774222222222224E-002 9.8498936309147728E+004 
1.1885111111111110E-002 9.7899779968445291E+004 
1.1996000000000000E-002 9.7292869839123203E+004 
1.2106888888888889E-002 9.6678599058582346E+004 
1.2217777777777779E-002 9.6057353931676364E+004 
1.2328666666666668E-002 9.5429540399119855E+004 
1.2439555555555558E-002 9.4795564719758244E+004 
1.2550444444444444E-002 9.4155840191383584E+004 
1.2661333333333333E-002 9.3510788953917407E+004 
1.2772222222222223E-002 9.2860840092550308E+004 
1.2883111111111113E-002 9.2206430231977516E+004 
1.2994000000000002E-002 9.1547995996894417E+004 
1.3104888888888890E-002 9.0885989607287091E+004 
1.3215777777777778E-002 9.0220859099067180E+004 
1.3326666666666667E-002 8.9553066971479537E+004 
1.3437555555555557E-002 8.8883076022768320E+004 
1.3548444444444446E-002 8.8211353737065132E+004 
1.3659333333333334E-002 8.7538374490240909E+004 
1.3770222222222224E-002 8.6864617025086074E+004 
1.3881111111111111E-002 8.6190564907257416E+004 
1.3992000000000001E-002 8.5516701702411679E+004 
1.4102888888888889E-002 8.4843519629355374E+004 
1.4213777777777778E-002 8.4171509469318989E+004 
1.4324666666666668E-002 8.3501168816276462E+004 
1.4435555555555557E-002 8.2832995307511956E+004 
1.4546444444444447E-002 8.2167488130905214E+004 
1.4657333333333333E-002 8.1505149540432016E+004 
1.4768222222222223E-002 8.0846482834146649E+004 
1.4879111111111112E-002 8.0191991773555972E+004 
1.4990000000000002E-002 7.9542180120166871E+004 
1.5100888888888891E-002 7.8897551121307508E+004 
1.5211777777777781E-002 7.8258609234401898E+004 
1.5322666666666667E-002 7.7625855828589731E+004 
1.5433555555555556E-002 7.6999791704331670E+004 
1.5544444444444446E-002 7.6380915517322137E+004 
1.5655333333333334E-002 7.5769723235223762E+004 
1.5766222222222223E-002 7.5166708131184321E+004 
1.5877111111111113E-002 7.4572358038289880E+004 
1.5987999999999999E-002 7.3987160789626549E+004 
1.6098888888888888E-002 7.3411593131626767E+004 
1.6209777777777778E-002 7.2846135120534236E+004 
1.6320666666666667E-002 7.2291252593923127E+004 
1.6431555555555557E-002 7.1747409797766319E+004 
1.6542444444444446E-002 7.1215065046925403E+004 
1.6653333333333332E-002 7.0694666721147238E+004 
1.6764222222222222E-002 7.0186656986568356E+004 
1.6875111111111112E-002 6.9691465660561254E+004 
1.6986000000000001E-002 6.9209522560498473E+004 
1.7096888888888891E-002 6.8741235895204736E+004 
1.7207777777777780E-002 6.8287018336641981E+004 
1.7318666666666666E-002 6.7847257621080978E+004 
1.7429555555555556E-002 6.7422338503945633E+004 
1.7540444444444445E-002 6.7012636496071646E+004 
1.7651333333333335E-002 6.6618509608563647E+004 
1.7762222222222224E-002 6.6240306718181804E+004 
1.7873111111111114E-002 6.5878357656338907E+004 
1.7984000000000000E-002 6.5532992254447869E+004 
1.8094888888888890E-002 6.5204510086247319E+004 
1.8205777777777779E-002 6.4893215049289080E+004 
1.8316666666666669E-002 6.4599378006659812E+004 
1.8427555555555558E-002 6.4323264842870514E+004 
1.8538444444444448E-002 6.4065128858431264E+004 
1.8649333333333334E-002 6.3825203000041394E+004 
1.8760222222222223E-002 6.3603703239541319E+004 
1.8871111111111113E-002 6.3400825568826382E+004 
1.8982000000000002E-002 6.3216765979791853E+004 
1.9092888888888892E-002 6.3051688839586735E+004 
1.9203777777777781E-002 6.2905749179308244E+004 
1.9314666666666667E-002 6.2779084977443083E+004 
1.9425555555555557E-002 6.2671814621977988E+004 
1.9536444444444447E-002 6.2583923423200569E+004 
1.9647333333333336E-002 6.2515683599434400E+004 
1.9758222222222226E-002 6.2467227499108296E+004 
1.9869111111111112E-002 6.2438613944596553E+004 
1.9980000000000001E-002 6.2429901758273423E+004 
