2.0000000000000002E-005 2.7531657219520171E-009 
1.3088888888888891E-004 9.0389748283010096E-008 
2.4177777777777777E-004 1.3965016309789911E-007 
3.5266666666666671E-004 2.0029600994815091E-007 
4.6355555555555560E-004 2.7237418995821248E-007 
5.7444444444444448E-004 3.3542112947177108E-007 
6.8533333333333337E-004 3.9944262273372166E-007 
7.9622222222222236E-004 4.6119228076409114E-007 
9.0711111111111114E-004 5.2245085408252726E-007 
1.0180000000000000E-003 5.8617442721931957E-007 
1.1288888888888891E-003 6.4351870397003276E-007 
1.2397777777777778E-003 7.0584994405483818E-007 
1.3506666666666667E-003 7.6178710104507556E-007 
1.4615555555555558E-003 8.1865196628435110E-007 
1.5724444444444447E-003 8.7417364464222867E-007 
1.6833333333333333E-003 9.2915848838323668E-007 
1.7942222222222224E-003 9.8218032356822991E-007 
1.9051111111111113E-003 1.0326884159725760E-006 
2.0160000000000000E-003 1.0856197258248124E-006 
2.1268888888888891E-003 1.1279467641295834E-006 
2.2377777777777782E-003 1.1841866526402647E-006 
2.3486666666666669E-003 1.2244442801175629E-006 
2.4595555555555555E-003 1.2679490859779430E-006 
2.5704444444444446E-003 1.2836197156414002E-006 
2.6813333333333333E-003 1.3637892353257418E-006 
2.7922222222222228E-003 1.3736171322821737E-006 
2.9031111111111115E-003 1.3507119690760360E-006 
3.0140000000000002E-003 1.7188678895873382E-006 
3.1248888888888893E-003 1.2659903455177648E-006 
3.2357777777777780E-003 1.8398791567142848E-006 
3.3466666666666666E-003 1.6052101153523603E-006 
3.4575555555555562E-003 1.3529394860066036E-006 
3.5684444444444448E-003 2.2612143654931150E-006 
3.6793333333333335E-003 1.4502386186446374E-006 
3.7902222222222226E-003 1.2219689004344343E-006 
3.9011111111111113E-003 2.3767099011837086E-006 
4.0119999999999999E-003 1.6950328095245353E-006 
4.1228888888888895E-003 2.0078808856207717E-006 
4.2337777777777781E-003 2.1083446842702083E-006 
4.3446666666666668E-003 2.1125841335708056E-006 
4.4555555555555564E-003 2.2359317496926556E-006 
4.5664444444444450E-003 2.1921102657544599E-006 
4.6773333333333337E-003 2.4663897317342945E-006 
4.7882222222222224E-003 2.6458786403959646E-006 
4.8991111111111110E-003 2.4768639395268186E-006 
5.0099999999999997E-003 2.8314739633681307E-006 
5.1208888888888892E-003 2.7023103284006471E-006 
5.2317777777777788E-003 2.8846843757314882E-006 
5.3426666666666666E-003 2.8829215931399208E-006 
5.4535555555555561E-003 2.8949887677690520E-006 
5.5644444444444456E-003 2.9436043338432425E-006 
5.6753333333333334E-003 2.9940078167526743E-006 
5.7862222222222230E-003 3.0314561049927990E-006 
5.8971111111111117E-003 2.9939325061293417E-006 
6.0080000000000003E-003 3.0245795200827895E-006 
6.1188888888888890E-003 3.0041166617460174E-006 
6.2297777777777785E-003 2.9831431701771548E-006 
6.3406666666666672E-003 2.9532110634475167E-006 
6.4515555555555559E-003 2.9179663306984353E-006 
6.5624444444444454E-003 2.8674660519582546E-006 
6.6733333333333332E-003 2.8103032934414905E-006 
6.7842222222222227E-003 2.7437893414548081E-006 
6.8951111111111123E-003 2.6679181278081471E-006 
7.0060000000000001E-003 2.5836599682732151E-006 
7.1168888888888896E-003 2.4910040875973391E-006 
7.2277777777777783E-003 2.3912288609345058E-006 
7.3386666666666669E-003 2.2916168453099359E-006 
7.4495555555555565E-003 2.1737886934552872E-006 
7.5604444444444452E-003 2.0989278774902421E-006 
7.6713333333333338E-003 1.9455990500102616E-006 
7.7822222222222225E-003 1.8894495459182579E-006 
7.8931111111111112E-003 1.8834276556703096E-006 
8.0040000000000007E-003 6.9455573658088486E-007 
8.1148888888888902E-003 2.1492451467299884E-006 
8.2257777777777780E-003 9.7395943155485891E-007 
8.3366666666666676E-003 1.5231427303137313E-006 
8.4475555555555554E-003 2.0873412100085501E-006 
8.5584444444444449E-003 1.2003007966678905E-006 
8.6693333333333327E-003 1.6897942498492773E-006 
8.7802222222222222E-003 1.8632337740727361E-006 
8.8911111111111118E-003 1.1925867089493027E-006 
9.0019999999999996E-003 1.7080676511688965E-006 
9.1128888888888891E-003 1.4713576062790289E-006 
9.2237777777777787E-003 1.4756930043582362E-006 
9.3346666666666665E-003 1.5178316845915897E-006 
9.4455555555555560E-003 1.5222124977863214E-006 
9.5564444444444455E-003 1.4980040732177859E-006 
9.6673333333333333E-003 1.5035329143923506E-006 
9.7782222222222229E-003 1.4952805278030204E-006 
9.8891111111111124E-003 1.4780578422436508E-006 
1.0000000000000000E-002 1.4775265136343101E-006 
1.0110888888888890E-002 1.4721025625512550E-006 
1.0221777777777779E-002 1.4631645975918853E-006 
1.0332666666666669E-002 1.4584679095360349E-006 
1.0443555555555557E-002 1.4536235660387296E-006 
1.0554444444444444E-002 1.4444743187783173E-006 
1.0665333333333334E-002 1.4379070598570715E-006 
1.0776222222222223E-002 1.4307162384561590E-006 
1.0887111111111111E-002 1.4221385927442802E-006 
1.0998000000000001E-002 1.4152731283354741E-006 
1.1108888888888890E-002 1.4065321518034657E-006 
1.1219777777777778E-002 1.3978700616261887E-006 
1.1330666666666668E-002 1.3893794938866064E-006 
1.1441555555555556E-002 1.3807103658418017E-006 
1.1552444444444445E-002 1.3714162082134739E-006 
1.1663333333333335E-002 1.3621363121715615E-006 
1.1774222222222224E-002 1.3525925404081215E-006 
1.1885111111111110E-002 1.3426675004467467E-006 
1.1996000000000000E-002 1.3327880532254568E-006 
1.2106888888888889E-002 1.3223364026337246E-006 
1.2217777777777779E-002 1.3117849539788953E-006 
1.2328666666666668E-002 1.3009823577586499E-006 
1.2439555555555558E-002 1.2899499371818261E-006 
1.2550444444444444E-002 1.2786267153925879E-006 
1.2661333333333333E-002 1.2670797803110528E-006 
1.2772222222222223E-002 1.2553067659942188E-006 
1.2883111111111113E-002 1.2431787130874144E-006 
1.2994000000000002E-002 1.2310292602643630E-006 
1.3104888888888890E-002 1.2182875637665319E-006 
1.3215777777777778E-002 1.2055368285981727E-006 
1.3326666666666667E-002 1.1924238642160478E-006 
1.3437555555555557E-002 1.1790551474976752E-006 
1.3548444444444446E-002 1.1654682336147953E-006 
1.3659333333333334E-002 1.1516203596239172E-006 
1.3770222222222224E-002 1.1375652951313934E-006 
1.3881111111111111E-002 1.1230865263565176E-006 
1.3992000000000001E-002 1.1086678778392997E-006 
1.4102888888888889E-002 1.0935476897664709E-006 
1.4213777777777778E-002 1.0785265695012701E-006 
1.4324666666666668E-002 1.0630779174247865E-006 
1.4435555555555557E-002 1.0473482273765530E-006 
1.4546444444444447E-002 1.0314625700860056E-006 
1.4657333333333333E-002 1.0153060130463447E-006 
1.4768222222222223E-002 9.9896894059054785E-007 
1.4879111111111112E-002 9.8214601135846458E-007 
1.4990000000000002E-002 9.6545630650907253E-007 
1.5100888888888891E-002 9.4801640040597353E-007 
1.5211777777777781E-002 9.3075604368414782E-007 
1.5322666666666667E-002 9.1303713022000399E-007 
1.5433555555555556E-002 8.9501886491684502E-007 
1.5544444444444446E-002 8.7691530747037705E-007 
1.5655333333333334E-002 8.5854504892213592E-007 
1.5766222222222223E-002 8.4002872636225272E-007 
1.5877111111111113E-002 8.2100282660615725E-007 
1.5987999999999999E-002 8.0214095695309421E-007 
1.6098888888888888E-002 7.8257777554319565E-007 
1.6209777777777778E-002 7.6322444382461294E-007 
1.6320666666666667E-002 7.4342790609881238E-007 
1.6431555555555557E-002 7.2333197852130366E-007 
1.6542444444444446E-002 7.0321745308245494E-007 
1.6653333333333332E-002 6.8286182285847917E-007 
1.6764222222222222E-002 6.6239556792738335E-007 
1.6875111111111112E-002 6.4145307234499932E-007 
1.6986000000000001E-002 6.2065571671689546E-007 
1.7096888888888891E-002 5.9930527642389944E-007 
1.7207777777777780E-002 5.7813609946074685E-007 
1.7318666666666666E-002 5.5659496867259419E-007 
1.7429555555555556E-002 5.3478179378867107E-007 
1.7540444444444445E-002 5.1299495370497219E-007 
1.7651333333333335E-002 4.9102756035067001E-007 
1.7762222222222224E-002 4.6897245520010969E-007 
1.7873111111111114E-002 4.4652220526697849E-007 
1.7984000000000000E-002 4.2419106219354044E-007 
1.8094888888888890E-002 4.0149717687544261E-007 
1.8205777777777779E-002 3.7889845414676761E-007 
1.8316666666666669E-002 3.5613416225085273E-007 
1.8427555555555558E-002 3.3312761278112488E-007 
1.8538444444444448E-002 3.1014596492806672E-007 
1.8649333333333334E-002 2.8713163857495989E-007 
1.8760222222222223E-002 2.6389848712921481E-007 
1.8871111111111113E-002 2.4025410610220730E-007 
1.8982000000000002E-002 2.1696958665000236E-007 
1.9092888888888892E-002 1.9350243244540602E-007 
1.9203777777777781E-002 1.6927502618348931E-007 
1.9314666666666667E-002 1.4685718281713546E-007 
1.9425555555555557E-002 1.2372436917102547E-007 
1.9536444444444447E-002 1.0092904480155505E-007 
1.9647333333333336E-002 6.2116726014629276E-008 
1.9758222222222226E-002 4.5188609587309855E-008 
1.9869111111111112E-002 6.0193681322112836E-008 
1.9980000000000001E-002 -1.8293908728151713E-008 
