2.0000000000000002E-005 2.8445956246757863E-009 
1.3088888888888891E-004 9.0968250055359630E-008 
2.4177777777777777E-004 1.4073681920024706E-007 
3.5266666666666671E-004 2.0185276565197769E-007 
4.6355555555555560E-004 2.7441568304026064E-007 
5.7444444444444448E-004 3.3792802110024003E-007 
6.8533333333333337E-004 4.0243532384038773E-007 
7.9622222222222236E-004 4.6464654534999770E-007 
9.0711111111111114E-004 5.2633396059557512E-007 
1.0180000000000000E-003 5.9053877625249570E-007 
1.1288888888888891E-003 6.4826399544848007E-007 
1.2397777777777778E-003 7.1104891001593345E-007 
1.3506666666666667E-003 7.6734054028780924E-007 
1.4615555555555558E-003 8.2459813343650383E-007 
1.5724444444444447E-003 8.8046783181678325E-007 
1.6833333333333333E-003 9.3580720941398132E-007 
1.7942222222222224E-003 9.8923979415456099E-007 
1.9051111111111113E-003 1.0401004050292752E-006 
2.0160000000000000E-003 1.0935143589510786E-006 
2.1268888888888891E-003 1.1358141820719794E-006 
2.2377777777777782E-003 1.1923964771375487E-006 
2.3486666666666669E-003 1.2320790199409338E-006 
2.4595555555555555E-003 1.2774703281896809E-006 
2.5704444444444446E-003 1.2853782090134141E-006 
2.6813333333333333E-003 1.3757468517640284E-006 
2.7922222222222228E-003 1.3864676283149242E-006 
2.9031111111111115E-003 1.3504259232965047E-006 
3.0140000000000002E-003 1.7388746312221265E-006 
3.1248888888888893E-003 1.2650974395918013E-006 
3.2357777777777780E-003 1.8633093489163561E-006 
3.3466666666666666E-003 1.6248961670758023E-006 
3.4575555555555562E-003 1.3521971096425886E-006 
3.5684444444444448E-003 2.3333146057986001E-006 
3.6793333333333335E-003 1.4538183912859004E-006 
3.7902222222222226E-003 1.1947963859927725E-006 
3.9011111111111113E-003 2.4460159179858201E-006 
4.0119999999999999E-003 1.7535426450239620E-006 
4.1228888888888895E-003 2.0173237687207378E-006 
4.2337777777777781E-003 2.1874143822470010E-006 
4.3446666666666668E-003 2.1537213837982603E-006 
4.4555555555555564E-003 2.2576274111777903E-006 
4.5664444444444450E-003 2.2455724015181066E-006 
4.6773333333333337E-003 2.5102843127004244E-006 
4.7882222222222224E-003 2.6932129789510721E-006 
4.8991111111111110E-003 2.5369313752176644E-006 
5.0099999999999997E-003 2.8804315004734168E-006 
5.1208888888888892E-003 2.7628702004099984E-006 
5.2317777777777788E-003 2.9410775198000154E-006 
5.3426666666666666E-003 2.9427586056548891E-006 
5.4535555555555561E-003 2.9578746702078711E-006 
5.5644444444444456E-003 3.0060403642427232E-006 
5.6753333333333334E-003 3.0582016982650800E-006 
5.7862222222222230E-003 3.0967926995067261E-006 
5.8971111111111117E-003 3.0601871465375132E-006 
6.0080000000000003E-003 3.0920466245873377E-006 
6.1188888888888890E-003 3.0724781385543144E-006 
6.2297777777777785E-003 3.0533880944139565E-006 
6.3406666666666672E-003 3.0247434005802408E-006 
6.4515555555555559E-003 2.9884313405775145E-006 
6.5624444444444454E-003 2.9403872019892963E-006 
6.6733333333333332E-003 2.8845312851617354E-006 
6.7842222222222227E-003 2.8193746790612043E-006 
6.8951111111111123E-003 2.7450276066355542E-006 
7.0060000000000001E-003 2.6622097250947145E-006 
7.1168888888888896E-003 2.5708686574900301E-006 
7.2277777777777783E-003 2.4723374416972040E-006 
7.3386666666666669E-003 2.3686249694459602E-006 
7.4495555555555565E-003 2.2608695139695483E-006 
7.5604444444444452E-003 2.1509646568353722E-006 
7.6713333333333338E-003 2.0380467457506714E-006 
7.7822222222222225E-003 1.9396286387403813E-006 
7.8931111111111112E-003 1.9107467121189529E-006 
8.0040000000000007E-003 3.8924687884036894E-007 
8.1148888888888902E-003 2.4359738192983420E-006 
8.2257777777777780E-003 7.3771813595597449E-007 
8.3366666666666676E-003 1.5524722404468317E-006 
8.4475555555555554E-003 2.3155031907788489E-006 
8.5584444444444449E-003 1.1180653365154665E-006 
8.6693333333333327E-003 1.7483968080364007E-006 
8.7802222222222222E-003 1.9538571100396010E-006 
8.8911111111111118E-003 1.1166960116668611E-006 
9.0019999999999996E-003 1.7781888667865652E-006 
9.1128888888888891E-003 1.4616555691636453E-006 
9.2237777777777787E-003 1.4799057338116117E-006 
9.3346666666666665E-003 1.5301644562039281E-006 
9.4455555555555560E-003 1.5315103123057340E-006 
9.5564444444444455E-003 1.5074367759700900E-006 
9.6673333333333333E-003 1.5146430344682751E-006 
9.7782222222222229E-003 1.5060822406603253E-006 
9.8891111111111124E-003 1.4864149067094580E-006 
1.0000000000000000E-002 1.4868999190944017E-006 
1.0110888888888890E-002 1.4819409410017486E-006 
1.0221777777777779E-002 1.4723880309443321E-006 
1.0332666666666669E-002 1.4681167635830591E-006 
1.0443555555555557E-002 1.4637575520712783E-006 
1.0554444444444444E-002 1.4541430151333122E-006 
1.0665333333333334E-002 1.4477592463478480E-006 
1.0776222222222223E-002 1.4406673166675450E-006 
1.0887111111111111E-002 1.4318961255087903E-006 
1.0998000000000001E-002 1.4253001033813444E-006 
1.1108888888888890E-002 1.4164338783531037E-006 
1.1219777777777778E-002 1.4077070281897326E-006 
1.1330666666666668E-002 1.3992582545617834E-006 
1.1441555555555556E-002 1.3906389845855266E-006 
1.1552444444444445E-002 1.3812916414843545E-006 
1.1663333333333335E-002 1.3720266071520443E-006 
1.1774222222222224E-002 1.3624829725469732E-006 
1.1885111111111110E-002 1.3525229771651663E-006 
1.1996000000000000E-002 1.3426574324383813E-006 
1.2106888888888889E-002 1.3321761151073053E-006 
1.2217777777777779E-002 1.3215943375450194E-006 
1.2328666666666668E-002 1.3107741041901069E-006 
1.2439555555555558E-002 1.2997226375835050E-006 
1.2550444444444444E-002 1.2883620280844398E-006 
1.2661333333333333E-002 1.2767845253386875E-006 
1.2772222222222223E-002 1.2649759054382130E-006 
1.2883111111111113E-002 1.2528050259611285E-006 
1.2994000000000002E-002 1.2406160157162233E-006 
1.3104888888888890E-002 1.2278263711636586E-006 
1.3215777777777778E-002 1.2150239201086773E-006 
1.3326666666666667E-002 1.2018584225048564E-006 
1.3437555555555557E-002 1.1884344410822175E-006 
1.3548444444444446E-002 1.1747858869744572E-006 
1.3659333333333334E-002 1.1608743078655062E-006 
1.3770222222222224E-002 1.1467521558648337E-006 
1.3881111111111111E-002 1.1322014979078196E-006 
1.3992000000000001E-002 1.1177103523232045E-006 
1.4102888888888889E-002 1.1025099239515262E-006 
1.4213777777777778E-002 1.0874074858369832E-006 
1.4324666666666668E-002 1.0718730552227350E-006 
1.4435555555555557E-002 1.0560541465658788E-006 
1.4546444444444447E-002 1.0400755549905325E-006 
1.4657333333333333E-002 1.0238223126018435E-006 
1.4768222222222223E-002 1.0073858381389254E-006 
1.4879111111111112E-002 9.9045710805174771E-007 
1.4990000000000002E-002 9.7366310707671492E-007 
1.5100888888888891E-002 9.5610760804627797E-007 
1.5211777777777781E-002 9.3873412097148094E-007 
1.5322666666666667E-002 9.2089533001806186E-007 
1.5433555555555556E-002 9.0275295608258622E-007 
1.5544444444444446E-002 8.8452343989635987E-007 
1.5655333333333334E-002 8.6602286736960367E-007 
1.5766222222222223E-002 8.4737434314063714E-007 
1.5877111111111113E-002 8.2820761133629362E-007 
1.5987999999999999E-002 8.0920910251203862E-007 
1.6098888888888888E-002 7.8949517906371552E-007 
1.6209777777777778E-002 7.6999669790156495E-007 
1.6320666666666667E-002 7.5004671946033126E-007 
1.6431555555555557E-002 7.2979232959501164E-007 
1.6542444444444446E-002 7.0951958926938703E-007 
1.6653333333333332E-002 6.8900113143967401E-007 
1.6764222222222222E-002 6.6837114806216457E-007 
1.6875111111111112E-002 6.4725483870026607E-007 
1.6986000000000001E-002 6.2628942131898657E-007 
1.7096888888888891E-002 6.0475667881344183E-007 
1.7207777777777780E-002 5.8341232338394788E-007 
1.7318666666666666E-002 5.6168750324267689E-007 
1.7429555555555556E-002 5.3968525577355303E-007 
1.7540444444444445E-002 5.1771144724926025E-007 
1.7651333333333335E-002 4.9555278680201887E-007 
1.7762222222222224E-002 4.7330631883119140E-007 
1.7873111111111114E-002 4.5065503980683312E-007 
1.7984000000000000E-002 4.2812821758384753E-007 
1.8094888888888890E-002 4.0522767064881993E-007 
1.8205777777777779E-002 3.8242855641030977E-007 
1.8316666666666669E-002 3.5945694394134376E-007 
1.8427555555555558E-002 3.3623828926073531E-007 
1.8538444444444448E-002 3.1304743669701698E-007 
1.8649333333333334E-002 2.8982088916327987E-007 
1.8760222222222223E-002 2.6637565649100133E-007 
1.8871111111111113E-002 2.4251232955926287E-007 
1.8982000000000002E-002 2.1901197306488747E-007 
1.9092888888888892E-002 1.9532384344188139E-007 
1.9203777777777781E-002 1.7087886788723488E-007 
1.9314666666666667E-002 1.4823970473529723E-007 
1.9425555555555557E-002 1.2488250059917245E-007 
1.9536444444444447E-002 1.0186512258043502E-007 
1.9647333333333336E-002 6.2830080528801570E-008 
1.9758222222222226E-002 4.5678626229044698E-008 
1.9869111111111112E-002 6.0458627871954929E-008 
1.9980000000000001E-002 -1.8253939125351883E-008 
