2.0000000000000002E-005 2.9999999986765891E+002 
1.3088888888888891E-004 2.9999999851219962E+002 
2.4177777777777777E-004 2.9999999884136497E+002 
3.5266666666666671E-004 3.0000000099200281E+002 
4.6355555555555560E-004 3.0000000133017801E+002 
5.7444444444444448E-004 3.0000000099821978E+002 
6.8533333333333337E-004 2.9999999997588191E+002 
7.9622222222222236E-004 2.9999999957835712E+002 
9.0711111111111114E-004 3.0000000052819797E+002 
1.0180000000000000E-003 3.0000000075502220E+002 
1.1288888888888891E-003 3.0000000112996048E+002 
1.2397777777777778E-003 3.0000000016862549E+002 
1.3506666666666667E-003 3.0000000164266487E+002 
1.4615555555555558E-003 3.0000000600678089E+002 
1.5724444444444447E-003 3.0000001287508701E+002 
1.6833333333333333E-003 3.0000004425349516E+002 
1.7942222222222224E-003 3.0000011163120621E+002 
1.9051111111111113E-003 3.0000030406809185E+002 
2.0160000000000000E-003 3.0000073920472414E+002 
2.1268888888888891E-003 3.0000211120242062E+002 
2.2377777777777782E-003 3.0000519625509855E+002 
2.3486666666666669E-003 3.0001245531837372E+002 
2.4595555555555555E-003 3.0002989070959194E+002 
2.5704444444444446E-003 3.0006758900532230E+002 
2.6813333333333333E-003 3.0015473133359717E+002 
2.7922222222222228E-003 3.0033135010124698E+002 
2.9031111111111115E-003 3.0069618155869119E+002 
3.0140000000000002E-003 3.0141429616016364E+002 
3.1248888888888893E-003 3.0277446133880557E+002 
3.2357777777777780E-003 3.0524442696743898E+002 
3.3466666666666666E-003 3.0954957898458866E+002 
3.4575555555555562E-003 3.1669074418810197E+002 
3.5684444444444448E-003 3.2793239434812125E+002 
3.6793333333333335E-003 3.4463164934747459E+002 
3.7902222222222226E-003 3.6803954022634338E+002 
3.9011111111111113E-003 3.9891744913147943E+002 
4.0119999999999999E-003 4.3749242547059038E+002 
4.1228888888888895E-003 4.8341327398554654E+002 
4.2337777777777781E-003 5.3588475473406311E+002 
4.3446666666666668E-003 5.9390398843911078E+002 
4.4555555555555564E-003 6.5641224426344377E+002 
4.5664444444444450E-003 7.2233345902321969E+002 
4.6773333333333337E-003 7.9070796076752629E+002 
4.7882222222222224E-003 8.6066506907738085E+002 
4.8991111111111110E-003 9.3144026429289659E+002 
5.0099999999999997E-003 1.0023713548461465E+003 
5.1208888888888892E-003 1.0728904047871649E+003 
5.2317777777777788E-003 1.1425148797664756E+003 
5.3426666666666666E-003 1.2108371161190944E+003 
5.4535555555555561E-003 1.2775145491235414E+003 
5.5644444444444456E-003 1.3422692490928412E+003 
5.6753333333333334E-003 1.4048525502506834E+003 
5.7862222222222230E-003 1.4650868323428958E+003 
5.8971111111111117E-003 1.5227486727651258E+003 
6.0080000000000003E-003 1.5775473290802413E+003 
6.1188888888888890E-003 1.6288455897567490E+003 
6.2297777777777785E-003 1.6750302928409460E+003 
6.3406666666666672E-003 1.7121656722885944E+003 
6.4515555555555559E-003 1.7321728617026988E+003 
6.5624444444444454E-003 1.7233572203266197E+003 
6.6733333333333332E-003 1.6767235659711689E+003 
6.7842222222222227E-003 1.5940005476598769E+003 
6.8951111111111123E-003 1.4861645712592426E+003 
7.0060000000000001E-003 1.3653367733606642E+003 
7.1168888888888896E-003 1.2402615266986550E+003 
7.2277777777777783E-003 1.1162404662440747E+003 
7.3386666666666669E-003 9.9630591291097448E+002 
7.4495555555555565E-003 8.8229169514822274E+002 
7.5604444444444452E-003 7.7558536574588152E+002 
7.6713333333333338E-003 6.7752598627066448E+002 
7.7822222222222225E-003 5.8952133635891187E+002 
7.8931111111111112E-003 5.1299154518759008E+002 
8.0040000000000007E-003 4.4916506253771547E+002 
8.1148888888888902E-003 3.9876128819846713E+002 
8.2257777777777780E-003 3.6150118263623847E+002 
8.3366666666666676E-003 3.3593833584331412E+002 
8.4475555555555554E-003 3.1981890379815900E+002 
8.5584444444444449E-003 3.1030896103174462E+002 
8.6693333333333327E-003 3.0508678813496886E+002 
8.7802222222222222E-003 3.0240384170987949E+002 
8.8911111111111118E-003 3.0108359793524346E+002 
9.0019999999999996E-003 3.0046575545339215E+002 
9.1128888888888891E-003 3.0019124498935287E+002 
9.2237777777777787E-003 3.0007571029475315E+002 
9.3346666666666665E-003 3.0003003165567281E+002 
9.4455555555555560E-003 3.0000931444657795E+002 
9.5564444444444455E-003 3.0000371276157426E+002 
9.6673333333333333E-003 3.0000119396499599E+002 
9.7782222222222229E-003 3.0000041876010641E+002 
9.8891111111111124E-003 3.0000012863958926E+002 
1.0000000000000000E-002 3.0000003878804392E+002 
1.0110888888888890E-002 3.0000001104815630E+002 
1.0221777777777779E-002 3.0000000370872118E+002 
1.0332666666666669E-002 3.0000000139413908E+002 
1.0443555555555557E-002 2.9999999941496606E+002 
1.0554444444444444E-002 3.0000000009528884E+002 
1.0665333333333334E-002 3.0000000002862998E+002 
1.0776222222222223E-002 3.0000000002895376E+002 
1.0887111111111111E-002 3.0000000008842949E+002 
1.0998000000000001E-002 3.0000000013935670E+002 
1.1108888888888890E-002 3.0000000010725779E+002 
1.1219777777777778E-002 3.0000000018937084E+002 
1.1330666666666668E-002 3.0000000009647408E+002 
1.1441555555555556E-002 2.9999999998444815E+002 
1.1552444444444445E-002 3.0000000007104319E+002 
1.1663333333333335E-002 3.0000000010686210E+002 
1.1774222222222224E-002 3.0000000011249114E+002 
1.1885111111111110E-002 3.0000000004853973E+002 
1.1996000000000000E-002 3.0000000009490242E+002 
1.2106888888888889E-002 3.0000000008754557E+002 
1.2217777777777779E-002 3.0000000013356652E+002 
1.2328666666666668E-002 3.0000000008500393E+002 
1.2439555555555558E-002 3.0000000002698914E+002 
1.2550444444444444E-002 3.0000000007212407E+002 
1.2661333333333333E-002 3.0000000010350834E+002 
1.2772222222222223E-002 3.0000000010883718E+002 
1.2883111111111113E-002 3.0000000005387835E+002 
1.2994000000000002E-002 3.0000000008036176E+002 
1.3104888888888890E-002 3.0000000008045589E+002 
1.3215777777777778E-002 3.0000000010759675E+002 
1.3326666666666667E-002 3.0000000008320819E+002 
1.3437555555555557E-002 3.0000000004720778E+002 
1.3548444444444446E-002 3.0000000007200521E+002 
1.3659333333333334E-002 3.0000000008752841E+002 
1.3770222222222224E-002 3.0000000009175471E+002 
1.3881111111111111E-002 3.0000000006759262E+002 
1.3992000000000001E-002 3.0000000006579558E+002 
1.4102888888888889E-002 3.0000000007499159E+002 
1.4213777777777778E-002 3.0000000008011727E+002 
1.4324666666666668E-002 3.0000000007916157E+002 
1.4435555555555557E-002 3.0000000006844044E+002 
1.4546444444444447E-002 3.0000000007150669E+002 
1.4657333333333333E-002 3.0000000006727737E+002 
1.4768222222222223E-002 3.0000000006754902E+002 
1.4879111111111112E-002 3.0000000008309780E+002 
1.4990000000000002E-002 3.0000000005173899E+002 
1.5100888888888891E-002 3.0000000006971817E+002 
1.5211777777777781E-002 3.0000000004794742E+002 
1.5322666666666667E-002 3.0000000007065159E+002 
1.5433555555555556E-002 3.0000000009136943E+002 
1.5544444444444446E-002 3.0000000006890326E+002 
1.5655333333333334E-002 3.0000000004467751E+002 
1.5766222222222223E-002 3.0000000003717605E+002 
1.5877111111111113E-002 3.0000000009570863E+002 
1.5987999999999999E-002 3.0000000003897270E+002 
1.6098888888888888E-002 3.0000000006328997E+002 
1.6209777777777778E-002 3.0000000001206809E+002 
1.6320666666666667E-002 3.0000000005565425E+002 
1.6431555555555557E-002 3.0000000011096517E+002 
1.6542444444444446E-002 3.0000000006071923E+002 
1.6653333333333332E-002 3.0000000001978071E+002 
1.6764222222222222E-002 3.0000000000135520E+002 
1.6875111111111112E-002 3.0000000009951953E+002 
1.6986000000000001E-002 3.0000000002543408E+002 
1.7096888888888891E-002 3.0000000005188747E+002 
1.7207777777777780E-002 2.9999999997287875E+002 
1.7318666666666666E-002 3.0000000003036553E+002 
1.7429555555555556E-002 3.0000000011739877E+002 
1.7540444444444445E-002 3.0000000003584910E+002 
1.7651333333333335E-002 2.9999999998359061E+002 
1.7762222222222224E-002 2.9999999995662142E+002 
1.7873111111111114E-002 3.0000000008767699E+002 
1.7984000000000000E-002 3.0000000000697281E+002 
1.8094888888888890E-002 3.0000000002739517E+002 
1.8205777777777779E-002 2.9999999991735126E+002 
1.8316666666666669E-002 2.9999999997151633E+002 
1.8427555555555558E-002 3.0000000008894665E+002 
1.8538444444444448E-002 2.9999999993494964E+002 
1.8649333333333334E-002 2.9999999983877291E+002 
1.8760222222222223E-002 2.9999999984314985E+002 
1.8871111111111113E-002 3.0000000006635292E+002 
1.8982000000000002E-002 3.0000000006581377E+002 
1.9092888888888892E-002 2.9999999966379431E+002 
1.9203777777777781E-002 2.9999999949252401E+002 
1.9314666666666667E-002 2.9999999966530191E+002 
1.9425555555555557E-002 2.9999999990806560E+002 
1.9536444444444447E-002 3.0000000134776695E+002 
1.9647333333333336E-002 3.0000000077562930E+002 
1.9758222222222226E-002 2.9999999646843241E+002 
1.9869111111111112E-002 2.9999999371240756E+002 
1.9980000000000001E-002 2.9999999817005533E+002 
