2.0000000000000002E-005 2.6687576534834956E-001 
1.3088888888888891E-004 2.6662715973869922E-001 
2.4177777777777777E-004 2.6601436257241384E-001 
3.5266666666666671E-004 2.6503884972746761E-001 
4.6355555555555560E-004 2.6370262718842535E-001 
5.7444444444444448E-004 2.6200810363352645E-001 
6.8533333333333337E-004 2.5995778875472153E-001 
7.9622222222222236E-004 2.5755510219941524E-001 
9.0711111111111114E-004 2.5480399546667348E-001 
1.0180000000000000E-003 2.5170894754233225E-001 
1.1288888888888891E-003 2.4827491960040379E-001 
1.2397777777777778E-003 2.4450735707235524E-001 
1.3506666666666667E-003 2.4041220608843800E-001 
1.4615555555555558E-003 2.3599588055536636E-001 
1.5724444444444447E-003 2.3126525276228177E-001 
1.6833333333333333E-003 2.2622764741731310E-001 
1.7942222222222224E-003 2.2089082298989365E-001 
1.9051111111111113E-003 2.1526298035338778E-001 
2.0160000000000000E-003 2.0935274692327083E-001 
2.1268888888888891E-003 2.0316946979481784E-001 
2.2377777777777782E-003 1.9672290073474541E-001 
2.3486666666666669E-003 1.9002410821441187E-001 
2.4595555555555555E-003 1.8308642583354914E-001 
2.5704444444444446E-003 1.7592604186259284E-001 
2.6813333333333333E-003 1.6856773178576087E-001 
2.7922222222222228E-003 1.6104228755865713E-001 
2.9031111111111115E-003 1.5340418568117806E-001 
3.0140000000000002E-003 1.4573484714754867E-001 
3.1248888888888893E-003 1.3815239475564486E-001 
3.2357777777777780E-003 1.3083393856265310E-001 
3.3466666666666666E-003 1.2400920223688275E-001 
3.4575555555555562E-003 1.1793733155832306E-001 
3.5684444444444448E-003 1.1288444649503845E-001 
3.6793333333333335E-003 1.0902605450246308E-001 
3.7902222222222226E-003 1.0637274212854854E-001 
3.9011111111111113E-003 1.0473742313560332E-001 
4.0119999999999999E-003 1.0373948846659231E-001 
4.1228888888888895E-003 1.0289915003573204E-001 
4.2337777777777781E-003 1.0171639335993647E-001 
4.3446666666666668E-003 9.9753585138359399E-002 
4.4555555555555564E-003 9.6667538551659729E-002 
4.5664444444444450E-003 9.2212562397619907E-002 
4.6773333333333337E-003 8.6237548099400527E-002 
4.7882222222222224E-003 7.8673181600965772E-002 
4.8991111111111110E-003 6.9507851094244733E-002 
5.0099999999999997E-003 5.8783649528178321E-002 
5.1208888888888892E-003 4.6576788910399639E-002 
5.2317777777777788E-003 3.2991197752761540E-002 
5.3426666666666666E-003 1.8147622996786048E-002 
5.4535555555555561E-003 2.1774493326321212E-003 
5.5644444444444456E-003 -1.4779627732019957E-002 
5.6753333333333334E-003 -3.2582797628151194E-002 
5.7862222222222230E-003 -5.1091538209600315E-002 
5.8971111111111117E-003 -7.0163690683863564E-002 
6.0080000000000003E-003 -8.9654479056672565E-002 
6.1188888888888890E-003 -1.0939519769679237E-001 
6.2297777777777785E-003 -1.2913599180917490E-001 
6.3406666666666672E-003 -1.4840240245361311E-001 
6.4515555555555559E-003 -1.6625155894296800E-001 
6.5624444444444454E-003 -1.8118087758385609E-001 
6.6733333333333332E-003 -1.9167413375317577E-001 
6.7842222222222227E-003 -1.9720006489987724E-001 
6.8951111111111123E-003 -1.9838968075776570E-001 
7.0060000000000001E-003 -1.9629615711823842E-001 
7.1168888888888896E-003 -1.9181507110777796E-001 
7.2277777777777783E-003 -1.8556709773097702E-001 
7.3386666666666669E-003 -1.7796841471421812E-001 
7.4495555555555565E-003 -1.6933513084771679E-001 
7.5604444444444452E-003 -1.5998203868887367E-001 
7.6713333333333338E-003 -1.5029398119967022E-001 
7.7822222222222225E-003 -1.4076216064592281E-001 
7.8931111111111112E-003 -1.3199501875606240E-001 
8.0040000000000007E-003 -1.2467753180604604E-001 
8.1148888888888902E-003 -1.1949589269603175E-001 
8.2257777777777780E-003 -1.1695749336340010E-001 
8.3366666666666676E-003 -1.1723053261508766E-001 
8.4475555555555554E-003 -1.2010479943773093E-001 
8.5584444444444449E-003 -1.2503857074675179E-001 
8.6693333333333327E-003 -1.3144694134979276E-001 
8.7802222222222222E-003 -1.3879883037296581E-001 
8.8911111111111118E-003 -1.4670075978150096E-001 
9.0019999999999996E-003 -1.5489796753478116E-001 
9.1128888888888891E-003 -1.6323696685489000E-001 
9.2237777777777787E-003 -1.7163374293432349E-001 
9.3346666666666665E-003 -1.8004333255252042E-001 
9.4455555555555560E-003 -1.8844172334068013E-001 
9.5564444444444455E-003 -1.9682191154284026E-001 
9.6673333333333333E-003 -2.0517616417646356E-001 
9.7782222222222229E-003 -2.1350202560330267E-001 
9.8891111111111124E-003 -2.2179745980755772E-001 
1.0000000000000000E-002 -2.3006105338735930E-001 
1.0110888888888890E-002 -2.3829145865054910E-001 
1.0221777777777779E-002 -2.4648744670063238E-001 
1.0332666666666669E-002 -2.5464778072844568E-001 
1.0443555555555557E-002 -2.6277121790517916E-001 
1.0554444444444444E-002 -2.7085650147682594E-001 
1.0665333333333334E-002 -2.7890237606150553E-001 
1.0776222222222223E-002 -2.8690757614282247E-001 
1.0887111111111111E-002 -2.9487082420131083E-001 
1.0998000000000001E-002 -3.0279083702633897E-001 
1.1108888888888890E-002 -3.1066632696808266E-001 
1.1219777777777778E-002 -3.1849598727821243E-001 
1.1330666666666668E-002 -3.2627850872699127E-001 
1.1441555555555556E-002 -3.3401257195111478E-001 
1.1552444444444445E-002 -3.4169684737640116E-001 
1.1663333333333335E-002 -3.4932999815202259E-001 
1.1774222222222224E-002 -3.5691067838486429E-001 
1.1885111111111110E-002 -3.6443753267886581E-001 
1.1996000000000000E-002 -3.7190919775466336E-001 
1.2106888888888889E-002 -3.7932430211363877E-001 
1.2217777777777779E-002 -3.8668146561010314E-001 
1.2328666666666668E-002 -3.9397930054141289E-001 
1.2439555555555558E-002 -4.0121641175229267E-001 
1.2550444444444444E-002 -4.0839139675434244E-001 
1.2661333333333333E-002 -4.1550284614342614E-001 
1.2772222222222223E-002 -4.2254934413512424E-001 
1.2883111111111113E-002 -4.2952946866016467E-001 
1.2994000000000002E-002 -4.3644179226392388E-001 
1.3104888888888890E-002 -4.4328488202356703E-001 
1.3215777777777778E-002 -4.5005730058411708E-001 
1.3326666666666667E-002 -4.5675760635572837E-001 
1.3437555555555557E-002 -4.6338435449403886E-001 
1.3548444444444446E-002 -4.6993609706419032E-001 
1.3659333333333334E-002 -4.7641138381212972E-001 
1.3770222222222224E-002 -4.8280876302145620E-001 
1.3881111111111111E-002 -4.8912678223205103E-001 
1.3992000000000001E-002 -4.9536398893852340E-001 
1.4102888888888889E-002 -5.0151893094011124E-001 
1.4213777777777778E-002 -5.0759015771849858E-001 
1.4324666666666668E-002 -5.1357622108164502E-001 
1.4435555555555557E-002 -5.1947567628591651E-001 
1.4546444444444447E-002 -5.2528708224258025E-001 
1.4657333333333333E-002 -5.3100900288734743E-001 
1.4768222222222223E-002 -5.3664000804103362E-001 
1.4879111111111112E-002 -5.4217867481515847E-001 
1.4990000000000002E-002 -5.4762358798892430E-001 
1.5100888888888891E-002 -5.5297334091739025E-001 
1.5211777777777781E-002 -5.5822653686850343E-001 
1.5322666666666667E-002 -5.6338179035032876E-001 
1.5433555555555556E-002 -5.6843772806334336E-001 
1.5544444444444446E-002 -5.7339298914083880E-001 
1.5655333333333334E-002 -5.7824622707821216E-001 
1.5766222222222223E-002 -5.8299611037514532E-001 
1.5877111111111113E-002 -5.8764132456207918E-001 
1.5987999999999999E-002 -5.9218057206854746E-001 
1.6098888888888888E-002 -5.9661257372536058E-001 
1.6209777777777778E-002 -6.0093606973899361E-001 
1.6320666666666667E-002 -6.0514982170808018E-001 
1.6431555555555557E-002 -6.0925261309467316E-001 
1.6542444444444446E-002 -6.1324324946732378E-001 
1.6653333333333332E-002 -6.1712056080961986E-001 
1.6764222222222222E-002 -6.2088340185244306E-001 
1.6875111111111112E-002 -6.2453065439297173E-001 
1.6986000000000001E-002 -6.2806122653651675E-001 
1.7096888888888891E-002 -6.3147405466577589E-001 
1.7207777777777780E-002 -6.3476810392822558E-001 
1.7318666666666666E-002 -6.3794237072687743E-001 
1.7429555555555556E-002 -6.4099588242200922E-001 
1.7540444444444445E-002 -6.4392769742357192E-001 
1.7651333333333335E-002 -6.4673690780809856E-001 
1.7762222222222224E-002 -6.4942263964354630E-001 
1.7873111111111114E-002 -6.5198405460980668E-001 
1.7984000000000000E-002 -6.5442034869403864E-001 
1.8094888888888890E-002 -6.5673075393620317E-001 
1.8205777777777779E-002 -6.5891453953977930E-001 
1.8316666666666669E-002 -6.6097101371636136E-001 
1.8427555555555558E-002 -6.6289952311858358E-001 
1.8538444444444448E-002 -6.6469945079901793E-001 
1.8649333333333334E-002 -6.6637022527742507E-001 
1.8760222222222223E-002 -6.6791131559227923E-001 
1.8871111111111113E-002 -6.6932223259668333E-001 
1.8982000000000002E-002 -6.7060252583316160E-001 
1.9092888888888892E-002 -6.7175177092126770E-001 
1.9203777777777781E-002 -6.7276960251653484E-001 
1.9314666666666667E-002 -6.7365568537606402E-001 
1.9425555555555557E-002 -6.7440972301493440E-001 
1.9536444444444447E-002 -6.7503146436496264E-001 
1.9647333333333336E-002 -6.7552123344648651E-001 
1.9758222222222226E-002 -6.7587866386051543E-001 
1.9869111111111112E-002 -6.7610332935556539E-001 
1.9980000000000001E-002 -6.7619483838662020E-001 
