2.0000000000000002E-005 2.6687580990327475E-001 
1.3088888888888891E-004 2.6662906769682226E-001 
2.4177777777777777E-004 2.6602086421441345E-001 
3.5266666666666671E-004 2.6505265825585289E-001 
4.6355555555555560E-004 2.6372643155624043E-001 
5.7444444444444448E-004 2.6204456125212622E-001 
6.8533333333333337E-004 2.6000951859753574E-001 
7.9622222222222236E-004 2.5762467772988668E-001 
9.0711111111111114E-004 2.5489393792198045E-001 
1.0180000000000000E-003 2.5182171913235590E-001 
1.1288888888888891E-003 2.4841291699102311E-001 
1.2397777777777778E-003 2.4467290526710134E-001 
1.3506666666666667E-003 2.4060755205350401E-001 
1.4615555555555558E-003 2.3622318722661839E-001 
1.5724444444444447E-003 2.3152659400124975E-001 
1.6833333333333333E-003 2.2652499923714234E-001 
1.7942222222222224E-003 2.2122605905218584E-001 
1.9051111111111113E-003 2.1563785933117063E-001 
2.0160000000000000E-003 2.0976890171832813E-001 
2.1268888888888891E-003 2.0362834797908283E-001 
2.2377777777777782E-003 1.9722575767578276E-001 
2.3486666666666669E-003 1.9057184907287406E-001 
2.4595555555555555E-003 1.8367931300341328E-001 
2.5704444444444446E-003 1.7656332645051986E-001 
2.6813333333333333E-003 1.6924649661805588E-001 
2.7922222222222228E-003 1.6175655008185905E-001 
2.9031111111111115E-003 1.5414199241615203E-001 
3.0140000000000002E-003 1.4647488373554510E-001 
3.1248888888888893E-003 1.3886064339619594E-001 
3.2357777777777780E-003 1.3145728509502097E-001 
3.3466666666666666E-003 1.2447312157219521E-001 
3.4575555555555562E-003 1.1815012482027351E-001 
3.5684444444444448E-003 1.1274547817005021E-001 
3.6793333333333335E-003 1.0844541709627092E-001 
3.7902222222222226E-003 1.0529924444385159E-001 
3.9011111111111113E-003 1.0316513131417610E-001 
4.0119999999999999E-003 1.0171002556626799E-001 
4.1228888888888895E-003 1.0048619217663106E-001 
4.2337777777777781E-003 9.9005394999390955E-002 
4.3446666666666668E-003 9.6828638327260436E-002 
4.4555555555555564E-003 9.3604761243789664E-002 
4.5664444444444450E-003 8.9075634379546229E-002 
4.6773333333333337E-003 8.3080450529325847E-002 
4.7882222222222224E-003 7.5541398378829644E-002 
4.8991111111111110E-003 6.6440676198252516E-002 
5.0099999999999997E-003 5.5816263553593079E-002 
5.1208888888888892E-003 4.3741776831404525E-002 
5.2317777777777788E-003 3.0319641678786712E-002 
5.3426666666666666E-003 1.5669812655010159E-002 
5.4535555555555561E-003 -7.6747330844723866E-005 
5.5644444444444456E-003 -1.6780432587510413E-002 
5.6753333333333334E-003 -3.4301451775364797E-002 
5.7862222222222230E-003 -5.2499106369956972E-002 
5.8971111111111117E-003 -7.1236632100917130E-002 
6.0080000000000003E-003 -9.0381623358105415E-002 
6.1188888888888890E-003 -1.0980614652048125E-001 
6.2297777777777785E-003 -1.2937413927594182E-001 
6.3406666666666672E-003 -1.4872961835745580E-001 
6.4515555555555559E-003 -1.6660936831277934E-001 
6.5624444444444454E-003 -1.8078930008805569E-001 
6.6733333333333332E-003 -1.8974613437449697E-001 
6.7842222222222227E-003 -1.9355134251772654E-001 
6.8951111111111123E-003 -1.9311938399039277E-001 
7.0060000000000001E-003 -1.8954525556851598E-001 
7.1168888888888896E-003 -1.8409214128178450E-001 
7.2277777777777783E-003 -1.7737641781473243E-001 
7.3386666666666669E-003 -1.6958459708160756E-001 
7.4495555555555565E-003 -1.6094852921915298E-001 
7.5604444444444452E-003 -1.5179418717164023E-001 
7.6713333333333338E-003 -1.4254640901345947E-001 
7.7822222222222225E-003 -1.3376653969363902E-001 
7.8931111111111112E-003 -1.2608870010899936E-001 
8.0040000000000007E-003 -1.2020563716535131E-001 
8.1148888888888902E-003 -1.1671807766000979E-001 
8.2257777777777780E-003 -1.1594116157330928E-001 
8.3366666666666676E-003 -1.1782021643395740E-001 
8.4475555555555554E-003 -1.2198558588817737E-001 
8.5584444444444449E-003 -1.2782167232747721E-001 
8.6693333333333327E-003 -1.3479782920554914E-001 
8.7802222222222222E-003 -1.4246898517627571E-001 
8.8911111111111118E-003 -1.5052410302330652E-001 
9.0019999999999996E-003 -1.5877710791159369E-001 
9.1128888888888891E-003 -1.6711769094867868E-001 
9.2237777777777787E-003 -1.7548763121876679E-001 
9.3346666666666665E-003 -1.8385645503593617E-001 
9.4455555555555560E-003 -1.9220801498424789E-001 
9.5564444444444455E-003 -2.0053774606965330E-001 
9.6673333333333333E-003 -2.0884025100197795E-001 
9.7782222222222229E-003 -2.1711360785212225E-001 
9.8891111111111124E-003 -2.2535613008049765E-001 
1.0000000000000000E-002 -2.3356650862806017E-001 
1.0110888888888890E-002 -2.4174345850738871E-001 
1.0221777777777779E-002 -2.4988577783364790E-001 
1.0332666666666669E-002 -2.5799225073318360E-001 
1.0443555555555557E-002 -2.6606165266459952E-001 
1.0554444444444444E-002 -2.7409274520772892E-001 
1.0665333333333334E-002 -2.8208429049290146E-001 
1.0776222222222223E-002 -2.9003503904300793E-001 
1.0887111111111111E-002 -2.9794373070539859E-001 
1.0998000000000001E-002 -3.0580909922404770E-001 
1.1108888888888890E-002 -3.1362987278611915E-001 
1.1219777777777778E-002 -3.2140476270055124E-001 
1.1330666666666668E-002 -3.2913247647242044E-001 
1.1441555555555556E-002 -3.3681171174818486E-001 
1.1552444444444445E-002 -3.4444115631640349E-001 
1.1663333333333335E-002 -3.5201949046932990E-001 
1.1774222222222224E-002 -3.5954538554073179E-001 
1.1885111111111110E-002 -3.6701750361852759E-001 
1.1996000000000000E-002 -3.7443449894680414E-001 
1.2106888888888889E-002 -3.8179501757495904E-001 
1.2217777777777779E-002 -3.8909769717535642E-001 
1.2328666666666668E-002 -3.9634116787238149E-001 
1.2439555555555558E-002 -4.0352405247340389E-001 
1.2550444444444444E-002 -4.1064496660042260E-001 
1.2661333333333333E-002 -4.1770251906591332E-001 
1.2772222222222223E-002 -4.2469531243343622E-001 
1.2883111111111113E-002 -4.3162194314870561E-001 
1.2994000000000002E-002 -4.3848100239513127E-001 
1.3104888888888890E-002 -4.4527107602586008E-001 
1.3215777777777778E-002 -4.5199074561702479E-001 
1.3326666666666667E-002 -4.5863858864858303E-001 
1.3437555555555557E-002 -4.6521317948906377E-001 
1.3548444444444446E-002 -4.7171308956060237E-001 
1.3659333333333334E-002 -4.7813688810809035E-001 
1.3770222222222224E-002 -4.8448314304795670E-001 
1.3881111111111111E-002 -4.9075042170016520E-001 
1.3992000000000001E-002 -4.9693729146204901E-001 
1.4102888888888889E-002 -5.0304232017039952E-001 
1.4213777777777778E-002 -5.0906407745888749E-001 
1.4324666666666668E-002 -5.1500113540849979E-001 
1.4435555555555557E-002 -5.2085206965067332E-001 
1.4546444444444447E-002 -5.2661545957304379E-001 
1.4657333333333333E-002 -5.3228988967895208E-001 
1.4768222222222223E-002 -5.3787395043073383E-001 
1.4879111111111112E-002 -5.4336623965068109E-001 
1.4990000000000002E-002 -5.4876536287852218E-001 
1.5100888888888891E-002 -5.5406993428222218E-001 
1.5211777777777781E-002 -5.5927857795889380E-001 
1.5322666666666667E-002 -5.6438992926115927E-001 
1.5433555555555556E-002 -5.6940263572158167E-001 
1.5544444444444446E-002 -5.7431535729123651E-001 
1.5655333333333334E-002 -5.7912676824144738E-001 
1.5766222222222223E-002 -5.8383555778738949E-001 
1.5877111111111113E-002 -5.8844043208751773E-001 
1.5987999999999999E-002 -5.9294011410035341E-001 
1.6098888888888888E-002 -5.9733334507332103E-001 
1.6209777777777778E-002 -6.0161888547883269E-001 
1.6320666666666667E-002 -6.0579551701071843E-001 
1.6431555555555557E-002 -6.0986204302788949E-001 
1.6542444444444446E-002 -6.1381728879455077E-001 
1.6653333333333332E-002 -6.1766010374232505E-001 
1.6764222222222222E-002 -6.2138936179231441E-001 
1.6875111111111112E-002 -6.2500396362258637E-001 
1.6986000000000001E-002 -6.2850283591282308E-001 
1.7096888888888891E-002 -6.3188493328126039E-001 
1.7207777777777780E-002 -6.3514923874481555E-001 
1.7318666666666666E-002 -6.3829476616881109E-001 
1.7429555555555556E-002 -6.4132055994987480E-001 
1.7540444444444445E-002 -6.4422569510586647E-001 
1.7651333333333335E-002 -6.4700927983175638E-001 
1.7762222222222224E-002 -6.4967045583342353E-001 
1.7873111111111114E-002 -6.5220839987600510E-001 
1.7984000000000000E-002 -6.5462232250157815E-001 
1.8094888888888890E-002 -6.5691146972714509E-001 
1.8205777777777779E-002 -6.5907512414800207E-001 
1.8316666666666669E-002 -6.6111260672913152E-001 
1.8427555555555558E-002 -6.6302327623380364E-001 
1.8538444444444448E-002 -6.6480652718312161E-001 
1.8649333333333334E-002 -6.6646179885680146E-001 
1.8760222222222223E-002 -6.6798857037957859E-001 
1.8871111111111113E-002 -6.6938636193549617E-001 
1.8982000000000002E-002 -6.7065473168479961E-001 
1.9092888888888892E-002 -6.7179326309869658E-001 
1.9203777777777781E-002 -6.7280159793358874E-001 
1.9314666666666667E-002 -6.7367940724633468E-001 
1.9425555555555557E-002 -6.7442640006198074E-001 
1.9536444444444447E-002 -6.7504233003875447E-001 
1.9647333333333336E-002 -6.7552752507758540E-001 
1.9758222222222226E-002 -6.7588162187786183E-001 
1.9869111111111112E-002 -6.7610419642962327E-001 
1.9980000000000001E-002 -6.7619485862635298E-001 
