2.0000000000000002E-005 1.0631846172897643E+005 
1.3088888888888891E-004 1.0631910312893052E+005 
2.4177777777777777E-004 1.0633801256732966E+005 
3.5266666666666671E-004 1.0637493910493064E+005 
4.6355555555555560E-004 1.0642963180249053E+005 
5.7444444444444448E-004 1.0650171937395760E+005 
6.8533333333333337E-004 1.0659062146163602E+005 
7.9622222222222236E-004 1.0669583255308169E+005 
9.0711111111111114E-004 1.0681669895964472E+005 
1.0180000000000000E-003 1.0695252280964557E+005 
1.1288888888888891E-003 1.0710244223363198E+005 
1.2397777777777778E-003 1.0726560867744540E+005 
1.3506666666666667E-003 1.0744102442583836E+005 
1.4615555555555558E-003 1.0762769176356324E+005 
1.5724444444444447E-003 1.0782452546729374E+005 
1.6833333333333333E-003 1.0803039542866667E+005 
1.7942222222222224E-003 1.0824412401446483E+005 
1.9051111111111113E-003 1.0846449612724339E+005 
2.0160000000000000E-003 1.0869024294244696E+005 
2.1268888888888891E-003 1.0892019035660065E+005 
2.2377777777777782E-003 1.0915298642785585E+005 
2.3486666666666669E-003 1.0938733699546187E+005 
2.4595555555555555E-003 1.0962194789866799E+005 
2.5704444444444446E-003 1.0985557816823748E+005 
2.6813333333333333E-003 1.1008658294697449E+005 
2.7922222222222228E-003 1.1031383823605753E+005 
2.9031111111111115E-003 1.1053590801432011E+005 
3.0140000000000002E-003 1.1075179691810979E+005 
3.1248888888888893E-003 1.1095892244009704E+005 
3.2357777777777780E-003 1.1115524639409893E+005 
3.3466666666666666E-003 1.1133751392747997E+005 
3.4575555555555562E-003 1.1150247018760492E+005 
3.5684444444444448E-003 1.1164346251894046E+005 
3.6793333333333335E-003 1.1175994064906678E+005 
3.7902222222222226E-003 1.1184646378409128E+005 
3.9011111111111113E-003 1.1190028354076869E+005 
4.0119999999999999E-003 1.1192147439234522E+005 
4.1228888888888895E-003 1.1190793592612758E+005 
4.2337777777777781E-003 1.1186369486853560E+005 
4.3446666666666668E-003 1.1179227307266666E+005 
4.4555555555555564E-003 1.1169719239161821E+005 
4.5664444444444450E-003 1.1158261461973785E+005 
4.6773333333333337E-003 1.1145124894734409E+005 
4.7882222222222224E-003 1.1130617886350767E+005 
4.8991111111111110E-003 1.1115017069270853E+005 
5.0099999999999997E-003 1.1098533126461015E+005 
5.1208888888888892E-003 1.1081433314360924E+005 
5.2317777777777788E-003 1.1063861774717548E+005 
5.3426666666666666E-003 1.1045952366050251E+005 
5.4535555555555561E-003 1.1027838946878402E+005 
5.5644444444444456E-003 1.1009609606750270E+005 
5.6753333333333334E-003 1.0991371193631660E+005 
5.7862222222222230E-003 1.0973215104132023E+005 
5.8971111111111117E-003 1.0955301572272294E+005 
6.0080000000000003E-003 1.0937809071325892E+005 
6.1188888888888890E-003 1.0921631693708673E+005 
6.2297777777777785E-003 1.0908878573378276E+005 
6.3406666666666672E-003 1.0904721739789548E+005 
6.4515555555555559E-003 1.0918371750230434E+005 
6.5624444444444454E-003 1.0957524003541196E+005 
6.6733333333333332E-003 1.1016013507365686E+005 
6.7842222222222227E-003 1.1075727417721700E+005 
6.8951111111111123E-003 1.1124143822153336E+005 
7.0060000000000001E-003 1.1160191208274876E+005 
7.1168888888888896E-003 1.1187334471097148E+005 
7.2277777777777783E-003 1.1208901047573837E+005 
7.3386666666666669E-003 1.1227035383405292E+005 
7.4495555555555565E-003 1.1242700790195703E+005 
7.5604444444444452E-003 1.1256043483370593E+005 
7.6713333333333338E-003 1.1266762258699491E+005 
7.7822222222222225E-003 1.1274486659909604E+005 
7.8931111111111112E-003 1.1278871763229968E+005 
8.0040000000000007E-003 1.1278968319628271E+005 
8.1148888888888902E-003 1.1275084241354009E+005 
8.2257777777777780E-003 1.1266562894230099E+005 
8.3366666666666676E-003 1.1253842279602568E+005 
8.4475555555555554E-003 1.1237360398817428E+005 
8.5584444444444449E-003 1.1217948071732554E+005 
8.6693333333333327E-003 1.1195621663478270E+005 
8.7802222222222222E-003 1.1171116150948263E+005 
8.8911111111111118E-003 1.1144681776298844E+005 
9.0019999999999996E-003 1.1116476820604037E+005 
9.1128888888888891E-003 1.1086794367618237E+005 
9.2237777777777787E-003 1.1055580042353930E+005 
9.3346666666666665E-003 1.1022863725651905E+005 
9.4455555555555560E-003 1.0988675298352937E+005 
9.5564444444444455E-003 1.0953010858346142E+005 
9.6673333333333333E-003 1.0915921949436534E+005 
9.7782222222222229E-003 1.0877430138614921E+005 
9.8891111111111124E-003 1.0837557829795763E+005 
1.0000000000000000E-002 1.0796334369871304E+005 
1.0110888888888890E-002 1.0753778580018715E+005 
1.0221777777777779E-002 1.0709915086678859E+005 
1.0332666666666669E-002 1.0664770314633932E+005 
1.0443555555555557E-002 1.0618370688666118E+005 
1.0554444444444444E-002 1.0570741454353330E+005 
1.0665333333333334E-002 1.0521912872387707E+005 
1.0776222222222223E-002 1.0471913559130896E+005 
1.0887111111111111E-002 1.0420773651011524E+005 
1.0998000000000001E-002 1.0368523284458223E+005 
1.1108888888888890E-002 1.0315195544102615E+005 
1.1219777777777778E-002 1.0260821421433613E+005 
1.1330666666666668E-002 1.0205435013102771E+005 
1.1441555555555556E-002 1.0149070248630761E+005 
1.1552444444444445E-002 1.0091761895520717E+005 
1.1663333333333335E-002 1.0033545721279964E+005 
1.1774222222222224E-002 9.9744583906461892E+004 
1.1885111111111110E-002 9.9145374635360451E+004 
1.1996000000000000E-002 9.8538204998661866E+004 
1.2106888888888889E-002 9.7923471409829042E+004 
1.2217777777777779E-002 9.7301563242719843E+004 
1.2328666666666668E-002 9.6672889977701998E+004 
1.2439555555555558E-002 9.6037861441088666E+004 
1.2550444444444444E-002 9.5396894695871815E+004 
1.2661333333333333E-002 9.4750415839895300E+004 
1.2772222222222223E-002 9.4098858123122467E+004 
1.2883111111111113E-002 9.3442662538406177E+004 
1.2994000000000002E-002 9.2782270078599220E+004 
1.3104888888888890E-002 9.2118137789576242E+004 
1.3215777777777778E-002 9.1450718381226558E+004 
1.3326666666666667E-002 9.0780479470758044E+004 
1.3437555555555557E-002 9.0107888990627980E+004 
1.3548444444444446E-002 8.9433419722356644E+004 
1.3659333333333334E-002 8.8757551545994560E+004 
1.3770222222222224E-002 8.8080768865166203E+004 
1.3881111111111111E-002 8.7403561094573437E+004 
1.3992000000000001E-002 8.6726417648918112E+004 
1.4102888888888889E-002 8.6049836967744486E+004 
1.4213777777777778E-002 8.5374315952758523E+004 
1.4324666666666668E-002 8.4700358669256195E+004 
1.4435555555555557E-002 8.4028469237769052E+004 
1.4546444444444447E-002 8.3359153444356954E+004 
1.4657333333333333E-002 8.2692920312796719E+004 
1.4768222222222223E-002 8.2030280018312769E+004 
1.4879111111111112E-002 8.1371743327746604E+004 
1.4990000000000002E-002 8.0717821007939798E+004 
1.5100888888888891E-002 8.0069023535204702E+004 
1.5211777777777781E-002 7.9425862558729685E+004 
1.5322666666666667E-002 7.8788846823432017E+004 
1.5433555555555556E-002 7.8158484509038812E+004 
1.5544444444444446E-002 7.7535281695864323E+004 
1.5655333333333334E-002 7.6919741861336021E+004 
1.5766222222222223E-002 7.6312365825100278E+004 
1.5877111111111113E-002 7.5713648989403649E+004 
1.5987999999999999E-002 7.5124086756492674E+004 
1.6098888888888888E-002 7.4544163453617686E+004 
1.6209777777777778E-002 7.3974366741614955E+004 
1.6320666666666667E-002 7.3415170013927273E+004 
1.6431555555555557E-002 7.2867045058425894E+004 
1.6542444444444446E-002 7.2330457690764582E+004 
1.6653333333333332E-002 7.1805863735731909E+004 
1.6764222222222222E-002 7.1293712755567612E+004 
1.6875111111111112E-002 7.0794441839171617E+004 
1.6986000000000001E-002 7.0308488075443922E+004 
1.7096888888888891E-002 6.9836266703901958E+004 
1.7207777777777780E-002 6.9378197495987421E+004 
1.7318666666666666E-002 6.8934674972133755E+004 
1.7429555555555556E-002 6.8506090630683786E+004 
1.7540444444444445E-002 6.8092826595651946E+004 
1.7651333333333335E-002 6.7695247255770199E+004 
1.7762222222222224E-002 6.7313707735801305E+004 
1.7873111111111114E-002 6.6948543822352091E+004 
1.7984000000000000E-002 6.6600091302029381E+004 
1.8094888888888890E-002 6.6268655219009059E+004 
1.8205777777777779E-002 6.5954545028008055E+004 
1.8316666666666669E-002 6.5658036590502583E+004 
1.8427555555555558E-002 6.5379400714691808E+004 
1.8538444444444448E-002 6.5118895424601542E+004 
1.8649333333333334E-002 6.4876757973737702E+004 
1.8760222222222223E-002 6.4653208459745998E+004 
1.8871111111111113E-002 6.4448446555223920E+004 
1.8982000000000002E-002 6.4262671932768870E+004 
1.9092888888888892E-002 6.4096051979783610E+004 
1.9203777777777781E-002 6.3948744823558307E+004 
1.9314666666666667E-002 6.3820890822234185E+004 
1.9425555555555557E-002 6.3712610637652520E+004 
1.9536444444444447E-002 6.3623891618299946E+004 
1.9647333333333336E-002 6.3555007474623788E+004 
1.9758222222222226E-002 6.3506091856713603E+004 
1.9869111111111112E-002 6.3477204350240601E+004 
1.9980000000000001E-002 6.3468404540876145E+004 
