0.0001	0.9999999999999974
0.0006001500750375188	0.9999999999999974
0.0011003001500750375	0.9999999999999976
0.0016004502251125562	0.9999999999999976
0.0021006003001500747	0.9999999999999976
0.0026007503751875934	0.9999999999999976
0.003100900450225112	0.9999999999999976
0.003601050525262631	0.9999999999999976
0.00410120060030015	0.9999999999999978
0.004601350675337669	0.9999999999999978
0.0051015007503751875	0.9999999999999978
0.005601650825412706	0.9999999999999978
0.006101800900450225	0.9999999999999978
0.006601950975487744	0.9999999999999978
0.007102101050525262	0.9999999999999978
0.007602251125562781	0.9999999999999979
0.008102401200600299	0.9999999999999979
0.008602551275637818	0.9999999999999979
0.009102701350675337	0.9999999999999979
0.009602851425712855	0.9999999999999979
0.010103001500750374	0.9999999999999979
0.010603151575787893	0.9999999999999979
0.01110330165082541	0.999999999999998
0.01160345172586293	0.999999999999998
0.012103601800900449	0.999999999999998
0.012603751875937968	0.999999999999998
0.013103901950975487	0.999999999999998
0.013604052026013004	0.999999999999998
0.014104202101050524	0.999999999999998
0.014604352176088043	0.9999999999999982
0.01510450225112556	0.9999999999999982
0.01560465232616308	0.9999999999999982
0.0161048024012006	0.9999999999999982
0.016604952476238118	0.9999999999999982
0.017105102551275637	0.9999999999999982
0.017605252626313156	0.9999999999999982
0.018105402701350675	0.9999999999999982
0.01860555277638819	0.9999999999999982
0.01910570285142571	0.9999999999999983
0.01960585292646323	0.9999999999999983
0.020106003001500748	0.9999999999999983
0.020606153076538267	0.9999999999999983
0.021106303151575787	0.9999999999999983
0.021606453226613306	0.9999999999999983
0.02210660330165082	0.9999999999999983
0.02260675337668834	0.9999999999999983
0.02310690345172586	0.9999999999999983
0.02360705352676338	0.9999999999999983
0.024107203601800898	0.9999999999999986
0.024607353676838417	0.9999999999999986
0.025107503751875936	0.9999999999999986
0.025607653826913455	0.9999999999999986
0.026107803901950975	0.9999999999999986
0.02660795397698849	0.9999999999999986
0.02710810405202601	0.9999999999999986
0.02760825412706353	0.9999999999999986
0.028108404202101048	0.9999999999999986
0.028608554277138567	0.9999999999999986
0.029108704352176086	0.9999999999999986
0.029608854427213605	0.9999999999999986
0.03010900450225112	0.9999999999999987
0.03060915457728864	0.9999999999999987
0.03110930465232616	0.9999999999999987
0.031609454727363685	0.9999999999999987
0.0321096048024012	0.9999999999999987
0.03260975487743872	0.9999999999999987
0.03310990495247624	0.9999999999999987
0.033610055027513755	0.9999999999999987
0.03411020510255128	0.9999999999999987
0.03461035517758879	0.9999999999999987
0.035110505252626316	0.9999999999999987
0.03561065532766383	0.9999999999999987
0.036110805402701354	0.9999999999999987
0.03661095547773887	0.9999999999999987
0.037111105552776386	0.9999999999999987
0.03761125562781391	0.9999999999999987
0.038111405702851424	0.9999999999999987
0.038611555777888946	0.9999999999999987
0.03911170585292646	0.9999999999999987
0.039611855927963985	0.9999999999999989
0.0401120060030015	0.9999999999999989
0.040612156078039016	0.9999999999999989
0.04111230615307654	0.9999999999999989
0.041612456228114054	0.9999999999999989
0.04211260630315158	0.9999999999999989
0.04261275637818909	0.9999999999999989
0.043112906453226615	0.9999999999999989
0.04361305652826413	0.9999999999999989
0.04411320660330165	0.9999999999999989
0.04461335667833917	0.9999999999999989
0.045113506753376685	0.9999999999999989
0.04561365682841421	0.9999999999999989
0.04611380690345172	0.9999999999999989
0.046613956978489246	0.9999999999999989
0.04711410705352676	0.9999999999999989
0.047614257128564284	0.9999999999999989
0.0481144072036018	0.9999999999999989
0.048614557278639316	0.9999999999999989
0.04911470735367684	0.9999999999999989
0.049614857428714354	0.9999999999999989
0.05011500750375188	0.9999999999999989
0.05061515757878939	0.9999999999999989
0.051115307653826915	0.9999999999999989
0.05161545772886443	0.9999999999999989
0.05211560780390195	0.9999999999999989
0.05261575787893947	0.9999999999999989
0.053115907953976985	0.9999999999999989
0.05361605802901451	0.9999999999999989
0.05411620810405202	0.9999999999999989
0.054616358179089546	0.9999999999999989
0.05511650825412706	0.9999999999999989
0.055616658329164584	0.9999999999999989
0.0561168084042021	0.9999999999999989
0.056616958479239615	0.9999999999999989
0.05711710855427714	0.9999999999999989
0.057617258629314654	0.9999999999999989
0.058117408704352176	0.9999999999999989
0.05861755877938969	0.9999999999999989
0.059117708854427214	0.9999999999999989
0.05961785892946473	0.9999999999999989
0.060118009004502246	0.9999999999999989
0.06061815907953977	0.9999999999999989
0.061118309154577284	0.9999999999999987
0.06161845922961481	0.9999999999999987
0.06211860930465232	0.9999999999999987
0.06261875937968985	0.9999999999999987
0.06311890945472737	0.9999999999999987
0.06361905952976488	0.9999999999999987
0.0641192096048024	0.9999999999999987
0.06461935967983992	0.9999999999999987
0.06511950975487743	0.9999999999999987
0.06561965982991495	0.9999999999999987
0.06611980990495248	0.9999999999999987
0.06661995997999	0.9999999999999987
0.06712011005502751	0.9999999999999987
0.06762026013006503	0.9999999999999987
0.06812041020510255	0.9999999999999987
0.06862056028014006	0.9999999999999987
0.06912071035517758	0.9999999999999987
0.0696208604302151	0.9999999999999987
0.07012101050525263	0.9999999999999986
0.07062116058029014	0.9999999999999986
0.07112131065532766	0.9999999999999986
0.07162146073036518	0.9999999999999986
0.0721216108054027	0.9999999999999986
0.07262176088044021	0.9999999999999986
0.07312191095547774	0.9999999999999986
0.07362206103051526	0.9999999999999986
0.07412221110555277	0.9999999999999986
0.07462236118059029	0.9999999999999986
0.07512251125562781	0.9999999999999986
0.07562266133066534	0.9999999999999986
0.07612281140570284	0.9999999999999986
0.07662296148074037	0.9999999999999983
0.07712311155577789	0.9999999999999983
0.0776232616308154	0.9999999999999983
0.07812341170585292	0.9999999999999983
0.07862356178089044	0.9999999999999983
0.07912371185592797	0.9999999999999983
0.07962386193096548	0.9999999999999983
0.080124012006003	0.9999999999999983
0.08062416208104052	0.9999999999999983
0.08112431215607803	0.9999999999999983
0.08162446223111555	0.9999999999999982
0.08212461230615307	0.9999999999999982
0.0826247623811906	0.9999999999999982
0.0831249124562281	0.9999999999999982
0.08362506253126563	0.9999999999999982
0.08412521260630315	0.9999999999999982
0.08462536268134066	0.9999999999999982
0.08512551275637818	0.9999999999999982
0.0856256628314157	0.999999999999998
0.08612581290645323	0.999999999999998
0.08662596298149074	0.999999999999998
0.08712611305652826	0.999999999999998
0.08762626313156578	0.999999999999998
0.08812641320660329	0.999999999999998
0.08862656328164081	0.999999999999998
0.08912671335667834	0.999999999999998
0.08962686343171586	0.9999999999999979
0.09012701350675337	0.9999999999999979
0.09062716358179089	0.9999999999999979
0.09112731365682841	0.9999999999999979
0.09162746373186594	0.9999999999999979
0.09212761380690344	0.9999999999999979
0.09262776388194097	0.9999999999999979
0.09312791395697849	0.9999999999999978
0.093628064032016	0.9999999999999978
0.09412821410705352	0.9999999999999978
0.09462836418209104	0.9999999999999978
0.09512851425712857	0.9999999999999978
0.09562866433216607	0.9999999999999978
0.0961288144072036	0.9999999999999976
0.09662896448224112	0.9999999999999976
0.09712911455727863	0.9999999999999976
0.09762926463231615	0.9999999999999976
0.09812941470735367	0.9999999999999976
0.0986295647823912	0.9999999999999976
0.0991297148574287	0.9999999999999974
0.09962986493246623	0.9999999999999974
0.10013001500750375	0.994484772784415
0.10063016508254126	0.9951736552724028
0.10113031515757878	0.99583643734648
0.1016304652326163	0.9964735437059694
0.10213061530765383	0.9970853990501939
0.10263076538269134	0.9976724280784767
0.10313091545772886	0.9982350554901405
0.10363106553276638	0.9987737059845085
0.1041312156078039	0.9992888042609032
0.10463136568284141	0.999780775018648
0.10513151575787893	1.0002500429570658
0.10563166583291646	1.0006970327754792
0.10613181590795397	1.0011221691732115
0.10663196598299149	1.0015258768495856
0.10713211605802901	1.0019085805039245
0.10763226613306653	1.0022707048355508
0.10813241620810404	1.0026126745437878
0.10863256628314157	1.0029349143279582
0.10913271635817909	1.0032378488873852
0.1096328664332166	1.0035219029213918
0.11013301650825412	1.0037875011293005
0.11063316658329164	1.0040350682104349
0.11113331665832916	1.0042650288641173
0.11163346673336667	1.004477807789671
0.1121336168084042	1.0046738296864188
0.11263376688344172	1.004853519253684
0.11313391695847923	1.0050173011907892
0.11363406703351675	1.0051656001970575
0.11413421710855427	1.0052988409718118
0.1146343671835918	1.0054174482143747
0.1151345172586293	1.00552184662407
0.11563466733366683	1.00561246090022
0.11613481740870435	1.0056897157421474
0.11663496748374186	1.0057540358491757
0.11713511755877938	1.0058058459206283
0.1176352676338169	1.0058455706558267
0.11813541770885443	1.005873634754095
0.11863556778389193	1.005890462914756
0.11913571785892946	1.0058964798371324
0.11963586793396698	1.0058921102205474
0.12013601800900449	1.0058777787643234
0.12063616808404201	1.0058539101677844
0.12113631815907953	1.0058209291302525
0.12163646823411706	1.0057792603510505
0.12213661830915457	1.0057293285295017
0.12263676838419209	1.0056715583649292
0.12313691845922961	1.005606374556656
0.12363706853426713	1.0055342018040045
0.12413721860930464	1.0054554648062983
0.12463736868434216	1.0053705882628599
0.12513751875937967	1.0052799968730124
0.12563766883441718	1.0051841153360785
0.12613781890945472	1.0050833683513818
0.12663796898449223	1.0049781806182447
0.12713811905952974	1.0048689768359904
0.12763826913456727	1.0047561817039417
0.12813841920960478	1.0046402199214215
0.1286385692846423	1.004521516187753
0.12913871935967983	1.004400495202259
0.12963886943471734	1.0042775816642622
0.13013901950975484	1.004153200273086
0.13063916958479238	1.0040277757280531
0.1311393196598299	1.0039017327284865
0.13163946973486743	1.0037754959737093
0.13213961980990493	1.0036494901630442
0.13263976988494244	1.0035241399958141
0.13313991995997998	1.0033998701713425
0.1336400700350175	1.0032771053889515
0.134140220110055	1.0031562703479646
0.13464037018509253	1.003037789747705
0.13514052026013004	1.002922088287495
0.13564067033516755	1.0028095906666579
0.1361408204102051	1.0027007215845165
0.1366409704852426	1.0025959057403941
0.1371411205602801	1.0024955678336134
0.13764127063531764	1.002400132563497
0.13814142071035515	1.0023100246293684
0.1386415707853927	1.0022256687305506
0.1391417208604302	1.0021474895663662
0.1396418709354677	1.002075911836138
0.14014202101050524	1.0020113602391896
0.14064217108554275	1.0019542594748432
0.14114232116058026	1.0019050342424223
0.1416424712356178	1.0018641092412495
0.1421426213106553	1.001831909170648
0.1426427713856928	1.0018088587299407
0.14314292146073035	1.0017953826184505
0.14364307153576786	1.0017919055355002
0.1441432216108054	1.001798852180413
0.1446433716858429	1.001816647252512
0.1451435217608804	1.0018457154511196
0.14564367183591795	1.0018864814755593
0.14614382191095546	1.0019393700251538
0.14664397198599297	1.0020048057992261
0.1471441220610305	1.0020832134970987
0.147644272136068	1.0021750178180953
0.14814442221110552	1.0022806434615383
0.14864457228614306	1.002400515126751
0.14914472236118057	1.0025350575130563
0.14964487243621807	1.002684695319777
0.1501450225112556	1.002849853246236
0.15064517258629312	1.0030309559917565
0.15114532266133066	1.0032284282556614
0.15164547273636816	1.0034426947372734
0.15214562281140567	1.0036741801359157
0.1526457728864432	1.0039233091509112
0.15314592296148072	1.0041905064815826
0.15364607303651823	1.0044761968272533
0.15414622311155576	1.0047808048872457
0.15464637318659327	1.0051047553608834
0.15514652326163078	1.0054484729474888
0.15564667333666832	1.0058123823463854
0.15614682341170583	1.0061969082568956
0.15664697348674333	1.0066024753783425
0.15714712356178087	1.007029508410049
0.15764727363681838	1.0074784320513381
0.15814742371185592	1.0079496710015332
0.15864757378689343	1.008443649959957
0.15914772386193093	1.0089607936259315
0.15964787393696847	1.0095015266987812
0.16014802401200598	1.010066273877828
0.1606481740870435	1.0106554598623956
0.16114832416208102	1.011269509351806
0.16164847423711853	1.0119088470453828
0.16214862431215604	1.012573897642449
0.16264877438719358	1.0132650858423269
0.1631489244622311	1.0139828363443402
0.16364907453726862	1.014727573847812
0.16414922461230613	1.0154997230520644
0.16464937468734364	1.0162997086564207
0.16514952476238118	1.0171279553602042
0.1656496748374187	1.0179848878627373
0.1661498249124562	1.0188709308633432
0.16664997498749373	1.0197865090613452
0.16715012506253124	1.0207320471560657
0.16765027513756875	1.0217079698468279
0.16815042521260629	1.0227147018329548
0.1686505752876438	1.023752667813769
0.1691507253626813	1.0248222924885937
0.16965087543771884	1.0259240005567523
0.17015102551275635	1.027058216717567
0.17065117558779389	1.0282253656703615
0.1711513256628314	1.0294258721144578
0.1716514757378689	1.0306601607491797
0.17215162581290644	1.0319286562738497
0.17265177588794395	1.0332317833877906
0.17315192596298146	1.0345699667903259
0.173652076038019	1.0359436311807788
0.1741522261130565	1.037353201258471
0.174652376188094	1.0387991017227263
0.17515252626313155	1.0402817572728675
0.17565267633816906	1.0418015926082176
0.17615282641320656	1.0433590324280997
0.1766529764882441	1.0449545014318362
0.1771531265632816	1.0465884243187509
0.17765327663831915	1.0482612257881663
0.17815342671335666	1.049973330539405
0.17865357678839416	1.0517251632717903
0.1791537268634317	1.0535171486846453
0.1796538769384692	1.0553497114772927
0.18015402701350672	1.0572232763490554
0.18065417708854425	1.059138267999257
0.18115432716358176	1.0610951111272193
0.18165447723861927	1.0630942304322661
0.1821546273136568	1.0651360506137202
0.18265477738869432	1.0672209963709043
0.18315492746373185	1.0693494924031417
0.18365507753876936	1.071521963409755
0.18415522761380687	1.0737388340900675
0.1846553776888444	1.076000529143402
0.18515552776388192	1.0783074732690814
0.18565567783891943	1.0806600911664286
0.18615582791395696	1.0830588075347665
0.18665597798899447	1.0855040470734185
0.18715612806403198	1.087996234481707
0.18765627813906952	1.0905357944589553
0.18815642821410702	1.0931231517044862
0.18865657828914453	1.0957587309176227
0.18915672836418207	1.0984429567976877
0.18965687843921958	1.1011762540440042
0.19015702851425711	1.1039590473558951
0.19065717858929462	1.1067917614326832
0.19115732866433213	1.109674820973692
0.19165747873936967	1.1126086506782442
0.19215762881440718	1.115593675245662
0.1926577788894447	1.1186303193752696
0.19315792896448222	1.121719007766389
0.19365807903951973	1.1248601651183436
0.19415822911455724	1.128054216130456
0.19465837918959478	1.1313015855020498
0.19515852926463229	1.1346026979324473
0.19565867933966982	1.1379579781209717
0.19615882941470733	1.1413678507669458
0.19665897948974484	1.1448327405696928
0.19715912956478238	1.1483530722285356
0.19765927963981988	1.151929270442797
0.1981594297148574	1.1555617599118
0.19865957978989493	1.159250965334868
0.19915972986493244	1.1629973114113232
0.19965987993996995	1.1668012228404885
0.20016003001500748	1.1710754207630363
0.200660180090045	1.1743549129618764
0.2011603301650825	1.1777451395492988
0.20166048024012004	1.1812455027539888
0.20216063031515755	1.1848554048046318
0.20266078039019508	1.188574247929913
0.2031609304652326	1.1924014343585179
0.2036610805402701	1.1963363663191313
0.20416123061530764	1.2003784460404392
0.20466138069034515	1.2045270757511273
0.20516153076538265	1.20878165767988
0.2056616808404202	1.2131415940553834
0.2061618309154577	1.217606287106322
0.2066619809904952	1.2221751390613818
0.20716213106553275	1.226847552149248
0.20766228114057025	1.2316229285986058
0.2081624312156078	1.2365006706381412
0.2086625812906453	1.2414801804965383
0.2091627313656828	1.2465608604024836
0.20966288144072034	1.251742112584662
0.21016303151575785	1.2570233392717587
0.21066318159079536	1.2624039426924591
0.2111633316658329	1.267883325075449
0.2116634817408704	1.2734608886494134
0.21216363181590792	1.2791360356430372
0.21266378189094545	1.2849081682850068
0.21316393196598296	1.290776688804006
0.21366408204102047	1.2967409994287216
0.214164232116058	1.3028005023878388
0.21466438219109552	1.3089545999100418
0.21516453226613305	1.3152026942240176
0.21566468234117056	1.3215441875584502
0.21616483241620807	1.3279784821420253
0.2166649824912456	1.3345049802034283
0.21716513256628311	1.3411230839713448
0.21766528264132062	1.3478321956744597
0.21816543271635816	1.3546317175414586
0.21866558279139567	1.3615210518010272
0.21916573286643318	1.36849960068185
0.2196658829414707	1.3755667664126132
0.22016603301650822	1.3827219512220013
0.22066618309154573	1.3899645573387003
0.22116633316658327	1.3972939869913956
0.22166648324162078	1.404709642408772
0.2221666333166583	1.4122109258195157
0.22266678339169582	1.4197972394523102
0.22316693346673333	1.4274679855358432
0.22366708354177087	1.435222566298799
0.22416723361680838	1.4430603839698626
0.22466738369184588	1.4509808407777192
0.22516753376688342	1.458983338951055
0.22566768384192093	1.4670672807185552
0.22616783391695844	1.4752320683089049
0.22666798399199597	1.4834771039507895
0.22716813406703348	1.4918017898728935
0.22766828414207102	1.5002055283039037
0.22816843421710853	1.5086877214725047
0.22866858429214604	1.5172477716073816
0.22916873436718357	1.5258850809372206
0.22966888444222108	1.5345990516907062
0.2301690345172586	1.5433890860965236
0.23066918459229613	1.5522545863833597
0.23116933466733364	1.5611949547798987
0.23166948474237115	1.5702095935148246
0.23216963481740868	1.5792979048168252
0.2326697848924462	1.5884592909145843
0.2331699349674837	1.597693154036788
0.23367008504252124	1.6069988964121213
0.23417023511755874	1.6163759202692696
0.23467038519259628	1.6258236278369187
0.2351705352676338	1.6353414213437527
0.2356706853426713	1.6449287030184578
0.23617083541770884	1.65458487508972
0.23667098549274634	1.6643093397862234
0.23717113556778385	1.674101499336654
0.2376712856428214	1.6839607559696974
0.2381714357178589	1.6938865119140385
0.2386715857928964	1.7038781693983625
0.23917173586793394	1.713935130651355
0.23967188594297145	1.7240567979017012
0.24017203601800896	1.7342425733780862
0.2406721860930465	1.744491859309197
0.241172336168084	1.754804057923716
0.24167248624312154	1.7651785714503314
0.24217263631815905	1.7756148021177265
0.24267278639319656	1.7861121521545882
0.2431729364682341	1.796670023789601
0.2436730865432716	1.8072878192514492
0.24417323661830911	1.8179649407688205
0.24467338669334665	1.828700790570399
0.24517353676838416	1.8394947708848701
0.24567368684342167	1.8503462839409188
0.2461738369184592	1.8612547319672315
0.2466739869934967	1.8722195171924916
0.24717413706853425	1.883240041845387
0.24767428714357176	1.894315708154601
0.24817443721860927	1.9054459183488195
0.2486745872936468	1.9166300746567289
0.2491747373686843	1.9278675793070132
0.24967488744372182	1.9391578345283575
0.25017503751875936	1.9505002425494489
0.25067518759379687	1.961894205598971
0.2511753376688344	1.97333912590561
0.2516754877438719	1.984834405698051
0.25217563781890945	1.996379447204981
0.25267578789394696	2.0079736526550818
0.25317593796898447	2.0196164242770407
0.253676088044022	2.0313071642995437
0.2541762381190595	2.0430452749512753
0.254676388194097	2.0548301584609208
0.25517653826913456	2.066661217057167
0.25567668834417207	2.0785378529686973
0.2561768384192096	2.0904594684241977
0.2566769884942471	2.1024254656523538
0.2571771385692846	2.1144352468818504
0.25767728864432216	2.1264882143413746
0.25817743871935966	2.1385837702596087
0.2586775887943972	2.1507213168652406
0.2591777388694347	2.1629002563869544
0.2596778889444722	2.175119991053436
0.2601780390195097	2.18737992309337
0.26067818909454726	2.1996794547354437
0.2611783391695848	2.2120179882083404
0.2616784892446223	2.224394925740745
0.2621786393196598	2.2368096695613446
0.2626787893946973	2.2492616218988233
0.26317893946973486	2.261750184981869
0.26367908954477237	2.274274761039163
0.2641792396198099	2.2868347522993937
0.2646793896948474	2.2994295609912454
0.2651795397698849	2.3120585893434025
0.2656796898449224	2.3247212395845525
0.26617983991995997	2.33741691394338
0.2666799899949975	2.3501450146485694
0.267180140070035	2.3629049439288066
0.2676802901450725	2.375696104012776
0.26818044022011	2.388517897129165
0.2686805902951475	2.401369725506657
0.2691807403701851	2.4142509913739394
0.2696808904452226	2.427161096959696
0.2701810405202601	2.4400994444926107
0.2706811905952976	2.4530654362013724
0.2711813406703351	2.4660584743146634
0.2716814907453727	2.479077961061172
0.2721816408204102	2.492123298669581
0.2726817908954477	2.5051938893685755
0.2731819409704852	2.518289135386843
0.2736820910455227	2.5314084389530676
0.2741822411205602	2.5445512022959345
0.2746823911955978	2.557716827644131
0.2751825412706353	2.570904717226339
0.2756826913456728	2.5841142732712457
0.2761828414207103	2.597344898007537
0.2766829914957478	2.610595993663897
0.2771831415707854	2.6238669624690134
0.2776832916458229	2.6371572066515685
0.2781834417208604	2.6504661284402484
0.2786835917958979	2.66379313006374
0.2791837418709354	2.677137613750727
0.27968389194597293	2.690498981729895
0.2801840420210105	2.7038766362299325
0.280684192096048	2.7172699794795188
0.2811843421710855	2.7306784137073437
0.281684492246123	2.7441013411420916
0.28218464232116053	2.757538164012447
0.2826847923961981	2.770988284547098
0.2831849424712356	2.7844511049747256
0.2836850925462731	2.797926027524018
0.2841852426213106	2.8114124544236594
0.2846853926963481	2.8249097879023366
0.28518554277138564	2.838417430188733
0.2856856928464232	2.8519347835115356
0.2861858429214607	2.865461250099429
0.2866859929964982	2.878996232181099
0.2871861430715357	2.892539131985229
0.28768629314657324	2.906089351740508
0.2881864432216108	2.919646293675619
0.2886865932966483	2.9332093600192475
0.2891867433716858	2.946777953000079
0.2896868934467233	2.960351474846797
0.29018704352176083	2.97392932778809
0.29068719359679834	2.9875109140526415
0.2911873436718359	3.0010956358691385
0.2916874937468734	3.0146828954662657
0.2921876438219109	3.0282720950727056
0.29268779389694843	3.0418626369171466
0.29318794397198594	3.055453923228274
0.29368809404702345	3.0690453562347724
0.294188244122061	3.0826363381653272
0.2946883941970985	3.0962262712486224
0.29518854427213603	3.109814557713346
0.29568869434717354	3.1234005997881815
0.29618884442221105	3.1369837997018157
0.2966889944972486	3.1505635596829333
0.2971891445722861	3.164139281960218
0.29768929464732363	3.1777103687623565
0.29818944472236114	3.1912762223180366
0.29868959479739865	3.204836244855939
0.29918974487243616	3.2183898386047516
0.2996898949474737	3.23193640579316
0.30019004502251123	3.24559671765931
0.30069019509754874	3.259415609413713
0.30119034517258625	3.2732350136564623
0.30169049524762376	3.2870547184585397
0.3021906453226613	3.300874511890924
0.30269079539769883	3.3146941820245917
0.30319094547273634	3.328513516930524
0.30369109554777385	3.3423323046796978
0.30419124562281136	3.356150333343093
0.30469139569784887	3.369967390991689
0.30519154577288643	3.3837832656964655
0.30569169584792394	3.3975977455283997
0.30619184592296145	3.41141061855847
0.30669199599799896	3.425221672857657
0.30719214607303647	3.4390306964969395
0.30769229614807403	3.4528374775472983
0.30819244622311154	3.466641804079705
0.30869259629814905	3.480443464165147
0.30919274637318656	3.4942422458745983
0.30969289644822406	3.50803793727904
0.3101930465232616	3.52183032644945
0.31069319659829914	3.535619201456808
0.31119334667333665	3.5494043503720927
0.31169349674837415	3.5631855612662817
0.31219364682341166	3.576962622210356
0.3126937968984492	3.5907353212752926
0.3131939469734867	3.604503446532073
0.31369409704852425	3.618266786051674
0.31419424712356175	3.6320251279050755
0.31469439719859926	3.645778260163254
0.31519454727363677	3.659525970897191
0.3156946973486743	3.673268048177866
0.31619484742371184	3.6870042800762572
0.31669499749874935	3.7007344546633427
0.31719514757378686	3.7144583600101004
0.31769529764882437	3.7281757841875107
0.3181954477238619	3.741886515266553
0.3186955977988994	3.7555903413182063
0.31919574787393695	3.7692870504134506
0.31969589794897446	3.7829764306232607
0.32019604802401197	3.796658270018618
0.3206961980990495	3.810332356670501
0.321196348174087	3.8239984786498895
0.32169649824912455	3.8376564240277644
0.32219664832416206	3.851305980875099
0.32269679839919957	3.864946937262876
0.3231969484742371	3.8785790812620746
0.3236970985492746	3.892202200943672
0.3241972486243121	3.9058160843786482
0.32469739869934966	3.919420519637984
0.32519754877438717	3.9330152947926544
0.3256976988494247	3.94660019791364
0.3261978489244622	3.9601750170719203
0.3266979989994997	3.973739540338472
0.32719814907453726	3.98729355578428
0.32769829914957477	4.000836851480317
0.3281984492246123	4.014369215497563
0.3286985992996498	4.027890435906999
0.3291987493746873	4.0414003007796016
0.3296988994497248	4.054898598186352
0.33019904952476237	4.068385116198228
0.3306991995997999	4.08185964288621
0.3311993496748374	4.095321966321273
0.3316994997498749	4.1087718745743995
0.3321996498249124	4.122209155716568
0.3326997998999499	4.135633597818757
0.3331999499749875	4.149044988951943
0.333700100050025	4.162443117187111
0.3342002501250625	4.175827770595233
0.3347004002001	4.189198737247292
0.3352005502751375	4.202555805214267
0.3357007003501751	4.215898762567136
0.3362008504252126	4.229227397376876
0.3367010005002501	4.24254149771447
0.3372011505752876	4.255840851650892
0.3377013006503251	4.269125247257124
0.3382014507253626	4.282394472604147
0.3387016008004002	4.295648315762937
0.3392017508754377	4.308886564804472
0.3397019009504752	4.322109007799733
0.3402020510255127	4.335315432819697
0.3407022011005502	4.348505627935346
0.3412023511755878	4.361679381217658
0.3417025012506253	4.374836480737607
0.3422026513256628	4.387976714566179
0.3427028014007003	4.40109987077435
0.3432029514757378	4.414205737433098
0.3437031015507753	4.427294102613403
0.3442032516258129	4.440364754386245
0.3447034017008504	4.453417480822599
0.3452035517758879	4.466452069993447
0.3457037018509254	4.479468309969768
0.3462038519259629	4.4924659888225404
0.3467040020010005	4.505444894622745
0.347204152076038	4.5184048154413565
0.3477043021510755	4.531345539349356
0.348204452226113	4.544266854417724
0.3487046023011505	4.557168548717436
0.34920475237618803	4.570050410319475
0.3497049024512256	4.582912227294819
0.3502050525262631	4.595761968786419
0.3507052026013006	4.608603707678742
0.3512053526763381	4.621425042540396
0.35170550275137563	4.634225905998
0.35220565282641314	4.64700623067817
0.3527058029014507	4.659765949207524
0.3532059529764882	4.6725049942126775
0.3537061030515257	4.685223298320246
0.35420625312656323	4.697920794156849
0.35470640320160074	4.710597414349102
0.3552065532766383	4.723253091523621
0.3557067033516758	4.735887758307023
0.3562068534267133	4.748501347325927
0.35670700350175083	4.761093791206947
0.35720715357678834	4.7736650225767
0.35770730365182585	4.786214974061805
0.3582074537268634	4.798743578288878
0.3587076038019009	4.811250767884534
0.35920775387693843	4.823736475475392
0.35970790395197594	4.836200633688065
0.36020805402701345	4.848643175149175
0.360708204102051	4.861064032485336
0.3612083541770885	4.873463138323164
0.36170850425212603	4.8858404252892775
0.36220865432716354	4.8981958260102925
0.36270880440220105	4.910529273112824
0.36320895447723855	4.922840699223493
0.3637091045522761	4.935130036968915
0.36420925462731363	4.947397218975702
0.36470940470235114	4.959642177870477
0.36520955477738865	4.9718648462798525
0.36570970485242615	4.984065156830448
0.3662098549274637	4.99624304214888
0.3667100050025012	5.008398434861764
0.36721015507753874	5.020531267595716
0.36771030515257624	5.032641472977355
0.36821045522761375	5.044728983633296
0.36871060530265126	5.056793732190158
0.3692107553776888	5.068835651274556
0.36971090545272633	5.080854673513107
0.37021105552776384	5.092850731532427
0.37071120560280135	5.104823757959134
0.37121135567783886	5.116773685419846
0.3717115057528764	5.128700446541178
0.37221165582791393	5.140603973949745
0.37271180590295144	5.152484200272167
0.37321195597798895	5.164341058135059
0.37371210605302646	5.17617448016504
0.37421225612806397	5.187984398988723
0.37471240620310153	5.199770747232728
0.37521255627813904	5.21153345752367
0.37571270635317655	5.223272462488166
0.37621285642821406	5.234987694752833
0.37671300650325157	5.246679086944289
0.3772131565782891	5.25834657168915
0.37771330665332664	5.269990081614033
0.37821345672836415	5.281609549345553
0.37871360680340166	5.293204907510328
0.37921375687843917	5.304776088734975
0.3797139069534767	5.316323025646111
0.38021405702851424	5.327845650870353
0.38071420710355175	5.339343897034315
0.38121435717858926	5.350817696764617
0.38171450725362677	5.362266982687873
0.3822146573286643	5.373691687430704
0.3827148074037018	5.385091743619723
0.38321495747873935	5.396467083881549
0.38371510755377686	5.407817640842796
0.38421525762881437	5.419143347130085
0.3847154077038519	5.430444135370029
0.3852155577788894	5.4417199381892445
0.38571570785392695	5.452970688214354
0.38621585792896446	5.4641963180719655
0.38671600800400197	5.475396760388702
0.3872161580790395	5.486571947791178
0.387716308154077	5.497721812906012
0.3882164582291145	5.50884628835982
0.38871660830415206	5.519945306779219
0.38921675837918956	5.5310188007908225
0.3897169084542271	5.542066703021253
0.3902170585292646	5.553088946097123
0.3907172086043021	5.564085462645049
0.39121735867933966	5.575056185291652
0.39171750875437716	5.586001046663545
0.3922176588294147	5.596919979387345
0.3927178089044522	5.607812916089671
0.3932179589794897	5.618679789397137
0.3937181090545272	5.629520531936363
0.39421825912956476	5.640335076333963
0.39471840920460227	5.651123355216555
0.3952185592796398	5.661885301210755
0.3957187093546773	5.67262084694318
0.3962188594297148	5.683329925040446
0.3967190095047523	5.6940124681291735
0.39721915957978987	5.704668408835975
0.3977193096548274	5.7152976797874695
0.3982194597298649	5.725900213610273
0.3987196098049024	5.736475942931001
0.3992197598799399	5.747024800376275
0.39971990995497747	5.757546718572707
0.400220060030015	5.768044443908487
0.4007202101050525	5.778519622745485
0.40122036018009	5.788968373643811
0.4017205102551275	5.799390691534975
0.402220660330165	5.809786571350498
0.4027208104052026	5.820156008021895
0.4032209604802401	5.830498996480683
0.4037211105552776	5.840815531658378
0.4042212606303151	5.851105608486492
0.4047214107053526	5.861369221896544
0.4052215607803902	5.871606366820051
0.4057217108554277	5.881817038188524
0.4062218609304652	5.892001230933483
0.4067220110055027	5.902158939986445
0.4072221610805402	5.912290160278922
0.4077223111555777	5.922394886742431
0.4082224612306153	5.932473114308491
0.4087226113056528	5.9425248379086115
0.4092227613806903	5.952550052474315
0.4097229114557278	5.962548752937115
0.4102230615307653	5.972520934228525
0.4107232116058029	5.982466591280064
0.4112233616808404	5.992385719023247
0.4117235117558779	6.002278312389589
0.4122236618309154	6.012144366310607
0.4127238119059529	6.021983875717817
0.41322396198099043	6.031796835542732
0.413724112056028	6.041583240716872
0.4142242621310655	6.051343086171751
0.414724412206103	6.061076366838885
0.4152245622811405	6.070783077649789
0.41572471235617803	6.080463213535977
0.4162248624312156	6.090116769428972
0.4167250125062531	6.099743740260286
0.4172251625812906	6.10934412096143
0.4177253126563281	6.118917906463926
0.4182254627313656	6.128465091699289
0.41872561280640314	6.13798567159903
0.4192257628814407	6.147479641094673
0.4197259129564782	6.156946995117731
0.4202260630315157	6.166387728599714
0.4207262131065532	6.175801836472145
0.42122636318159073	6.185189313666535
0.42172651325662824	6.194550155114402
0.4222266633316658	6.203884355747264
0.4227268134067033	6.2131919104966356
0.4232269634817408	6.222472814294028
0.42372711355677833	6.231727062070965
0.42422726363181584	6.2409546487589544
0.4247274137068534	6.250155569289522
0.4252275637818909	6.259310210585402
0.4257277138569284	6.268475594591037
0.42622786393196593	6.277609298587945
0.42672801400700344	6.286712260752373
0.42722816408204095	6.295785419260561
0.4277283141570785	6.304829712288754
0.428228464232116	6.313846078013193
0.42872861430715353	6.322835454610117
0.42922876438219104	6.331798780255774
0.42972891445722855	6.340736993126401
0.4302290645322661	6.3496510313982455
0.4307292146073036	6.3585418332475445
0.43122936468234113	6.367410336850541
0.43172951475737864	6.376257480383482
0.43222966483241615	6.385084202022603
0.43272981490745366	6.393891439944151
0.4332299649824912	6.402680132324372
0.43373011505752873	6.411451217339498
0.43423026513256624	6.420205633165778
0.43473041520760375	6.428944317979454
0.43523056528264126	6.437668209956764
0.4357307153576788	6.446378247273957
0.43623086543271633	6.45507536810727
0.43673101550775384	6.463760510632947
0.43723116558279135	6.472434613027231
0.43773131565782886	6.481163056043893
0.43823146573286637	6.489904029942159
0.43873161580790393	6.498651990160048
0.43923176588294144	6.507422997241197
0.43973191595797895	6.516233111729245
0.44023206603301646	6.525098394167835
0.44073221610805396	6.534034905100603
0.4412323661830915	6.543058705071189
0.44173251625812904	6.552185854623236
0.44223266633316655	6.561432414300377
0.44273281640820406	6.57081444464626
0.44323296648324156	6.580348006204516
0.4437331165582791	6.590049159518791
0.44423326663331664	6.600002023344983
0.44473341670835415	6.610166549605741
0.44523356678339165	6.620577187131514
0.44573371685842916	6.631235146797682
0.44623386693346667	6.6421416394796156
0.4467340170085042	6.653297876052692
0.44723416708354174	6.664625680284264
0.44773431715857925	6.676103906220308
0.44823446723361676	6.687626282965355
0.44873461730865427	6.698987317897704
0.4492347673836918	6.709981518395667
0.44973491745872934	6.720403391837555
0.45023506753376685	6.7298839516984765
0.45073521760880436	6.738031989171967
0.45123536768384187	6.744419653055595
0.4517355177588794	6.748600190350282
0.4522356678339169	6.750126718782099
0.45273581790895445	6.748622157489296
0.45323596798399196	6.74377762163494
0.45373611805902947	6.7354239972089625
0.454236268134067	6.723528223095484
0.4547364182091045	6.708205223958327
0.45523656828414205	6.689705937966879
0.45573671835917956	6.668379394155931
0.45623686843421707	6.644641429047346
0.4567370185092546	6.618922743525145
0.4572371685842921	6.591715899300665
0.4577373186593296	6.563392684573913
0.45823746873436716	6.534267784495556
0.45873761880940467	6.504655884216271
0.4592377688844422	6.474871668886724
0.4597379189594797	6.444971192914242
0.4602380690345172	6.415170948169553
0.4607382191095547	6.385541630499264
0.46123836918459227	6.356120747278651
0.4617385192596298	6.326945805883005
0.4622386693346673	6.298054313687598
0.4627388194097048	6.269423540229807
0.4632389694847423	6.241064467533161
0.46373911955977987	6.212946795829538
0.4642392696348174	6.185053679330426
0.4647394197098549	6.157368272247306
0.4652395697848924	6.129873728791662
0.4657397198599299	6.102553203174979
0.4662398699349674	6.075389849608743
0.466740020010005	6.048366822304431
0.4672401700850425	6.021467275473539
0.46774032016008	5.994674363327548
0.4682404702351175	5.967971240077938
0.468740620310155	5.941341059936197
0.4692407703851926	5.91482506912079
0.4697409204602301	5.888363671018059
0.4702410705352676	5.861960941704627
0.4707412206103051	5.835613535314344
0.4712413706853426	5.809318105981074
0.4717415207603801	5.783071307838672
0.4722416708354177	5.756869795020992
0.4727418209104552	5.730710221661897
0.4732419709854927	5.704589241895244
0.4737421210605302	5.678503509854886
0.4742422711355677	5.652449679674683
0.4747424212106053	5.62642440548849
0.4752425712856428	5.600432852849639
0.4757427213606803	5.574480361660624
0.4762428714357178	5.548555291939007
0.4767430215107553	5.522657796591046
0.4772431715857928	5.496788028523001
0.4777433216608304	5.47094614064113
0.4782434717358679	5.445132285851697
0.4787436218109054	5.419346617060958
0.4792437718859429	5.393589287175175
0.4797439219609804	5.367860449100605
0.48024407203601793	5.342160255743511
0.4807442221110555	5.316488860010146
0.481244372186093	5.290846414806776
0.4817445222611305	5.265233073039661
0.482244672336168	5.239648987615057
0.48274482241120553	5.214094311439226
0.4832449724862431	5.188569197418422
0.4837451225612806	5.163073798458912
0.4842452726363181	5.1376082674669545
0.4847454227113556	5.112172757348806
0.48524557278639313	5.086767421010728
0.48574572286143064	5.0613924113589785
0.4862458729364682	5.0360478812998135
0.4867460230115057	5.010733983739502
0.4872461730865432	4.9854508715843
0.48774632316158073	4.960206987411507
0.48824647323661824	4.934992204208737
0.4887466233116558	4.909810245239695
0.4892467733866933	4.884661512339215
0.4897469234617308	4.8595464073421235
0.49024707353676833	4.83446533208325
0.49074722361180584	4.809418688397419
0.49124737368684335	4.784406878119464
0.4917475237618809	4.759430303084209
0.4922476738369184	4.734489365126489
0.49274782391195593	4.709584466081129
0.49324797398699344	4.68471600778296
0.49374812406203095	4.659884392066808
0.4942482741370685	4.6350900207675
0.494748424212106	4.6103332957198715
0.49524857428714353	4.585614618758747
0.49574872436218104	4.5609343917189555
0.49624887443721855	4.536293016435326
0.49674902451225605	4.511690894742687
0.4972491745872936	4.487128428475865
0.4977493246623311	4.462606019469694
0.49824947473736864	4.4381240695590005
0.49874962481240614	4.4136829805786135
0.49924977488744365	4.389283154363359
0.4997499249624812	4.364924992748066
0.5002500750375187	4.340610823114469
0.5007502251125562	4.316340584707669
0.5012503751875937	4.292112734984655
0.5017505252626313	4.267927809873951
0.5022506753376688	4.24378634530408
0.5027508254127063	4.219688877203552
0.5032509754877438	4.195635941500897
0.5037511255627813	4.171628074124622
0.5042512756378189	4.147665811003253
0.5047514257128564	4.123749688065314
0.5052515757878939	4.099880241239312
0.5057517258629314	4.076058006453778
0.5062518759379689	4.05228351963722
0.5067520260130065	4.028557316718161
0.507252176088044	4.00487993362513
0.5077523261630815	3.9812519062866305
0.508252476238119	3.9576737706311924
0.5087526263131565	3.934146062587329
0.509252776388194	3.9106693180835648
0.5097529264632316	3.8872440730484095
0.5102530765382691	3.8638708634103907
0.5107532266133066	3.8405502250980277
0.5112533766883441	3.817282694039832
0.5117535267633816	3.7940688061643333
0.5122536768384192	3.770909097400039
0.5127538269134567	3.7478041036754735
0.5132539769884942	3.724754360919163
0.5137541270635317	3.7017604050596127
0.5142542771385692	3.6788227720253546
0.5147544272136068	3.6559419977448977
0.5152545772886443	3.6331186181467636
0.5157547273636818	3.6103531691594797
0.5162548774387193	3.5876461867115528
0.5167550275137568	3.564998206731513
0.5172551775887944	3.5424097651478688
0.5177553276638318	3.519881397889149
0.5182554777388694	3.497413640883863
0.5187556278139069	3.4750070300605356
0.5192557778889444	3.452662101347689
0.519755927963982	3.430379390673834
0.5202560780390194	3.408159433967499
0.520756228114057	3.3860027671571946
0.5212563781890945	3.3639099261714427
0.521756528264132	3.341881446938767
0.5222566783391696	3.3199178653876786
0.522756828414207	3.2980197174467047
0.5232569784892446	3.2761875390443564
0.5237571285642821	3.2544218661091566
0.5242572786393196	3.2327232345696286
0.5247574287143572	3.2110921803542825
0.5252575787893946	3.18953391815414
0.5257577288644322	3.1680488271895118
0.5262578789394697	3.1466333784243803
0.5267580290145072	3.1252883282888737
0.5272581790895448	3.104014433213103
0.5277583291645822	3.0828124496271996
0.5282584792396198	3.0616831339612727
0.5287586293146572	3.0406272426454533
0.5292587793896948	3.019645532109854
0.5297589294647324	2.998738758784598
0.5302590795397698	2.9779076790998134
0.5307592296148074	2.9571530494856106
0.5312593796898448	2.9364756263721206
0.5317595297648824	2.9158761661894523
0.53225967983992	2.8953554253677325
0.5327598299149574	2.8749141603370885
0.533259979989995	2.85455312752763
0.5337601300650324	2.8342730833694874
0.53426028014007	2.814074784292773
0.5347604302151076	2.793958986727612
0.535260580290145	2.773926447104129
0.5357607303651826	2.7539779218524365
0.53626088044022	2.7341141674026646
0.5367610305152576	2.7143359401849234
0.537261180590295	2.6946439966293454
0.5377613306653326	2.6750390931660406
0.5382614807403702	2.6555219862251342
0.5387616308154076	2.6360934322367537
0.5392617808904452	2.616754187631008
0.5397619309654826	2.597505008838028
0.5402620810405202	2.578346652287927
0.5407622311155578	2.559279874410829
0.5412623811905952	2.5403054316368596
0.5417625312656328	2.5214240803961303
0.5422626813406702	2.5026365771187713
0.5427628314157078	2.483943678234895
0.5432629814907454	2.4653461401746246
0.5437631315657828	2.4468447193680882
0.5442632816408204	2.4284401722453968
0.5447634317158578	2.410133255236678
0.5452635817908954	2.391924724772047
0.545763731865933	2.373815337281627
0.5462638819409704	2.3558058491955443
0.546764032016008	2.3378970169439106
0.5472641820910454	2.320089596956854
0.547764332166083	2.3023843456644895
0.5482644822411205	2.2847820194969444
0.548764632316158	2.267283374884332
0.5492647823911956	2.249889168256777
0.549764932466233	2.2326001560444046
0.5502650825412706	2.2153474127419166
0.550765232616308	2.1981439424040716
0.5512653826913456	2.181065259120283
0.5517655327663832	2.1641115375859705
0.5522656828414206	2.147282952496556
0.5527658329164582	2.130579678547449
0.5532659829914957	2.114001890434074
0.5537661330665332	2.0975497628518402
0.5542662831415708	2.081223470496169
0.5547664332166082	2.0650231880624816
0.5552665832916458	2.048949090246187
0.5557667333666833	2.0330013517427097
0.5562668834417208	2.0171801472474598
0.5567670335167583	2.001485651455862
0.5572671835917958	1.985918039063325
0.5577673336668334	1.970477484765271
0.5582674837418709	1.95516416325712
0.5587676338169084	1.9399782492342823
0.5592677838919459	1.9249199173921807
0.5597679339669834	1.9099893424262278
0.560268084042021	1.8951866990318418
0.5607682341170585	1.880512161904445
0.561268384192096	1.8659659057394467
0.5617685342671335	1.851548105232271
0.562268684342171	1.8372589350783286
0.5627688344172086	1.82309856997304
0.563268984492246	1.8090671846118256
0.5637691345672836	1.7951649536900953
0.5642692846423211	1.781392051903273
0.5647694347173586	1.7677486539467697
0.5652695847923962	1.754234934516006
0.5657697348674336	1.7408510683064018
0.5662698849424712	1.7275972300133677
0.5667700350175087	1.7144735943323275
0.5672701850925462	1.7014803359586916
0.5677703351675837	1.6886176295878832
0.5682704852426212	1.675885649915314
0.5687706353176588	1.6632845716364046
0.5692707853926963	1.650814569446574
0.5697709354677338	1.6384758180412335
0.5702710855427713	1.626268492115806
0.5707712356178088	1.6141927663657039
0.5712713856928464	1.6022488154863468
0.5717715357678839	1.5904368141731537
0.5722716858429214	1.5787569371215373
0.5727718359179589	1.5672093590269192
0.5732719859929964	1.5557942545847114
0.573772136068034	1.5445117984903345
0.5742722861430715	1.5333621654392073
0.574772436218109	1.5223455301267423
0.5752725862931465	1.5114620672483612
0.575772736368184	1.5007119514994771
0.5762728864432216	1.4900953575755085
0.5767730365182591	1.4796124601718754
0.5772731865932966	1.46926343398399
0.5777733366683341	1.4590484537072745
0.5782734867433716	1.4489676940371412
0.5787736368184091	1.4390213296690113
0.5792737868934467	1.429209535298298
0.5797739369684842	1.4195324856204214
0.5802740870435217	1.4099903553307986
0.5807742371185592	1.4005833191248447
0.5812743871935967	1.3913115516979795
0.5817745372686343	1.3821752277456167
0.5822746873436718	1.3731745219631757
0.5827748374187093	1.364309609046075
0.5832749874937468	1.3555806636897278
0.5837751375687843	1.3469878605895556
0.5842752876438219	1.3385313744409715
0.5847754377188594	1.330211379939394
0.5852755877938969	1.322028051780243
0.5857757378689344	1.3139815646589315
0.5862758879439719	1.3060720932708798
0.5867760380190095	1.2982998123115022
0.5872761880940469	1.290664896476219
0.5877763381690845	1.2831675204604438
0.588276488244122	1.2758078589595956
0.5887766383191595	1.268586086669093
0.5892767883941971	1.2615023782843502
0.5897769384692345	1.254556908500787
0.5902770885442721	1.247749852013818
0.5907772386193096	1.2410813835188614
0.5912773886943471	1.234551677711336
0.5917775387693847	1.2281609092866557
0.5922776888444221	1.2219092529402407
0.5927778389194597	1.215796883367506
0.5932779889944972	1.2098239752638689
0.5937781390695347	1.2039907033247486
0.5942782891445723	1.1982972422455596
0.5947784392196097	1.1927437667217213
0.5952785892946473	1.1873304514486482
0.5957787393696848	1.182057471121759
0.5962788894447223	1.1769250004364717
0.5967790395197599	1.171933214088202
0.5972791895947973	1.1670822867723678
0.5977793396698349	1.1623723931843852
0.5982794897448723	1.1578037080196733
0.5987796398199099	1.1533764059736467
0.5992797898949475	1.1490906617417236
0.5997799399699849	1.1449466500193224
0.6002800900450225	1.1401264886777374
0.6007802401200599	1.1364741741084554
0.6012803901950975	1.1328829937918137
0.6017805402701351	1.1293524639381571
0.6022806903451725	1.125882100757831
0.6027808404202101	1.1224714204611788
0.6032809904952475	1.119119939258547
0.6037811405702851	1.115827173360278
0.6042812906453227	1.1125926389767176
0.6047814407203601	1.1094158523182118
0.6052815907953977	1.1062963295951023
0.6057817408704351	1.1032335870177365
0.6062818909454727	1.100227140796457
0.6067820410205101	1.0972765071416102
0.6072821910955477	1.0943812022635393
0.6077823411705853	1.0915407423725896
0.6082824912456227	1.0887546436791062
0.6087826413206603	1.0860224223934327
0.6092827913956977	1.0833435947259151
0.6097829414707353	1.0807176768868967
0.6102830915457729	1.0781441850867226
0.6107832416208103	1.0756226355357383
0.6112833916958479	1.0731525444442869
0.6117835417708853	1.070733428022715
0.6122836918459229	1.0683648024813654
0.6127838419209605	1.0660461840305833
0.6132839919959979	1.0637770888807148
0.6137841420710355	1.0615570332421023
0.6142842921460729	1.059385533325092
0.6147844422211105	1.0572621053400277
0.6152845922961481	1.0551862654972546
0.6157847423711855	1.0531575300071174
0.6162848924462231	1.0511754150799604
0.6167850425212605	1.0492394369261286
0.6172851925962981	1.0473491117559661
0.6177853426713356	1.0455039557798185
0.6182854927463731	1.0437034852080291
0.6187856428214107	1.0419472162509438
0.6192857928964481	1.0402346651189063
0.6197859429714857	1.038565348022262
0.6202860930465232	1.036938781171356
0.6207862431215607	1.0353544807765314
0.6212863931965983	1.033811963048134
0.6217865432716357	1.0323107441965083
0.6222866933466733	1.0308503404319984
0.6227868434217108	1.02943026796495
0.6232869934967483	1.0280500430057067
0.6237871435717859	1.0267091817646135
0.6242872936468233	1.0254072004520154
0.6247874437218609	1.0241436152782568
0.6252875937968984	1.0229179424536825
0.6257877438719359	1.0217296981886368
0.6262878939469734	1.0205783986934647
0.6267880440220109	1.0194635601785105
0.6272881940970485	1.0183846988541194
0.627788344172086	1.0173413309306358
0.6282884942471235	1.016332972618404
0.628788644322161	1.015359140127769
0.6292887943971985	1.0144193496690759
0.6297889444722361	1.0135131174526684
0.6302890945472736	1.012639959688892
0.6307892446223111	1.0117993925880908
0.6312893946973486	1.0109909323606092
0.6317895447723861	1.0102140952167928
0.6322896948474237	1.0094683973669858
0.6327898449224612	1.0087533550215326
0.6332899949974987	1.0080684843907783
0.6337901450725362	1.0074133016850675
0.6342902951475737	1.0067873231147444
0.6347904452226113	1.0061900648901538
0.6352905952976488	1.0056210432216408
0.6357907453726863	1.0050797743195499
0.6362908954477238	1.0045657743942251
0.6367910455227613	1.004078559656012
0.6372911955977988	1.0036176463152549
0.6377913456728364	1.003182550582298
0.6382914957478739	1.0027727886674866
0.6387916458229114	1.0023878767811651
0.6392917958979489	1.0020273311336783
0.6397919459729864	1.0016906679353703
0.640292096048024	1.0013774033965865
0.6407922461230615	1.0010870537276708
0.641292396198099	1.000819135138969
0.6417925462731365	1.0005731638408246
0.642292696348174	1.000348656043583
0.6427928464232116	1.0001451279575884
0.6432929964982491	0.9999620957931855
0.6437931465732866	0.999799075760719
0.6442932966483241	0.9996555840705339
0.6447934467233616	0.9995311369329746
0.6452935967983991	0.9994252505583854
0.6457937468734366	0.9993374411571118
0.6462938969484742	0.9992672249394976
0.6467940470235117	0.9992141181158879
0.6472941970985492	0.9991776368966272
0.6477943471735867	0.9991572974920606
0.6482944972486242	0.9991526161125319
0.6487946473236618	0.9991631089683867
0.6492947973986993	0.9991882922699689
0.6497949474737368	0.9992276822276233
0.6502950975487743	0.9992807950516951
0.6507952476238118	0.9993471469525285
0.6512953976988494	0.9994262541404679
0.6517955477738869	0.9995176328258587
0.6522956978489244	0.9996207992190449
0.652795847923962	0.9997352695303714
0.6532959979989994	0.999860559970183
0.653796148074037	0.9999961867488243
0.6542962981490745	1.0001416660766396
0.654796448224112	1.000296514163974
0.6552965982991495	1.000460247221172
0.655796748374187	1.000632381458578
0.6562968984492246	1.0008124330865371
0.656797048524262	1.000999918315394
0.6572971985992996	1.0011943533554928
0.6577973486743371	1.0013952544171782
0.6582974987493746	1.0016021377107953
0.6587976488244122	1.0018145194466892
0.6592977988994496	1.0020319158352033
0.6597979489744872	1.0022538430866832
0.6602980990495247	1.002479817411473
0.6607982491245622	1.0027093550199178
0.6612983991995998	1.002941972122362
0.6617985492746372	1.0031771849291506
0.6622986993496748	1.0034145096506273
0.6627988494247123	1.003653462497138
0.6632989994997498	1.0038935596790266
0.6637991495747874	1.0041343174066382
0.6642992996498248	1.0043752518903168
0.6647994497248624	1.0046158793404079
0.6652995997998998	1.0048557159672553
0.6657997498749374	1.0050942779812042
0.666299899949975	1.0053310815925995
0.6668000500250124	1.0055656430117852
0.66730020010005	1.0057974784491064
0.6678003501750874	1.0060261041149072
0.668300500250125	1.006251036219533
0.6688006503251626	1.0064717909733283
0.6693008004002	1.0066878845866372
0.6698009504752376	1.006898833269805
0.670301100550275	1.007104153233176
0.6708012506253126	1.007303360687095
0.6713014007003502	1.0074959718419065
0.6718015507753876	1.0076815029079553
0.6723017008504252	1.007859470095586
0.6728018509254626	1.008029389615143
0.6733020010005002	1.0081907776769716
0.6738021510755378	1.008343150491416
0.6743023011505752	1.0084860242688212
0.6748024512256128	1.0086189152195315
0.6753026013006502	1.0087413395538916
0.6758027513756878	1.008852813482246
0.6763029014507252	1.0089528532149397
0.6768030515257628	1.0090409749623175
0.6773032016008004	1.0091166949347237
0.6778033516758378	1.0091795293425028
0.6783035017508754	1.0092289943959998
0.6788036518259128	1.0092646063055593
0.6793038019009504	1.0092858812815257
0.679803951975988	1.0092923355342442
0.6803041020510254	1.0092834852740593
0.680804252126063	1.009258846711315
0.6813044022011004	1.0092179360563565
0.681804552276138	1.009160269519529
0.6823047023511756	1.0090853633111756
0.682804852426213	1.0089927336416429
0.6833050025012506	1.008881896721274
0.683805152576288	1.0087523687604143
0.6843053026513256	1.0086036659694082
0.6848054527263631	1.0084353045586003
0.6853056028014006	1.0082468007383356
0.6858057528764382	1.0080376707189584
0.6863059029514756	1.0078074307108138
0.6868060530265132	1.007555596924246
0.6873062031015507	1.0072816855696
0.6878063531765882	1.00698521285722
0.6883065032516258	1.006665694997451
0.6888066533266632	1.006322648200638
0.6893068034017008	1.005955588677125
0.6898069534767383	1.0055640326372566
0.6903071035517758	1.005147496291378
0.6908072536268134	1.0047054958498338
0.6913074037018508	1.0042375475229683
0.6918075537768884	1.0037431675211264
0.6923077038519259	1.0032218720546526
0.6928078539269634	1.0026731773338917
0.693308004002001	1.0020965995691884
0.6938081540770384	1.001491654970887
0.694308304152076	1.0008578597493325
0.6948084542271135	1.0001947301148701
0.695308604302151	0.9995017822778433
0.6958087543771885	0.9987785324485974
0.696308904452226	0.9980244968374768
0.6968090545272636	0.9972391916548263
0.6973092046023011	0.9964221331109909
0.6978093546773386	0.9955728374163146
0.6983095047523761	0.9946908207811427
0.6988096548274136	0.9937755994158193
0.6993098049024512	0.9928266895306892
0.6998099549774887	0.9918436073360973
0.7003101050525262	0.999697725454193
0.7008102551275637	0.9997131423148413
0.7013104052026012	0.9997284032132708
0.7018105552776388	0.9997435081494814
0.7023107053526763	0.9997584571234732
0.7028108554277138	0.9997732501352462
0.7033110055027513	0.9997878871848003
0.7038111555777888	0.9998023682721358
0.7043113056528263	0.9998166933972524
0.7048114557278639	0.9998308625601501
0.7053116058029014	0.9998448757608291
0.7058117558779389	0.9998587329992894
0.7063119059529764	0.999872434275531
0.7068120560280139	0.9998859795895535
0.7073122061030515	0.9998993689413572
0.707812356178089	0.9999126023309424
0.7083125062531265	0.9999256797583086
0.708812656328164	0.9999386012234561
0.7093128064032015	0.9999513667263847
0.709812956478239	0.9999639762670947
0.7103131065532766	0.9999764298455858
0.7108132566283141	0.9999887274618577
0.7113134067033516	1.0000008691159115
0.7118135567783891	1.000012854807746
0.7123137068534267	1.000024684537362
0.7128138569284642	1.0000363583047591
0.7133140070035017	1.0000478761099374
0.7138141570785392	1.000059237952897
0.7143143071535767	1.0000704438336374
0.7148144572286143	1.0000814937521594
0.7153146073036517	1.0000923877084624
0.7158147573786893	1.0001031257025468
0.7163149074537268	1.0001137077344124
0.7168150575287643	1.000124133804059
0.7173152076038019	1.0001344039114868
0.7178153576788393	1.0001445180566961
0.7183155077538769	1.0001544762396863
0.7188156578289144	1.0001642784604579
0.7193158079039519	1.0001739247190107
0.7198159579789895	1.0001834150153446
0.7203161080540269	1.0001927493494596
0.7208162581290645	1.000201927721356
0.721316408204102	1.0002109501310334
0.7218165582791395	1.0002198165784923
0.722316708354177	1.0002285270637323
0.7228168584292145	1.0002370815867536
0.7233170085042521	1.000245480147556
0.7238171585792896	1.0002537227461394
0.7243173086543271	1.0002618093825042
0.7248174587293646	1.00026974005665
0.7253176088044021	1.0002775147685772
0.7258177588794397	1.0002851335182856
0.7263179089544771	1.0002925963057752
0.7268180590295147	1.000299903131046
0.7273182091045522	1.0003070539940981
0.7278183591795897	1.0003140488949311
0.7283185092546273	1.0003208878335457
0.7288186593296647	1.000327570809941
0.7293188094047023	1.000334097824118
0.7298189594797398	1.0003404688760762
0.7303191095547773	1.0003466839658153
0.7308192596298149	1.0003527430933357
0.7313194097048523	1.0003586462586374
0.7318195597798899	1.0003643934617203
0.7323197098549274	1.0003699847025842
0.7328198599299649	1.0003754199812294
0.7333200100050025	1.0003806992976558
0.7338201600800399	1.0003858226518634
0.7343203101550775	1.0003907900438522
0.7348204602301149	1.0003956014736224
0.7353206103051525	1.0004002569411738
0.7358207603801901	1.0004047564465062
0.7363209104552275	1.0004090999896198
0.7368210605302651	1.0004132875705145
0.7373212106053025	1.000417319189191
0.7378213606803401	1.000421194845648
0.7383215107553777	1.0004249145398865
0.7388216608304151	1.0004284782719062
0.7393218109054527	1.0004318860417072
0.7398219609804901	1.000435137849289
0.7403221110555277	1.0004382336946527
0.7408222611305653	1.000441173577797
0.7413224112056027	1.0004439574987227
0.7418225612806403	1.0004465854574296
0.7423227113556777	1.0004490574539178
0.7428228614307153	1.000451373488187
0.7433230115057529	1.0004535335602378
0.7438231615807903	1.0004555376700695
0.7443233116558279	1.0004573858176824
0.7448234617308653	1.0004590780030764
0.7453236118059029	1.0004606142262518
0.7458237618809404	1.0004619944872082
0.7463239119559779	1.000463218785946
0.7468240620310155	1.0004642871224652
0.7473242121060529	1.000465199496765
0.7478243621810905	1.0004659559088465
0.748324512256128	1.000466556358709
0.7488246623311655	1.0004670008463528
0.7493248124062031	1.0004672893717779
0.7498249624812405	1.000467421934984
0.7503251125562781	1.0004673985359713
0.7508252626313155	1.00046721917474
0.7513254127063531	1.0004668838512898
0.7518255627813907	1.0004663925656208
0.7523257128564281	1.0004657453177328
0.7528258629314657	1.0004649421076262
0.7533260130065031	1.000463982935301
0.7538261630815407	1.0004628678007568
0.7543263131565782	1.0004615967039936
0.7548264632316157	1.000460169645012
0.7553266133066533	1.0004585866238114
0.7558267633816907	1.0004568476403919
0.7563269134567283	1.0004549526947537
0.7568270635317658	1.0004529017868968
0.7573272136068033	1.000450694916821
0.7578273636818409	1.0004483320845265
0.7583275137568783	1.0004458132900131
0.7588276638319159	1.000443138533281
0.7593278139069534	1.00044030781433
0.7598279639819909	1.0004373211331603
0.7603281140570285	1.0004341784897717
0.760828264132066	1.0004308798841643
0.7613284142071035	1.0004274253163383
0.761828564282141	1.0004238147862934
0.7623287143571785	1.0004200482940295
0.7628288644322161	1.000416125839547
0.7633290145072535	1.0004120474228457
0.7638291645822911	1.0004078130439256
0.7643293146573286	1.0004034227027867
0.7648294647323661	1.000398876399429
0.7653296148074036	1.0003941741338525
0.7658297648824411	1.0003893159060573
0.7663299149574787	1.0003843017160432
0.7668300650325162	1.0003791315638102
0.7673302151075537	1.0003738054493585
0.7678303651825912	1.000368323372688
0.7683305152576287	1.0003626853337988
0.7688306653326663	1.0003568913326908
0.7693308154077038	1.0003509413693636
0.7698309654827413	1.0003448354438182
0.7703311155577788	1.0003385735560537
0.7708312656328163	1.0003321557060705
0.7713314157078539	1.0003255818938683
0.7718315657828914	1.0003188521194475
0.7723317158579289	1.000311966382808
0.7728318659329664	1.0003049246839495
0.7733320160080039	1.0002977270228721
0.7738321660830414	1.0002903733995763
0.774332316158079	1.0002828638140613
0.7748324662331165	1.0002751982663276
0.775332616308154	1.0002673767563752
0.7758327663831915	1.0002593992842042
0.776332916458229	1.0002512658498142
0.7768330665332666	1.0002429764532053
0.7773332166083041	1.0002345310943777
0.7778333666833416	1.0002259297733311
0.7783335167583791	1.000217172490066
0.7788336668334166	1.000208259244582
0.7793338169084542	1.0001991900368792
0.7798339669834917	1.0001899648669577
0.7803341170585292	1.0001805837348172
0.7808342671335667	1.000171046640458
0.7813344172086042	1.00016135358388
0.7818345672836418	1.0001515045650833
0.7823347173586793	1.0001414995840678
0.7828348674337168	1.0001313386408335
0.7833350175087543	1.0001210217353804
0.7838351675837918	1.0001105488677082
0.7843353176588294	1.0000999200378176
0.7848354677338668	1.000089135245708
0.7853356178089044	1.0000781944913797
0.7858357678839419	1.0000670977748325
0.7863359179589794	1.0000558450960666
0.786836068034017	1.000044436455082
0.7873362181090544	1.0000328718518783
0.787836368184092	1.0000211512864559
0.7883365182591295	1.000009274758815
0.788836668334167	0.999997242268955
0.7893368184092046	0.9999850538168764
0.789836968484242	0.9999727094025787
0.7903371185592796	0.9999602090260624
0.7908372686343171	0.9999475526873273
0.7913374187093546	0.9999347403863734
0.7918375687843922	0.9999217721232008
0.7923377188594296	0.9999086478978093
0.7928378689344672	0.999895367710199
0.7933380190095046	0.9998819315603699
0.7938381690845422	0.999868339448322
0.7943383191595798	0.9998545913740553
0.7948384692346172	0.9998406873375698
0.7953386193096548	0.9998266273388656
0.7958387693846922	0.9998124113779425
0.7963389194597298	0.9997980394548007
0.7968390695347674	0.9997835115694401
0.7973392196098048	0.9997688277218606
0.7978393696848424	0.9997539879120625
0.7983395197598798	0.9997389921400452
0.7988396698349174	0.9997238404058094
0.799339819909955	0.9997085327093548
0.7998399699849924	0.9996930690506814
0.80034012006003	1.00051751693082
0.8008402701350674	1.0004989104024404
0.801340420210105	1.0004806852033794
0.8018405702851426	1.0004628379245044
0.80234072036018	1.000445365156683
0.8028408704352176	1.0004282634907824
0.803341020510255	1.0004115295176694
0.8038411705852926	1.0003951598282115
0.80434132066033	1.0003791510132762
0.8048414707353676	1.000363499663731
0.8053416208104052	1.000348202370442
0.8058417708854426	1.000333255724278
0.8063419209604802	1.0003186563161048
0.8068420710355176	1.0003044007367907
0.8073422211105552	1.0002904855772028
0.8078423711855928	1.0002769074282083
0.8083425212606302	1.000263662880674
0.8088426713356678	1.0002507485254677
0.8093428214107052	1.0002381609534567
0.8098429714857428	1.0002258967555082
0.8103431215607804	1.0002139525224893
0.8108432716358178	1.0002023248452674
0.8113434217108554	1.0001910103147096
0.8118435717858928	1.0001800055216836
0.8123437218609304	1.000169307057056
0.8128438719359679	1.0001589115116947
0.8133440220110054	1.0001488154764666
0.813844172086043	1.0001390155422394
0.8143443221610804	1.0001295082998798
0.814844472236118	1.0001202903402553
0.8153446223111555	1.0001113582542331
0.815844772386193	1.0001027086326806
0.8163449224612306	1.0000943380664653
0.816845072536268	1.0000862431464541
0.8173452226113056	1.0000784204635143
0.817845372686343	1.0000708666085134
0.8183455227613806	1.0000635781723184
0.8188456728364182	1.0000565517457969
0.8193458229114556	1.0000497839198157
0.8198459729864932	1.0000432712852425
0.8203461230615307	1.0000370104329444
0.8208462731365682	1.0000309979537887
0.8213464232116058	1.0000252304386428
0.8218465732866432	1.0000197044783736
0.8223467233616808	1.0000144166638485
0.8228468734367183	1.0000093635859353
0.8233470235117558	1.0000045418355004
0.8238471735867933	0.9999999480034117
0.8243473236618308	0.9999955786805362
0.8248474737368684	0.9999914304577413
0.8253476238119059	0.9999874999258941
0.8258477738869434	0.9999837836758625
0.8263479239619809	0.9999802782985129
0.8268480740370184	0.9999769803847129
0.827348224112056	0.9999738865253298
0.8278483741870934	0.9999709933112312
0.828348524262131	0.9999682973332837
0.8288486743371685	0.9999657951823551
0.829348824412206	0.9999634834493122
0.8298489744872436	0.9999613587250229
0.830349124562281	0.9999594176003541
0.8308492746373186	0.9999576566661729
0.8313494247123561	0.999956072513347
0.8318495747873936	0.9999546617327433
0.8323497248624312	0.9999534209152293
0.8328498749374686	0.9999523466516723
0.8333500250125062	0.9999514355329394
0.8338501750875437	0.999950684149898
0.8343503251625812	0.9999500890934151
0.8348504752376187	0.9999496469543583
0.8353506253126562	0.9999493543235948
0.8358507753876938	0.9999492077919917
0.8363509254627313	0.9999492039504163
0.8368510755377688	0.9999493393897362
0.8373512256128063	0.9999496107008184
0.8378513756878438	0.9999500144745301
0.8383515257628814	0.9999505473017386
0.8388516758379189	0.9999512057733112
0.8393518259129564	0.9999519864801156
0.8398519759879939	0.9999528860130185
0.8403521260630314	0.9999539009628873
0.840852276138069	0.9999550279205891
0.8413524262131065	0.9999562634769918
0.841852576288144	0.9999576042229622
0.8423527263631815	0.9999590467493675
0.842852876438219	0.9999605876470754
0.8433530265132565	0.9999622235069525
0.8438531765882941	0.9999639509198667
0.8443533266633316	0.999965766476685
0.8448534767383691	0.9999676667682748
0.8453536268134066	0.9999696483855032
0.8458537768884441	0.9999717079192372
0.8463539269634817	0.9999738419603448
0.8468540770385192	0.9999760470996929
0.8473542271135567	0.9999783199281485
0.8478543771885942	0.9999806570365793
0.8483545272636317	0.9999830550158523
0.8488546773386693	0.9999855104568349
0.8493548274137068	0.9999880199503943
0.8498549774887443	0.9999905800873979
0.8503551275637818	0.999993187458713
0.8508552776388193	0.9999958386552066
0.8513554277138569	0.9999985302677462
0.8518555777888944	1.000001258887199
0.8523557278639319	1.000004021104432
0.8528558779389694	1.000006813510313
0.8533560280140069	1.000009632695709
0.8538561780890445	1.0000124752514872
0.8543563281640819	1.000015337768515
0.8548564782391195	1.0000182168376597
0.855356628314157	1.0000211090497881
0.8558567783891945	1.0000240109957683
0.8563569284642321	1.000026919266467
0.8568570785392695	1.0000298304527515
0.8573572286143071	1.0000327411454892
0.8578573786893446	1.0000356479355477
0.8583575287643821	1.0000385474137936
0.8588576788394197	1.0000414361710943
0.8593578289144571	1.0000443107983177
0.8598579789894947	1.0000471678863305
0.8603581290645322	1.000050004026
0.8608582791395697	1.0000528158081936
0.8613584292146073	1.0000555998237783
0.8618585792896447	1.000058352663622
0.8623587293646823	1.0000610709185915
0.8628588794397197	1.0000637511795543
0.8633590295147573	1.0000663900373772
0.8638591795897949	1.000068984082928
0.8643593296648323	1.0000715299070737
0.8648594797398699	1.0000740241006818
0.8653596298149073	1.0000764632546193
0.8658597798899449	1.0000788439597537
0.8663599299649825	1.000081162806952
0.8668600800400199	1.0000834163870815
0.8673602301150575	1.00008560129101
0.8678603801900949	1.000087714109604
0.8683605302651325	1.0000897514337312
0.86886068034017	1.0000917098542588
0.8693608304152075	1.0000935859620546
0.8698609804902451	1.0000953763479847
0.8703611305652825	1.0000970776029172
0.8708612806403201	1.0000986863177193
0.8713614307153577	1.000100199083258
0.8718615807903951	1.0001016124904012
0.8723617308654327	1.0001029231300151
0.8728618809404701	1.0001041275929679
0.8733620310155077	1.0001052224701266
0.8738621810905451	1.0001062043523585
0.8743623311655827	1.0001070698305305
0.8748624812406203	1.0001078154955103
0.8753626313156577	1.000108437938165
0.8758627813906953	1.0001089337493618
0.8763629314657327	1.0001092995199683
0.8768630815407703	1.0001095318408515
0.8773632316158079	1.000109627302879
0.8778633816908453	1.0001095824969173
0.8783635317658829	1.0001093940138341
0.8788636818409203	1.0001090584444974
0.8793638319159579	1.0001085723797734
0.8798639819909955	1.0001079324105295
0.8803641320660329	1.0001071351276336
0.8808642821410705	1.0001061771219526
0.8813644322161079	1.0001050549843538
0.8818645822911455	1.0001037653057043
0.882364732366183	1.000102304676872
0.8828648824412205	1.0001006696887231
0.8833650325162581	1.0000988569321259
0.8838651825912955	1.000096862997947
0.8843653326663331	1.0000946844770537
0.8848654827413706	1.0000923179603138
0.8853656328164081	1.0000897600385945
0.8858657828914457	1.0000870073027623
0.8863659329664831	1.0000840563436855
0.8868660830415207	1.0000809037522307
0.8873662331165582	1.0000775461192652
0.8878663831915957	1.0000739800356564
0.8883665332666333	1.000070202092272
0.8888666833416707	1.0000662088799783
0.8893668334167083	1.0000619969896434
0.8898669834917458	1.0000575630121342
0.8903671335667833	1.0000529035383183
0.8908672836418209	1.0000480151590627
0.8913674337168583	1.0000428944652344
0.8918675837918959	1.000037538047701
0.8923677338669334	1.00003194249733
0.8928678839419709	1.0000261044049883
0.8933680340170084	1.0000200203615437
0.8938681840920459	1.0000136869578626
0.8943683341670835	1.0000071007848128
0.894868484242121	1.0000002584332617
0.8953686343171585	0.9999931564940763
0.895868784392196	0.999985791558124
0.8963689344672335	0.9999781602162716
0.8968690845422711	0.9999702590593875
0.8973692346173086	0.9999620846783379
0.8978693846923461	0.9999536336639904
0.8983695347673836	0.9999449026072124
0.8988696848424211	0.9999358880988709
0.8993698349174587	0.9999265867298336
0.8998699849924962	0.9999169950909674
0.9003701350675337	0.9999944465396297
0.9008702851425712	0.9999947712665376
0.9013704352176087	0.9999950918341125
0.9018705852926462	0.9999954082564507
0.9023707353676838	0.9999957205476476
0.9028708854427213	0.9999960287217993
0.9033710355177588	0.9999963327930016
0.9038711855927963	0.9999966327753502
0.9043713356678338	0.9999969286829417
0.9048714857428714	0.9999972205298706
0.9053716358179089	0.9999975083302339
0.9058717858929464	0.9999977920981268
0.9063719359679839	0.9999980718476452
0.9068720860430214	0.9999983475928854
0.907372236118059	0.9999986193479432
0.9078723861930965	0.9999988871269141
0.908372536268134	0.9999991509438938
0.9088726863431715	0.9999994108129785
0.909372836418209	0.9999996667482639
0.9098729864932465	0.9999999187638462
0.9103731365682841	1.0000001668738205
0.9108732866433216	1.0000004110922835
0.9113734367183591	1.0000006514333306
0.9118735867933966	1.0000008879110573
0.9123737368684341	1.0000011205395605
0.9128738869434716	1.000001349332935
0.9133740370185092	1.0000015743052768
0.9138741870935467	1.0000017954706824
0.9143743371685842	1.0000020128432467
0.9148744872436217	1.0000022264370665
0.9153746373186592	1.0000024362662374
0.9158747873936968	1.0000026423448547
0.9163749374687343	1.0000028446870146
0.9168750875437718	1.0000030433068132
0.9173752376188093	1.000003238218346
0.9178753876938468	1.000003429435709
0.9183755377688844	1.0000036169729976
0.9188756878439219	1.0000038008443082
0.9193758379189594	1.0000039810637364
0.919875987993997	1.0000041576453782
0.9203761380690344	1.0000043306033297
0.920876288144072	1.0000044999516864
0.9213764382191094	1.0000046657045438
0.921876588294147	1.0000048278759985
0.9223767383691845	1.000004986480146
0.922876888444222	1.0000051415310816
0.9233770385192596	1.0000052930429018
0.923877188594297	1.0000054410297026
0.9243773386693346	1.0000055855055794
0.9248774887443721	1.0000057264846283
0.9253776388194096	1.0000058639809446
0.9258777888944472	1.0000059980086253
0.9263779389694846	1.000006128581765
0.9268780890445222	1.0000062557144602
0.9273782391195597	1.0000063794208067
0.9278783891945972	1.0000064997149003
0.9283785392696348	1.0000066166108366
0.9288786893446722	1.000006730122712
0.9293788394197098	1.0000068402646218
0.9298789894947473	1.000006947050662
0.9303791395697848	1.0000070504949286
0.9308792896448224	1.0000071506115173
0.9313794397198598	1.0000072474145243
0.9318795897948974	1.000007340918045
0.9323797398699348	1.0000074311361753
0.9328798899449724	1.000007518083011
0.93338004002001	1.0000076017726482
0.9338801900950474	1.000007682219183
0.934380340170085	1.0000077594367103
0.9348804902451224	1.000007833439327
0.93538064032016	1.000007904241128
0.9358807903951976	1.0000079718562098
0.936380940470235	1.000008036298668
0.9368810905452726	1.0000080975825991
0.93738124062031	1.0000081557220977
0.9378813906953476	1.0000082107312604
0.9383815407703852	1.0000082626241833
0.9388816908454226	1.0000083114149614
0.9393818409204602	1.0000083571176916
0.9398819909954976	1.000008399746469
0.9403821410705352	1.0000084393153892
0.9408822911455726	1.0000084758385488
0.9413824412206102	1.0000085093300435
0.9418825912956478	1.0000085398039686
0.9423827413706852	1.0000085672744208
0.9428828914457228	1.000008591755495
0.9433830415207602	1.0000086132612878
0.9438831915957978	1.0000086318058947
0.9443833416708354	1.0000086474034118
0.9448834917458728	1.0000086600679345
0.9453836418209104	1.000008669813559
0.9458837918959478	1.0000086766543808
0.9463839419709854	1.0000086806044963
0.946884092046023	1.000008681678001
0.9473842421210604	1.000008679888991
0.947884392196098	1.0000086752515613
0.9483845422711354	1.0000086677798088
0.948884692346173	1.0000086574878289
0.9493848424212106	1.0000086443897176
0.949884992496248	1.0000086284995702
0.9503851425712856	1.0000086098314835
0.950885292646323	1.0000085883995522
0.9513854427213606	1.000008564217873
0.9518855927963981	1.0000085373005418
0.9523857428714356	1.000008507661654
0.9528858929464732	1.0000084753153056
0.9533860430215106	1.0000084402755922
0.9538861930965482	1.0000084025566105
0.9543863431715857	1.0000083621724551
0.9548864932466232	1.0000083191372227
0.9553866433216608	1.000008273465009
0.9558867933966982	1.0000082251699098
0.9563869434717358	1.000008174266021
0.9568870935467733	1.0000081207674378
0.9573872436218108	1.0000080646882572
0.9578873936968484	1.0000080060425744
0.9583875437718858	1.0000079448444852
0.9588876938469234	1.0000078811080857
0.9593878439219609	1.0000078148474716
0.9598879939969984	1.0000077460767385
0.9603881440720359	1.0000076748099824
0.9608882941470734	1.0000076010612995
0.961388444222111	1.0000075248447855
0.9618885942971485	1.0000074461745359
0.962388744372186	1.0000073650646468
0.9628888944472235	1.000007281529214
0.963389044522261	1.0000071955823335
0.9638891945972986	1.0000071072381012
0.9643893446723361	1.0000070165106123
0.9648894947473736	1.0000069234139635
0.9653896448224111	1.0000068279622503
0.9658897948974486	1.0000067301695683
0.9663899449724862	1.0000066300500137
0.9668900950475237	1.0000065276176822
0.9673902451225612	1.0000064228866694
0.9678903951975987	1.0000063158710715
0.9683905452726362	1.0000062065849842
0.9688906953476738	1.0000060950425036
0.9693908454227113	1.000005981257725
0.9698909954977488	1.0000058652447452
0.9703911455727863	1.0000057470176589
0.9708912956478238	1.0000056265905624
0.9713914457228613	1.0000055039775517
0.9718915957978989	1.0000053791927228
0.9723917458729364	1.000005252250171
0.9728918959479739	1.0000051231639926
0.9733920460230114	1.0000049919482834
0.9738921960980489	1.0000048586171388
0.9743923461730865	1.0000047231846556
0.974892496248124	1.0000045856649287
0.9753926463231615	1.0000044460720543
0.975892796398199	1.000004304420128
0.9763929464732365	1.0000041607232462
0.976893096548274	1.0000040149955047
0.9773932466233116	1.0000038672509985
0.9778933966983491	1.0000037175038243
0.9783935467733866	1.0000035657680777
0.9788936968484241	1.0000034120578545
0.9793938469234617	1.0000032563872505
0.9798939969984992	1.0000030987703616
0.9803941470735367	1.0000029392212837
0.9808942971485742	1.0000027777541125
0.9813944472236117	1.000002614382944
0.9818945972986493	1.000002449121874
0.9823947473736867	1.0000022819849985
0.9828948974487243	1.0000021129864127
0.9833950475237618	1.0000019421402135
0.9838951975987993	1.0000017694604957
0.9843953476738369	1.000001594961356
0.9848954977488743	1.0000014186568897
0.9853956478239119	1.0000012405611929
0.9858957978989494	1.0000010606883614
0.9863959479739869	1.0000008790524912
0.9868960980490245	1.0000006956676775
0.9873962481240619	1.000000510548017
0.9878963981990995	1.000000323707605
0.988396548274137	1.000000135160537
0.9888966983491745	0.9999999449209099
0.989396848424212	0.999999753002819
0.9898969984992495	0.9999995594203599
0.9903971485742871	0.9999993641876289
0.9908972986493245	0.9999991673187218
0.9913974487243621	0.9999989688277339
0.9918975987993996	0.9999987687287616
0.9923977488744371	0.9999985670359004
0.9928978989494747	0.9999983637632467
0.9933980490245121	0.9999981589248957
0.9938981990995497	0.9999979525349434
0.9943983491745872	0.9999977446074858
0.9948984992496247	0.9999975351566189
0.9953986493246623	0.999997324196438
0.9958987993996997	0.9999971117410397
0.9963989494747373	0.9999968978045193
0.9968990995497748	0.9999966824009725
0.9973992496248123	0.9999964655444956
0.9978993996998499	0.9999962472491846
0.9983995497748873	0.9999960275291345
0.9988996998499249	0.9999958063984425
0.9993998499249624	0.9999955838712029
0.9999	0.9999953599615123
