0.0001	0.9999999999999974
0.0006001500750375188	0.9999999999999974
0.0011003001500750375	0.9999999999999976
0.0016004502251125562	0.9999999999999976
0.0021006003001500747	0.9999999999999976
0.0026007503751875934	0.9999999999999976
0.003100900450225112	0.9999999999999976
0.003601050525262631	0.9999999999999976
0.00410120060030015	0.9999999999999978
0.004601350675337669	0.9999999999999978
0.0051015007503751875	0.9999999999999978
0.005601650825412706	0.9999999999999978
0.006101800900450225	0.9999999999999978
0.006601950975487744	0.9999999999999978
0.007102101050525262	0.9999999999999978
0.007602251125562781	0.9999999999999979
0.008102401200600299	0.9999999999999979
0.008602551275637818	0.9999999999999979
0.009102701350675337	0.9999999999999979
0.009602851425712855	0.9999999999999979
0.010103001500750374	0.9999999999999979
0.010603151575787893	0.9999999999999979
0.01110330165082541	0.999999999999998
0.01160345172586293	0.999999999999998
0.012103601800900449	0.999999999999998
0.012603751875937968	0.999999999999998
0.013103901950975487	0.999999999999998
0.013604052026013004	0.999999999999998
0.014104202101050524	0.999999999999998
0.014604352176088043	0.9999999999999982
0.01510450225112556	0.9999999999999982
0.01560465232616308	0.9999999999999982
0.0161048024012006	0.9999999999999982
0.016604952476238118	0.9999999999999982
0.017105102551275637	0.9999999999999982
0.017605252626313156	0.9999999999999982
0.018105402701350675	0.9999999999999982
0.01860555277638819	0.9999999999999982
0.01910570285142571	0.9999999999999983
0.01960585292646323	0.9999999999999983
0.020106003001500748	0.9999999999999983
0.020606153076538267	0.9999999999999983
0.021106303151575787	0.9999999999999983
0.021606453226613306	0.9999999999999983
0.02210660330165082	0.9999999999999983
0.02260675337668834	0.9999999999999983
0.02310690345172586	0.9999999999999983
0.02360705352676338	0.9999999999999983
0.024107203601800898	0.9999999999999986
0.024607353676838417	0.9999999999999986
0.025107503751875936	0.9999999999999986
0.025607653826913455	0.9999999999999986
0.026107803901950975	0.9999999999999986
0.02660795397698849	0.9999999999999986
0.02710810405202601	0.9999999999999986
0.02760825412706353	0.9999999999999986
0.028108404202101048	0.9999999999999986
0.028608554277138567	0.9999999999999986
0.029108704352176086	0.9999999999999986
0.029608854427213605	0.9999999999999986
0.03010900450225112	0.9999999999999987
0.03060915457728864	0.9999999999999987
0.03110930465232616	0.9999999999999987
0.031609454727363685	0.9999999999999987
0.0321096048024012	0.9999999999999987
0.03260975487743872	0.9999999999999987
0.03310990495247624	0.9999999999999987
0.033610055027513755	0.9999999999999987
0.03411020510255128	0.9999999999999987
0.03461035517758879	0.9999999999999987
0.035110505252626316	0.9999999999999987
0.03561065532766383	0.9999999999999987
0.036110805402701354	0.9999999999999987
0.03661095547773887	0.9999999999999987
0.037111105552776386	0.9999999999999987
0.03761125562781391	0.9999999999999987
0.038111405702851424	0.9999999999999987
0.038611555777888946	0.9999999999999987
0.03911170585292646	0.9999999999999987
0.039611855927963985	0.9999999999999989
0.0401120060030015	0.9999999999999989
0.040612156078039016	0.9999999999999989
0.04111230615307654	0.9999999999999989
0.041612456228114054	0.9999999999999989
0.04211260630315158	0.9999999999999989
0.04261275637818909	0.9999999999999989
0.043112906453226615	0.9999999999999989
0.04361305652826413	0.9999999999999989
0.04411320660330165	0.9999999999999989
0.04461335667833917	0.9999999999999989
0.045113506753376685	0.9999999999999989
0.04561365682841421	0.9999999999999989
0.04611380690345172	0.9999999999999989
0.046613956978489246	0.9999999999999989
0.04711410705352676	0.9999999999999989
0.047614257128564284	0.9999999999999989
0.0481144072036018	0.9999999999999989
0.048614557278639316	0.9999999999999989
0.04911470735367684	0.9999999999999989
0.049614857428714354	0.9999999999999989
0.05011500750375188	0.9999999999999989
0.05061515757878939	0.9999999999999989
0.051115307653826915	0.9999999999999989
0.05161545772886443	0.9999999999999989
0.05211560780390195	0.9999999999999989
0.05261575787893947	0.9999999999999989
0.053115907953976985	0.9999999999999989
0.05361605802901451	0.9999999999999989
0.05411620810405202	0.9999999999999989
0.054616358179089546	0.9999999999999989
0.05511650825412706	0.9999999999999989
0.055616658329164584	0.9999999999999989
0.0561168084042021	0.9999999999999989
0.056616958479239615	0.9999999999999989
0.05711710855427714	0.9999999999999989
0.057617258629314654	0.9999999999999989
0.058117408704352176	0.9999999999999989
0.05861755877938969	0.9999999999999989
0.059117708854427214	0.9999999999999989
0.05961785892946473	0.9999999999999989
0.060118009004502246	0.9999999999999989
0.06061815907953977	0.9999999999999989
0.061118309154577284	0.9999999999999987
0.06161845922961481	0.9999999999999987
0.06211860930465232	0.9999999999999987
0.06261875937968985	0.9999999999999987
0.06311890945472737	0.9999999999999987
0.06361905952976488	0.9999999999999987
0.0641192096048024	0.9999999999999987
0.06461935967983992	0.9999999999999987
0.06511950975487743	0.9999999999999987
0.06561965982991495	0.9999999999999987
0.06611980990495248	0.9999999999999987
0.06661995997999	0.9999999999999987
0.06712011005502751	0.9999999999999987
0.06762026013006503	0.9999999999999987
0.06812041020510255	0.9999999999999987
0.06862056028014006	0.9999999999999987
0.06912071035517758	0.9999999999999987
0.0696208604302151	0.9999999999999987
0.07012101050525263	0.9999999999999986
0.07062116058029014	0.9999999999999986
0.07112131065532766	0.9999999999999986
0.07162146073036518	0.9999999999999986
0.0721216108054027	0.9999999999999986
0.07262176088044021	0.9999999999999986
0.07312191095547774	0.9999999999999986
0.07362206103051526	0.9999999999999986
0.07412221110555277	0.9999999999999986
0.07462236118059029	0.9999999999999986
0.07512251125562781	0.9999999999999986
0.07562266133066534	0.9999999999999986
0.07612281140570284	0.9999999999999986
0.07662296148074037	0.9999999999999983
0.07712311155577789	0.9999999999999983
0.0776232616308154	0.9999999999999983
0.07812341170585292	0.9999999999999983
0.07862356178089044	0.9999999999999983
0.07912371185592797	0.9999999999999983
0.07962386193096548	0.9999999999999983
0.080124012006003	0.9999999999999983
0.08062416208104052	0.9999999999999983
0.08112431215607803	0.9999999999999983
0.08162446223111555	0.9999999999999982
0.08212461230615307	0.9999999999999982
0.0826247623811906	0.9999999999999982
0.0831249124562281	0.9999999999999982
0.08362506253126563	0.9999999999999982
0.08412521260630315	0.9999999999999982
0.08462536268134066	0.9999999999999982
0.08512551275637818	0.9999999999999982
0.0856256628314157	0.999999999999998
0.08612581290645323	0.999999999999998
0.08662596298149074	0.999999999999998
0.08712611305652826	0.999999999999998
0.08762626313156578	0.999999999999998
0.08812641320660329	0.999999999999998
0.08862656328164081	0.999999999999998
0.08912671335667834	0.999999999999998
0.08962686343171586	0.9999999999999979
0.09012701350675337	0.9999999999999979
0.09062716358179089	0.9999999999999979
0.09112731365682841	0.9999999999999979
0.09162746373186594	0.9999999999999979
0.09212761380690344	0.9999999999999979
0.09262776388194097	0.9999999999999979
0.09312791395697849	0.9999999999999978
0.093628064032016	0.9999999999999978
0.09412821410705352	0.9999999999999978
0.09462836418209104	0.9999999999999978
0.09512851425712857	0.9999999999999978
0.09562866433216607	0.9999999999999978
0.0961288144072036	0.9999999999999976
0.09662896448224112	0.9999999999999976
0.09712911455727863	0.9999999999999976
0.09762926463231615	0.9999999999999976
0.09812941470735367	0.9999999999999976
0.0986295647823912	0.9999999999999976
0.0991297148574287	0.9999999999999974
0.09962986493246623	0.9999999999999974
0.10013001500750375	0.9944869167400749
0.10063016508254126	0.9951755292367809
0.10113031515757878	0.995838050530682
0.1016304652326163	0.996474905159862
0.10213061530765383	0.9970865176624065
0.10263076538269134	0.9976733125763999
0.10313091545772886	0.9982357144399275
0.10363106553276638	0.9987741477910733
0.1041312156078039	0.999289037167923
0.10463136568284141	0.9997808071085611
0.10513151575787893	1.0002498821510721
0.10563166583291646	1.0006966868335412
0.10613181590795397	1.001121645694053
0.10663196598299149	1.0015251832706926
0.10713211605802901	1.0019077241015444
0.10763226613306653	1.0022696927246935
0.10813241620810404	1.0026115136782245
0.10863256628314157	1.0029336115002225
0.10913271635817909	1.0032364107287721
0.1096328664332166	1.0035203359019584
0.11013301650825412	1.003785811557866
0.11063316658329164	1.0040332622345796
0.11113331665832916	1.004263112470184
0.11163346673336667	1.0044757868027645
0.1121336168084042	1.0046717097704052
0.11263376688344172	1.0048513059111917
0.11313391695847923	1.0050149997632079
0.11363406703351675	1.0051632158645398
0.11413421710855427	1.005296378753271
0.1146343671835918	1.0054149129674872
0.1151345172586293	1.0055192430452728
0.11563466733366683	1.0056097935247126
0.11613481740870435	1.0056869889438917
0.11663496748374186	1.0057512538408944
0.11713511755877938	1.005803012753806
0.1176352676338169	1.0058426902207112
0.11813541770885443	1.0058707107796947
0.11863556778389193	1.0058874989688413
0.11913571785892946	1.0058934793262362
0.11963586793396698	1.005889076389964
0.12013601800900449	1.005874714698109
0.12063616808404201	1.0058508187887567
0.12113631815907953	1.0058178131999918
0.12163646823411706	1.005776122469899
0.12213661830915457	1.005726171136563
0.12263676838419209	1.0056683837380684
0.12313691845922961	1.0056031848125009
0.12363706853426713	1.0055309988979446
0.12413721860930464	1.0054522505324843
0.12463736868434216	1.0053673642542051
0.12513751875937967	1.005276764601192
0.12563766883441718	1.005180876111529
0.12613781890945472	1.0050801233233015
0.12663796898449223	1.0049749307745945
0.12713811905952974	1.0048657230034925
0.12763826913456727	1.0047529245480806
0.12813841920960478	1.0046369599464433
0.1286385692846423	1.0045182537366653
0.12913871935967983	1.0043972304568316
0.12963886943471734	1.0042743146450275
0.13013901950975484	1.0041499308393371
0.13063916958479238	1.0040245035778455
0.1311393196598299	1.0038984573986376
0.13163946973486743	1.0037722168397982
0.13213961980990493	1.0036462064394118
0.13263976988494244	1.0035208507355635
0.13313991995997998	1.0033965742663378
0.1336400700350175	1.0032738015698206
0.134140220110055	1.0031529571840954
0.13464037018509253	1.0030344656472476
0.13514052026013004	1.0029187514973616
0.13564067033516755	1.0028062392725228
0.1361408204102051	1.002697353510816
0.1366409704852426	1.0025925187503255
0.1371411205602801	1.0024921595291367
0.13764127063531764	1.0023967003853338
0.13814142071035515	1.0023065658570023
0.1386415707853927	1.002222180482226
0.1391417208604302	1.0021439687990912
0.1396418709354677	1.0020723553456814
0.14014202101050524	1.002007764660082
0.14064217108554275	1.001950621280378
0.14114232116058026	1.0019013497446536
0.1416424712356178	1.0018603745909938
0.1421426213106553	1.001828120357484
0.1426427713856928	1.0018050115822084
0.14314292146073035	1.0017914728032522
0.14364307153576786	1.0017879285586997
0.1441432216108054	1.001794803386636
0.1446433716858429	1.0018125218251461
0.1451435217608804	1.0018415084123145
0.14564367183591795	1.0018821876862265
0.14614382191095546	1.0019349841849665
0.14664397198599297	1.0020003224466194
0.1471441220610305	1.0020786270092703
0.147644272136068	1.0021703224110035
0.14814442221110552	1.0022758331899038
0.14864457228614306	1.0023955838840566
0.14914472236118057	1.0025299990315464
0.14964487243621807	1.002679503170458
0.1501450225112556	1.002844520838876
0.15064517258629312	1.003025476574886
0.15114532266133066	1.0032227949165717
0.15164547273636816	1.003436900402019
0.15214562281140567	1.0036682175693117
0.1526457728864432	1.0039171709565353
0.15314592296148072	1.0041841851017748
0.15364607303651823	1.004469684543114
0.15414622311155576	1.004774093818639
0.15464637318659327	1.0050978374664332
0.15514652326163078	1.005441340024583
0.15564667333666832	1.005805026031172
0.15614682341170583	1.0061893200242857
0.15664697348674333	1.0065946465420086
0.15714712356178087	1.0070214301224254
0.15764727363681838	1.007470095303621
0.15814742371185592	1.0079410666236808
0.15864757378689343	1.0084347686206885
0.15914772386193093	1.00895162583273
0.15964787393696847	1.0094920627978894
0.16014802401200598	1.010056504054252
0.1606481740870435	1.010645374139902
0.16114832416208102	1.0112590975929248
0.16164847423711853	1.011898098951405
0.16214862431215604	1.0125628027534275
0.16264877438719358	1.013253633537077
0.1631489244622311	1.0139710158404383
0.16364907453726862	1.0147153742015966
0.16414922461230613	1.0154871331586357
0.16464937468734364	1.016286717249642
0.16514952476238118	1.0171145510126989
0.1656496748374187	1.017971058985892
0.1661498249124562	1.0188566657073055
0.16664997498749373	1.0197717957150252
0.16715012506253124	1.0207168735471346
0.16765027513756875	1.0216923237417195
0.16815042521260629	1.0226985708368646
0.1686505752876438	1.0237360393706543
0.1691507253626813	1.024805153881174
0.16965087543771884	1.0259063389065082
0.17015102551275635	1.027040018984741
0.17065117558779389	1.0282066186539585
0.1711513256628314	1.0294065624522446
0.1716514757378689	1.0306402749176846
0.17215162581290644	1.0319081805883634
0.17265177588794395	1.0332107040023655
0.17315192596298146	1.0345482696977757
0.173652076038019	1.0359213022126785
0.1741522261130565	1.0373302260851596
0.174652376188094	1.0387754658533033
0.17515252626313155	1.0402574460551948
0.17565267633816906	1.041776591228918
0.17615282641320656	1.0433333259125586
0.1766529764882441	1.0449280746442011
0.1771531265632816	1.0465612619619302
0.17765327663831915	1.0482333124038308
0.17815342671335666	1.049944650507988
0.17865357678839416	1.0516957008124863
0.1791537268634317	1.0534868878554104
0.1796538769384692	1.0553186361748457
0.18015402701350672	1.057191370308876
0.18065417708854425	1.0591055147955875
0.18115432716358176	1.0610614941730636
0.18165447723861927	1.0630597329793903
0.1821546273136568	1.0651006557526514
0.18265477738869432	1.0671846870309327
0.18315492746373185	1.0693122513523183
0.18365507753876936	1.0714837732548932
0.18415522761380687	1.0736996772767424
0.1846553776888444	1.0759603879559507
0.18515552776388192	1.0782663298306026
0.18565567783891943	1.0806179274387833
0.18615582791395696	1.0830156053185767
0.18665597798899447	1.085459788008069
0.18715612806403198	1.0879509000453442
0.18765627813906952	1.0904893659684876
0.18815642821410702	1.0930756103155832
0.18865657828914453	1.0957100576247165
0.18915672836418207	1.0983931324339722
0.18965687843921958	1.1011252592814347
0.19015702851425711	1.1039068627051898
0.19065717858929462	1.106738367243321
0.19115732866433213	1.1096201974339144
0.19165747873936967	1.112552777815054
0.19215762881440718	1.1155365329248248
0.1926577788894447	1.1185718873013113
0.19315792896448222	1.1216592654825992
0.19365807903951973	1.1247990920067723
0.19415822911455724	1.1279917914119162
0.19465837918959478	1.1312377882361153
0.19515852926463229	1.1345375070174546
0.19565867933966982	1.1378913722940187
0.19615882941470733	1.1412998086038928
0.19665897948974484	1.1447632404851613
0.19715912956478238	1.1482820924759094
0.19765927963981988	1.1518567891142213
0.1981594297148574	1.1554877549381826
0.19865957978989493	1.1591754144858777
0.19915972986493244	1.162920192295391
0.19965987993996995	1.166722512904808
0.20016003001500748	1.170995004681502
0.200660180090045	1.1742724563515043
0.2011603301650825	1.1776606465355175
0.20166048024012004	1.181158977500888
0.20216063031515755	1.1847668515149603
0.20266078039019508	1.188483670845081
0.2031609304652326	1.1923088377585955
0.2036610805402701	1.1962417545228494
0.20416123061530764	1.2002818234051889
0.20466138069034515	1.204428446672959
0.20516153076538265	1.208681026593506
0.2056616808404202	1.2130389654341762
0.2061618309154577	1.2175016654623134
0.2066619809904952	1.222068528945265
0.20716213106553275	1.2267389581503767
0.20766228114057025	1.2315123553449931
0.2081624312156078	1.2363881227964613
0.2086625812906453	1.241365662772126
0.2091627313656828	1.2464443775393328
0.20966288144072034	1.2516236693654283
0.21016303151575785	1.2569029405177579
0.21066318159079536	1.2622815932636668
0.2111633316658329	1.2677590298705017
0.2116634817408704	1.2733346526056073
0.21216363181590792	1.2790078637363302
0.21266378189094545	1.2847780655300156
0.21316393196598296	1.2906446602540094
0.21366408204102047	1.296607050175657
0.214164232116058	1.302664637562305
0.21466438219109552	1.3088168246812981
0.21516453226613305	1.3150630137999832
0.21566468234117056	1.3214026071857043
0.21616483241620807	1.3278350071058087
0.2166649824912456	1.3343596158276418
0.21716513256628311	1.3409758356185486
0.21766528264132062	1.3476830687458752
0.21816543271635816	1.354480717476968
0.21866558279139567	1.3613681840791716
0.21916573286643318	1.3683448708198325
0.2196658829414707	1.3754101799662966
0.22016603301650822	1.3825635137859085
0.22066618309154573	1.389804274546015
0.22116633316658327	1.3971318645139617
0.22166648324162078	1.4045456859570937
0.2221666333166583	1.4120451411427577
0.22266678339169582	1.4196296323382986
0.22316693346673333	1.4272985618110623
0.22366708354177087	1.435051331828395
0.22416723361680838	1.4428873446576418
0.22466738369184588	1.4508060025661482
0.22516753376688342	1.4588067078212612
0.22566768384192093	1.4668888626903251
0.22616783391695844	1.4750518694406867
0.22666798399199597	1.4832951303396913
0.22716813406703348	1.4916180476546843
0.22766828414207102	1.500020023653012
0.22816843421710853	1.5085004606020196
0.22866858429214604	1.5170587607690533
0.22916873436718357	1.5256943264214595
0.22966888444222108	1.534406559826582
0.2301690345172586	1.5431948632517671
0.23066918459229613	1.5520586389643625
0.23116933466733364	1.5609972892317112
0.23166948474237115	1.57001021632116
0.23216963481740868	1.579096822500056
0.2326697848924462	1.5882565100357426
0.2331699349674837	1.5974886811955669
0.23367008504252124	1.606792738246875
0.23417023511755874	1.6161680834570111
0.23467038519259628	1.6256141190933227
0.2351705352676338	1.6351302474231544
0.2356706853426713	1.6447158707138516
0.23617083541770884	1.6543703912327614
0.23667098549274634	1.6640932112472284
0.23717113556778385	1.6738837330245975
0.2376712856428214	1.6837413588322176
0.2381714357178589	1.6936654909374311
0.2386715857928964	1.7036555316075854
0.23917173586793394	1.7137108831100258
0.23967188594297145	1.7238309477120979
0.24017203601800896	1.7340151276811473
0.2406721860930465	1.7442628252845211
0.241172336168084	1.7545734427895632
0.24167248624312154	1.7649463824636207
0.24217263631815905	1.775381046574038
0.24267278639319656	1.785876837388162
0.2431729364682341	1.796433157173338
0.2436730865432716	1.8070494081969113
0.24417323661830911	1.8177249927262282
0.24467338669334665	1.8284593130286344
0.24517353676838416	1.8392517713714756
0.24567368684342167	1.8501017700220965
0.2461738369184592	1.8610087112478453
0.2466739869934967	1.8719719973160647
0.24717413706853425	1.8829910304941033
0.24767428714357176	1.894065213049304
0.24817443721860927	1.905193947249014
0.2486745872936468	1.9163766353605798
0.2491747373686843	1.927612679651346
0.24967488744372182	1.9389014823886581
0.25017503751875936	1.950242445839864
0.25067518759379687	1.961634972272306
0.2511753376688344	1.9730784639533323
0.2516754877438719	1.984572323150287
0.25217563781890945	1.9961159521305192
0.25267578789394696	2.0077087531613698
0.25317593796898447	2.019350128510188
0.253676088044022	2.031039480444317
0.2541762381190595	2.0427762112311054
0.254676388194097	2.054559723137897
0.25517653826913456	2.0663894184320384
0.25567668834417207	2.0782646993808744
0.2561768384192096	2.0901849682517515
0.2566769884942471	2.102149627312015
0.2571771385692846	2.114158078829011
0.25767728864432216	2.126209725070086
0.25817743871935966	2.138303968302584
0.2586775887943972	2.150440210793851
0.2591777388694347	2.1626178548112334
0.2596778889444722	2.1748363026220763
0.2601780390195097	2.1870949564937265
0.26067818909454726	2.19939321869353
0.2611783391695848	2.2117304914888303
0.2616784892446223	2.224106177146975
0.2621786393196598	2.2365196779353087
0.2626787893946973	2.2489703961211784
0.26317893946973486	2.2614577339719295
0.26367908954477237	2.273981093754907
0.2641792396198099	2.286539877737456
0.2646793896948474	2.2991334881869245
0.2651795397698849	2.3117613273706556
0.2656796898449224	2.3244227975559975
0.26617983991995997	2.337117301010295
0.2666799899949975	2.3498442400008934
0.267180140070035	2.3626030167951377
0.2676802901450725	2.375393033660375
0.26818044022011	2.3882136928639506
0.2686805902951475	2.40106439667321
0.2691807403701851	2.4139445473555017
0.2696808904452226	2.426853547178166
0.2701810405202601	2.4397907984085525
0.2706811905952976	2.452755703314005
0.2711813406703351	2.4657476641618707
0.2716814907453727	2.478766083219496
0.2721816408204102	2.4918103627542245
0.2726817908954477	2.5048799050334027
0.2731819409704852	2.517974112324376
0.2736820910455227	2.5310923868944912
0.2741822411205602	2.544234131011093
0.2746823911955978	2.557398746941529
0.2751825412706353	2.5705856369531426
0.2756826913456728	2.5837942033132797
0.2761828414207103	2.597023848289287
0.2766829914957478	2.6102739741485097
0.2771831415707854	2.623543983158296
0.2776832916458229	2.6368332775859873
0.2781834417208604	2.6501412596989318
0.2786835917958979	2.6634673317644744
0.2791837418709354	2.6768108960499615
0.27968389194597293	2.6901713548227386
0.2801840420210105	2.703548110350153
0.280684192096048	2.7169405648995473
0.2811843421710855	2.730348120738269
0.281684492246123	2.743770180133664
0.28218464232116053	2.7572061453530763
0.2826847923961981	2.7706554186638557
0.2831849424712356	2.784117402333343
0.2836850925462731	2.7975914986288863
0.2841852426213106	2.8110771098178313
0.2846853926963481	2.824573638167524
0.28518554277138564	2.838080485945309
0.2856856928464232	2.851597055418535
0.2861858429214607	2.865122748854543
0.2866859929964982	2.8786569685206826
0.2871861430715357	2.8921991166842966
0.28768629314657324	2.905748595612733
0.2881864432216108	2.9193048075733383
0.2886865932966483	2.9328671548334557
0.2891867433716858	2.9464350396604306
0.2896868934467233	2.9600078643216103
0.29018704352176083	2.973585031084341
0.29068719359679834	2.987165942215967
0.2911873436718359	3.0007499999838365
0.2916874937468734	3.0143366066552923
0.2921876438219109	3.027925164497682
0.29268779389694843	3.041515075778349
0.29318794397198594	3.055105742764641
0.29368809404702345	3.0686965677239035
0.294188244122061	3.082286952923484
0.2946883941970985	3.095876300630725
0.29518854427213603	3.109464013112973
0.29568869434717354	3.123049492637574
0.29618884442221105	3.136632141471874
0.2966889944972486	3.1502113618832213
0.2971891445722861	3.163786556138956
0.29768929464732363	3.1773571265064273
0.29818944472236114	3.1909224752529814
0.29868959479739865	3.2044820046459632
0.29918974487243616	3.218035116952718
0.2996898949474737	3.231581214440593
0.30019004502251123	3.2452410539502448
0.30069019509754874	3.2590594646256026
0.30119034517258625	3.2728783959604213
0.30169049524762376	3.286697635994859
0.3021906453226613	3.300516972769081
0.30269079539769883	3.3143361943232432
0.30319094547273634	3.32815508869751
0.30369109554777385	3.3419734439320417
0.30419124562281136	3.3557910480669966
0.30469139569784887	3.3696076891425397
0.30519154577288643	3.3834231551988316
0.30569169584792394	3.3972372342760297
0.30619184592296145	3.411049714414297
0.30669199599799896	3.4248603836537956
0.30719214607303647	3.4386690300346845
0.30769229614807403	3.452475441597129
0.30819244622311154	3.4662794063812825
0.30869259629814905	3.480080712427313
0.30919274637318656	3.4938791477753766
0.30969289644822406	3.507674500465638
0.3101930465232616	3.521466558538254
0.31069319659829914	3.535255110033392
0.31119334667333665	3.5490399429912056
0.31169349674837415	3.5628208454518613
0.31219364682341166	3.5765976054555164
0.3126937968984492	3.5903700110423338
0.3131939469734867	3.6041378502524726
0.31369409704852425	3.6179009111260996
0.31419424712356175	3.631658981703368
0.31469439719859926	3.6454118500244426
0.31519454727363677	3.6591593041294845
0.3156946973486743	3.6729011320586533
0.31619484742371184	3.6866371218521117
0.31669499749874935	3.70036706155002
0.31719514757378686	3.714090739192538
0.31769529764882437	3.7278079428198283
0.3181954477238619	3.7415184604720504
0.3186955977988994	3.755222080189367
0.31919574787393695	3.76891859001194
0.31969589794897446	3.7826077779799245
0.32019604802401197	3.7962894321334866
0.3206961980990495	3.809963340512786
0.321196348174087	3.8236292911579843
0.32169649824912455	3.8372870721092442
0.32219664832416206	3.8509364714067225
0.32269679839919957	3.864577277090581
0.3231969484742371	3.8782092772009826
0.3236970985492746	3.8918322597780874
0.3241972486243121	3.905446012862056
0.32469739869934966	3.919050324493051
0.32519754877438717	3.9326449827112318
0.3256976988494247	3.9462297755567595
0.3261978489244622	3.9598044910697943
0.3266979989994997	3.973368917290499
0.32719814907453726	3.986922842259035
0.32769829914957477	4.000466054015559
0.3281984492246123	4.013998340600237
0.3286985992996498	4.027519490053227
0.3291987493746873	4.041029290414691
0.3296988994497248	4.0545275297247905
0.33019904952476237	4.068013996023686
0.3306991995997999	4.081488477351537
0.3311993496748374	4.094950761748507
0.3316994997498749	4.108400637254755
0.3321996498249124	4.1218378919104435
0.3326997998999499	4.135262313755732
0.3331999499749875	4.148673690830784
0.333700100050025	4.162071811175756
0.3342002501250625	4.1754564628308115
0.3347004002001	4.188827433836113
0.3352005502751375	4.202184512231819
0.3357007003501751	4.215527486058093
0.3362008504252126	4.2288561433550935
0.3367010005002501	4.242170272162982
0.3372011505752876	4.2554696605219196
0.3377013006503251	4.268754096472068
0.3382014507253626	4.282023368053586
0.3387016008004002	4.295277263306641
0.3392017508754377	4.3085155702713855
0.3397019009504752	4.321738076987986
0.3402020510255127	4.3349445714966
0.3407022011005502	4.348134841837391
0.3412023511755878	4.361308676050519
0.3417025012506253	4.374465862176145
0.3422026513256628	4.38760618825443
0.3427028014007003	4.400729442325535
0.3432029514757378	4.413835412429621
0.3437031015507753	4.42692388660685
0.3442032516258129	4.439994652897382
0.3447034017008504	4.453047499341376
0.3452035517758879	4.4660822139789955
0.3457037018509254	4.4790985848504015
0.3462038519259629	4.492096399995754
0.3467040020010005	4.505075447455215
0.347204152076038	4.518035515268943
0.3477043021510755	4.530976391477101
0.348204452226113	4.543897864119851
0.3487046023011505	4.556799721237351
0.34920475237618803	4.569681750869765
0.3497049024512256	4.582543741057253
0.3502050525262631	4.595393662296893
0.3507052026013006	4.60823558790091
0.3512053526763381	4.6210571147358115
0.35170550275137563	4.633858175409644
0.35220565282641314	4.646638702530459
0.3527058029014507	4.659398628706305
0.3532059529764882	4.672137886545227
0.3537061030515257	4.684856408655274
0.35420625312656323	4.697554127644494
0.35470640320160074	4.710230976120935
0.3552065532766383	4.722886886692648
0.3557067033516758	4.7355217919676775
0.3562068534267133	4.748135624554072
0.35670700350175083	4.760728317059882
0.35720715357678834	4.773299802093151
0.35770730365182585	4.785850012261932
0.3582074537268634	4.798378880174273
0.3587076038019009	4.810886338438219
0.35920775387693843	4.823372319661817
0.35970790395197594	4.83583675645312
0.36020805402701345	4.848279581420173
0.360708204102051	4.860700727171025
0.3612083541770885	4.873100126313726
0.36170850425212603	4.885477711456318
0.36220865432716354	4.897833415206854
0.36270880440220105	4.910167170173382
0.36320895447723855	4.9224789089639485
0.3637091045522761	4.934768564186604
0.36420925462731363	4.947036068449393
0.36470940470235114	4.959281354360366
0.36520955477738865	4.9715043545275694
0.36570970485242615	4.983705001559054
0.3662098549274637	4.995883228062868
0.3667100050025012	5.008038966647055
0.36721015507753874	5.020172149919667
0.36771030515257624	5.032282710488751
0.36821045522761375	5.044370580962355
0.36871060530265126	5.056435693948528
0.3692107553776888	5.068477982055318
0.36971090545272633	5.080497377890771
0.37021105552776384	5.092493814062937
0.37071120560280135	5.1044672231798645
0.37121135567783886	5.116417537849599
0.3717115057528764	5.128344690680192
0.37221165582791393	5.14024861427969
0.37271180590295144	5.15212924125614
0.37321195597798895	5.163986504217592
0.37371210605302646	5.175820335772093
0.37421225612806397	5.1876306685276905
0.37471240620310153	5.199417435092436
0.37521255627813904	5.211180568074373
0.37571270635317655	5.222920000081551
0.37621285642821406	5.23463566372202
0.37671300650325157	5.246327491603828
0.3772131565782891	5.25799541633502
0.37771330665332664	5.269639370523648
0.37821345672836415	5.281259286777757
0.37871360680340166	5.292855097705395
0.37921375687843917	5.304426735914613
0.3797139069534767	5.315974134013457
0.38021405702851424	5.327497224609976
0.38071420710355175	5.338995940312218
0.38121435717858926	5.35047021372823
0.38171450725362677	5.36191997746606
0.3822146573286643	5.373345164133759
0.3827148074037018	5.3847457063393716
0.38321495747873935	5.396121536690948
0.38371510755377686	5.407472587796535
0.38421525762881437	5.418798792264183
0.3847154077038519	5.430100082701935
0.3852155577788894	5.441376391717845
0.38571570785392695	5.4526276519199595
0.38621585792896446	5.463853795916325
0.38671600800400197	5.475054756314989
0.3872161580790395	5.486230465724002
0.387716308154077	5.497380856751411
0.3882164582291145	5.508505862005264
0.38871660830415206	5.519605414093611
0.38921675837918956	5.5306794456244965
0.3897169084542271	5.541727889205971
0.3902170585292646	5.552750677446081
0.3907172086043021	5.563747742952877
0.39121735867933966	5.574719018334406
0.39171750875437716	5.585664436198714
0.3922176588294147	5.596583929153852
0.3927178089044522	5.607477429807866
0.3932179589794897	5.618344870768807
0.3937181090545272	5.62918618464472
0.39421825912956476	5.640001304043656
0.39471840920460227	5.65079016157366
0.3952185592796398	5.6615526898427815
0.3957187093546773	5.672288821459069
0.3962188594297148	5.68299848903057
0.3967190095047523	5.693681625165333
0.39721915957978987	5.704338162471405
0.3977193096548274	5.714968033556837
0.3982194597298649	5.725571171029674
0.3987196098049024	5.736147507497964
0.3992197598799399	5.746696975569758
0.39971990995497747	5.757219507853104
0.400220060030015	5.767718159815871
0.4007202101050525	5.778193854298759
0.40122036018009	5.788643139380881
0.4017205102551275	5.799066009107946
0.402220660330165	5.809462457525661
0.4027208104052026	5.819832478679741
0.4032209604802401	5.830176066615886
0.4037211105552776	5.8404932153798095
0.4042212606303151	5.85078391901722
0.4047214107053526	5.861048171573827
0.4052215607803902	5.87128596709534
0.4057217108554277	5.881497299627463
0.4062218609304652	5.8916821632159095
0.4067220110055027	5.901840551906387
0.4072221610805402	5.911972459744606
0.4077223111555777	5.922077880776272
0.4082224612306153	5.932156809047096
0.4087226113056528	5.9422092386027865
0.4092227613806903	5.952235163489051
0.4097229114557278	5.962234577751603
0.4102230615307653	5.9722074754361465
0.4107232116058029	5.98215385058839
0.4112233616808404	5.992073697254047
0.4117235117558779	6.001967009478822
0.4122236618309154	6.011833781308425
0.4127238119059529	6.021674006788564
0.41322396198099043	6.031487679964951
0.413724112056028	6.041274794883295
0.4142242621310655	6.051035345589299
0.414724412206103	6.060769326128679
0.4152245622811405	6.07047673054714
0.41572471235617803	6.080157552890388
0.4162248624312156	6.089811787204139
0.4167250125062531	6.099439427534094
0.4172251625812906	6.109040467925969
0.4177253126563281	6.1186149024254695
0.4182254627313656	6.128162725078303
0.41872561280640314	6.1376839299301835
0.4192257628814407	6.147178511026813
0.4197259129564782	6.1566464624139075
0.4202260630315157	6.1660877781371655
0.4207262131065532	6.175502452242305
0.42122636318159073	6.184890478775033
0.42172651325662824	6.194251851781058
0.4222266633316658	6.2035865653060895
0.4227268134067033	6.212894613395832
0.4232269634817408	6.222175990096001
0.42372711355677833	6.2314306894523
0.42422726363181584	6.240658705510439
0.4247274137068534	6.249860032316129
0.4252275637818909	6.2590349128037275
0.4257277138569284	6.268183584248597
0.42622786393196593	6.277305673521703
0.42672801400700344	6.286401196675393
0.42722816408204095	6.295470169762003
0.4277283141570785	6.304512608833877
0.428228464232116	6.313528529943357
0.42872861430715353	6.322517949142783
0.42922876438219104	6.331480882484501
0.42972891445722855	6.3404173460208515
0.4302290645322661	6.349327355804172
0.4307292146073036	6.358210927886809
0.43122936468234113	6.367068078321106
0.43172951475737864	6.375898823159401
0.43222966483241615	6.384703178454032
0.43272981490745366	6.393481160257351
0.4332299649824912	6.402232784621694
0.43373011505752873	6.410958067599406
0.43423026513256624	6.419657025242823
0.43473041520760375	6.428329673604289
0.43523056528264126	6.436976028736153
0.4357307153576788	6.44559610669075
0.43623086543271633	6.4541899235204205
0.43673101550775384	6.462757495277509
0.43723116558279135	6.471298838014358
0.43773131565782886	6.479812473910522
0.43823146573286637	6.488304971848259
0.43873161580790393	6.4967692224910545
0.43923176588294144	6.505206290012449
0.43973191595797895	6.5136172385860025
0.44023206603301646	6.5220031323852625
0.44073221610805396	6.530365035583779
0.4412323661830915	6.538704012355107
0.44173251625812904	6.547021126872799
0.44223266633316655	6.555317443310397
0.44273281640820406	6.5635940258414625
0.44323296648324156	6.57185193863954
0.4437331165582791	6.580092245878181
0.44423326663331664	6.588345025976688
0.44473341670835415	6.596591527077682
0.44523356678339165	6.604855316450064
0.44573371685842916	6.61315986636538
0.44623386693346667	6.621528649095173
0.4467340170085042	6.629985136910979
0.44723416708354174	6.638588817068986
0.44773431715857925	6.647388212719477
0.44823446723361676	6.656464752029187
0.44873461730865427	6.665894287421193
0.4492347673836918	6.675752671318585
0.44973491745872934	6.686115756144444
0.45023506753376685	6.6969781475222225
0.45073521760880436	6.708224682012606
0.45123536768384187	6.719420360768659
0.4517355177588794	6.729866500046613
0.4522356678339169	6.738312960165064
0.45273581790895445	6.7431165325396325
0.45323596798399196	6.742545056961937
0.45373611805902947	6.735292052456963
0.454236268134067	6.7210245863557905
0.4547364182091045	6.700537838684346
0.45523656828414205	6.675349042777549
0.45573671835917956	6.647232510927082
0.45623686843421707	6.61768247234802
0.4567370185092546	6.587617505024687
0.4572371685842921	6.557834789505677
0.4577373186593296	6.5284778368493654
0.45823746873436716	6.499581742320204
0.45873761880940467	6.471181601182657
0.4592377688844422	6.443312508701182
0.4597379189594797	6.415720482931824
0.4602380690345172	6.388431207513166
0.4607382191095547	6.361357372938978
0.46123836918459227	6.334457386951942
0.4617385192596298	6.307689657294751
0.4622386693346673	6.281012591710085
0.4627388194097048	6.254407344093194
0.4632389694847423	6.2278771700679165
0.46373911955977987	6.2013842744470775
0.4642392696348174	6.174926370672664
0.4647394197098549	6.148501172186656
0.4652395697848924	6.122106392431037
0.4657397198599299	6.09573974484779
0.4662398699349674	6.069398942878898
0.466740020010005	6.043081699966342
0.4672401700850425	6.01678572955211
0.46774032016008	5.9905087450781815
0.4682404702351175	5.964248459986536
0.468740620310155	5.938002587719165
0.4692407703851926	5.911797667722436
0.4697409204602301	5.885604051791676
0.4702410705352676	5.85943152181769
0.4707412206103051	5.833280342292291
0.4712413706853426	5.807150777707267
0.4717415207603801	5.781043092554426
0.4722416708354177	5.754957551325559
0.4727418209104552	5.728894418512472
0.4732419709854927	5.702853958606966
0.4737421210605302	5.676836436100837
0.4742422711355677	5.6508421154858866
0.4747424212106053	5.624871261253909
0.4752425712856428	5.598924482311473
0.4757427213606803	5.573001872476534
0.4762428714357178	5.5471036091721855
0.4767430215107553	5.521230027380198
0.4772431715857928	5.495381462082334
0.4777433216608304	5.469558248260357
0.4782434717358679	5.443760720896041
0.4787436218109054	5.417989214971148
0.4792437718859429	5.392244065467442
0.4797439219609804	5.366525607366694
0.48024407203601793	5.340834175650666
0.4807442221110555	5.315170105301122
0.481244372186093	5.2895337312998345
0.4817445222611305	5.263925388628566
0.482244672336168	5.238345412269083
0.48274482241120553	5.212794137203153
0.4832449724862431	5.187271898412536
0.4837451225612806	5.161779030879006
0.4842452726363181	5.136315869584328
0.4847454227113556	5.110882749510264
0.48524557278639313	5.085480005638582
0.48574572286143064	5.060107972951048
0.4862458729364682	5.034766986429426
0.4867460230115057	5.009457381055487
0.4872461730865432	4.984179491810995
0.48774632316158073	4.9589340056125835
0.48824647323661824	4.933721286992932
0.4887466233116558	4.908541382213361
0.4892467733866933	4.883394695189416
0.4897469234617308	4.858281629836637
0.49024707353676833	4.833202590070566
0.49074722361180584	4.808157979806741
0.49124737368684335	4.783148202960706
0.4917475237618809	4.758173663447996
0.4922476738369184	4.733234765184163
0.49274782391195593	4.7083319120847404
0.49324797398699344	4.683465508065272
0.49374812406203095	4.658635957041298
0.4942482741370685	4.633843662928356
0.494748424212106	4.609089029641995
0.49524857428714353	4.584372461097751
0.49574872436218104	4.559694361211167
0.49624887443721855	4.535055133897783
0.49674902451225605	4.51045518307314
0.4972491745872936	4.485894912652777
0.4977493246623311	4.461374726552242
0.49824947473736864	4.436895028687069
0.49874962481240614	4.412456222972804
0.49924977488744365	4.388058713324986
0.4997499249624812	4.363702903659152
0.5002500750375187	4.339391038093608
0.5007502251125562	4.315123166820745
0.5012503751875937	4.290897709470344
0.5017505252626313	4.266715202112347
0.5022506753376688	4.24257618081669
0.5027508254127063	4.218481181653298
0.5032509754877438	4.194430740692114
0.5037511255627813	4.170425394003063
0.5042512756378189	4.1464656776560815
0.5047514257128564	4.122552127721107
0.5052515757878939	4.098685280268066
0.5057517258629314	4.074865671366901
0.5062518759379689	4.051093837087533
0.5067520260130065	4.027370313499904
0.507252176088044	4.00369563667395
0.5077523261630815	3.9800703426795963
0.508252476238119	3.956494967586786
0.5087526263131565	3.93297004746544
0.509252776388194	3.9094961183855057
0.5097529264632316	3.886073716416905
0.5102530765382691	3.8627033776295763
0.5107532266133066	3.839385638093457
0.5112533766883441	3.816121033878472
0.5117535267633816	3.792910101054564
0.5122536768384192	3.7697533756916584
0.5127538269134567	3.7466513938596897
0.5132539769884942	3.7236046916286005
0.5137541270635317	3.7006138050683117
0.5142542771385692	3.6776792702487677
0.5147544272136068	3.6548016232398934
0.5152545772886443	3.6319814001116244
0.5157547273636818	3.6092191369339024
0.5162548774387193	3.586515369776647
0.5167550275137568	3.5638706347098053
0.5172551775887944	3.5412854678032986
0.5177553276638318	3.518760405127072
0.5182554777388694	3.4962959827510467
0.5187556278139069	3.4738927367451633
0.5192557778889444	3.4515512031793603
0.519755927963982	3.42927191812356
0.5202560780390194	3.4070554176477064
0.520756228114057	3.3849022378217226
0.5212563781890945	3.362812914715547
0.521756528264132	3.3407879843991193
0.5222566783391696	3.318827982942363
0.522756828414207	3.296933446415219
0.5232569784892446	3.2751049108876136
0.5237571285642821	3.253342912429484
0.5242572786393196	3.23164798711077
0.5247574287143572	3.2100206710013923
0.5252575787893946	3.188466176702599
0.5257577288644322	3.1669848874412967
0.5262578789394697	3.14557327326622
0.5267580290145072	3.124232090733374
0.5272581790895448	3.1029620963987496
0.5277583291645822	3.081764046818358
0.5282584792396198	3.0606386985481895
0.5287586293146572	3.0395868081442545
0.5292587793896948	3.0186091321625472
0.5297589294647324	2.9977064271590708
0.5302590795397698	2.976879449689831
0.5307592296148074	2.9561289563108213
0.5312593796898448	2.9354557035780497
0.5317595297648824	2.9148604480475093
0.53225967983992	2.8943439462752036
0.5327598299149574	2.873906954817143
0.533259979989995	2.853550230229314
0.5337601300650324	2.833274529067729
0.53426028014007	2.8130806078883803
0.5347604302151076	2.7929692232472725
0.535260580290145	2.772941131700412
0.5357607303651826	2.75299708980379
0.53626088044022	2.733137854113416
0.5367610305152576	2.713364181185284
0.537261180590295	2.693676827575402
0.5377613306653326	2.6740765498397625
0.5382614807403702	2.654564104534371
0.5387616308154076	2.635140248215233
0.5392617808904452	2.615805737438341
0.5397619309654826	2.5965613287597047
0.5402620810405202	2.577407778735316
0.5407622311155578	2.55834584392118
0.5412623811905952	2.5393762808733022
0.5417625312656328	2.5204998461476746
0.5422626813406702	2.5017172963003076
0.5427628314157078	2.483029387887193
0.5432629814907454	2.4644368774643373
0.5437631315657828	2.4459405215877434
0.5442632816408204	2.4275410768134065
0.5447634317158578	2.409239299697333
0.5452635817908954	2.3910359467955185
0.545763731865933	2.3729317746639653
0.5462638819409704	2.3549275398586818
0.546764032016008	2.3370239989356576
0.5472641820910454	2.3192219084509036
0.547764332166083	2.3015220249604114
0.5482644822411205	2.2839251050201916
0.548764632316158	2.2664319051862365
0.5492647823911956	2.249043182014551
0.549764932466233	2.2317596920611398
0.5502650825412706	2.2145124290873563
0.550765232616308	2.1973144130577866
0.5512653826913456	2.1802412428014284
0.5517655327663832	2.16329309177138
0.5522656828414206	2.14647013342074
0.5527658329164582	2.1297725412025965
0.5532659829914957	2.113200488570052
0.5537661330665332	2.0967541489761934
0.5542662831415708	2.08043369587412
0.5547664332166082	2.0642393027169303
0.5552665832916458	2.0481711429577123
0.5557667333666833	2.0322293900495683
0.5562668834417208	2.0164142174455857
0.5567670335167583	2.000725798598867
0.5572671835917958	1.9851643069624998
0.5577673336668334	1.9697299159895834
0.5582674837418709	1.9544227991332155
0.5587676338169084	1.9392431298464845
0.5592677838919459	1.9241910815824927
0.5597679339669834	1.9092668277943274
0.560268084042021	1.8944705419350887
0.5607682341170585	1.879802397457873
0.561268384192096	1.86526256781577
0.5617685342671335	1.8508512264618806
0.562268684342171	1.8365685468492934
0.5627688344172086	1.8224147024311077
0.563268984492246	1.8083898666604201
0.5637691345672836	1.7944942129903207
0.5642692846423211	1.78072791487391
0.5647694347173586	1.7670911457642775
0.5652695847923962	1.7535840791145203
0.5657697348674336	1.740206888377737
0.5662698849424712	1.7269597470070166
0.5667700350175087	1.713842828455461
0.5672701850925462	1.7008563061761575
0.5677703351675837	1.6880003536222086
0.5682704852426212	1.6752751442467029
0.5687706353176588	1.6626808515027378
0.5692707853926963	1.6502176488434117
0.5697709354677338	1.6378857097218147
0.5702710855427713	1.6256852075910468
0.5707712356178088	1.613616315904196
0.5712713856928464	1.601679208114363
0.5717715357678839	1.589874057674644
0.5722716858429214	1.5782010380381277
0.5727718359179589	1.5666603226579157
0.5732719859929964	1.5552520849870979
0.573772136068034	1.5439764984787714
0.5742722861430715	1.5328337365860343
0.574772436218109	1.521823972761976
0.5752725862931465	1.510947380459697
0.575772736368184	1.500204133132287
0.5762728864432216	1.489594404232843
0.5767730365182591	1.479118367214464
0.5772731865932966	1.468776195530239
0.5777733366683341	1.4585680626332684
0.5782734867433716	1.4484941419766424
0.5787736368184091	1.43855460701346
0.5792737868934467	1.4287496311968124
0.5797739369684842	1.419079387979797
0.5802740870435217	1.4095440508155106
0.5807742371185592	1.4001437931570437
0.5812743871935967	1.3908787884574965
0.5817745372686343	1.3817492101699584
0.5822746873436718	1.372755231747528
0.5827748374187093	1.363897026643302
0.5832749874937468	1.3551747683103708
0.5837751375687843	1.3465886302018337
0.5842752876438219	1.3381387857707823
0.5847754377188594	1.3298254084703132
0.5852755877938969	1.321648671753523
0.5857757378689344	1.3136087490735031
0.5862758879439719	1.3057058138833526
0.5867760380190095	1.297940039636163
0.5872761880940469	1.2903115997850323
0.5877763381690845	1.2828206677830525
0.588276488244122	1.2754674170833198
0.5887766383191595	1.268252021138932
0.5892767883941971	1.2611746534029797
0.5897769384692345	1.254235487328562
0.5902770885442721	1.24743469636877
0.5907772386193096	1.240772453976701
0.5912773886943471	1.2342489336054512
0.5917775387693847	1.2278643087081127
0.5922776888444221	1.2216187527377833
0.5927778389194597	1.2155124391475556
0.5932779889944972	1.2095455413905256
0.5937781390695347	1.20371823291979
0.5942782891445723	1.198030687188441
0.5947784392196097	1.1924830776495758
0.5952785892946473	1.1870755777562878
0.5957787393696848	1.181808360961673
0.5962788894447223	1.1766816007188272
0.5967790395197599	1.1716954704808435
0.5972791895947973	1.1668501437008194
0.5977793396698349	1.1621457938318471
0.5982794897448723	1.157582594327024
0.5987796398199099	1.1531607186394432
0.5992797898949475	1.1488803402222008
0.5997799399699849	1.1447416325283928
0.6002800900450225	1.1399259704947193
0.6007802401200599	1.1362783347944483
0.6012803901950975	1.1326917621850348
0.6017805402701351	1.1291657694003294
0.6022806903451725	1.1256998731741827
0.6027808404202101	1.1222935902404423
0.6032809904952475	1.11894643733296
0.6037811405702851	1.1156579311855843
0.6042812906453227	1.1124275885321653
0.6047814407203601	1.1092549261065534
0.6052815907953977	1.1061394606425972
0.6057817408704351	1.1030807088741472
0.6062818909454727	1.1000781875350527
0.6067820410205101	1.0971314133591643
0.6072821910955477	1.0942399030803307
0.6077823411705853	1.091403173432402
0.6082824912456227	1.0886207411492284
0.6087826413206603	1.0858921229646588
0.6092827913956977	1.0832168356125436
0.6097829414707353	1.0805943958267326
0.6102830915457729	1.0780243203410746
0.6107832416208103	1.075506125889421
0.6112833916958479	1.0730393292056202
0.6117835417708853	1.0706234470235225
0.6122836918459229	1.0682579960769774
0.6127838419209605	1.0659424930998345
0.6132839919959979	1.063676454825944
0.6137841420710355	1.0614593979891556
0.6142842921460729	1.0592908393233191
0.6147844422211105	1.0571702955622835
0.6152845922961481	1.0550972834398993
0.6157847423711855	1.0530713196900159
0.6162848924462231	1.0510919210464833
0.6167850425212605	1.0491586042431515
0.6172851925962981	1.0472708860138693
0.6177853426713356	1.0454282830924875
0.6182854927463731	1.043630312212855
0.6187856428214107	1.0418764901088218
0.6192857928964481	1.040166333514238
0.6197859429714857	1.038499359162953
0.6202860930465232	1.036875083788817
0.6207862431215607	1.035293024125679
0.6212863931965983	1.0337526969073894
0.6217865432716357	1.0322536188677975
0.6222866933466733	1.0307953067407534
0.6227868434217108	1.0293772772601064
0.6232869934967483	1.0279990471597067
0.6237871435717859	1.026660133173404
0.6242872936468233	1.0253600520350479
0.6247874437218609	1.0240983204784881
0.6252875937968984	1.0228744552375748
0.6257877438719359	1.0216879730461568
0.6262878939469734	1.0205383906380845
0.6267880440220109	1.0194252247472075
0.6272881940970485	1.0183479921073757
0.627788344172086	1.0173062094524392
0.6282884942471235	1.0162993935162468
0.628788644322161	1.0153270610326492
0.6292887943971985	1.014388728735495
0.6297889444722361	1.013483913358635
0.6302890945472736	1.0126121316359187
0.6307892446223111	1.0117729003011955
0.6312893946973486	1.0109657360883155
0.6317895447723861	1.0101901557311284
0.6322896948474237	1.0094456759634838
0.6327898449224612	1.0087318135192316
0.6332899949974987	1.008048085132221
0.6337901450725362	1.0073940075363028
0.6342902951475737	1.006769097465326
0.6347904452226113	1.0061728716531404
0.6352905952976488	1.0056048468335963
0.6357907453726863	1.0050645397405424
0.6362908954477238	1.0045514671078293
0.6367910455227613	1.0040651456693064
0.6372911955977988	1.0036050921588235
0.6377913456728364	1.0031708233102308
0.6382914957478739	1.002761855857377
0.6387916458229114	1.0023777065341128
0.6392917958979489	1.0020178920742877
0.6397919459729864	1.0016819292117511
0.640292096048024	1.0013693346803534
0.6407922461230615	1.0010796252139436
0.641292396198099	1.000812317546372
0.6417925462731365	1.0005669284114884
0.642292696348174	1.000342974543142
0.6427928464232116	1.000139972675183
0.6432929964982491	0.9999574395414608
0.6437931465732866	0.9997948918758255
0.6442932966483241	0.9996518464121268
0.6447934467233616	0.9995278198842141
0.6452935967983991	0.9994223290259375
0.6457937468734366	0.9993348905711466
0.6462938969484742	0.999265021253691
0.6467940470235117	0.999212237807421
0.6472941970985492	0.9991760569661857
0.6477943471735867	0.9991559954638352
0.6482944972486242	0.9991515700342191
0.6487946473236618	0.9991622974111872
0.6492947973986993	0.9991876943285896
0.6497949474737368	0.9992272775202752
0.6502950975487743	0.9992805637200947
0.6507952476238118	0.999347069661897
0.6512953976988494	0.9994263120795324
0.6517955477738869	0.9995178077068508
0.6522956978489244	0.9996210732777013
0.652795847923962	0.999735625525934
0.6532959979989994	0.9998609811853986
0.653796148074037	0.9999966569899449
0.6542962981490745	1.000142169673423
0.654796448224112	1.000297035969682
0.6552965982991495	1.0004607726125716
0.655796748374187	1.0006328963359423
0.6562968984492246	1.000812923873643
0.656797048524262	1.0010003719595242
0.6572971985992996	1.0011947573274353
0.6577973486743371	1.001395596711226
0.6582974987493746	1.0016024068447462
0.6587976488244122	1.0018147044618453
0.6592977988994496	1.0020320062963735
0.6597979489744872	1.00225382908218
0.6602980990495247	1.0024796895531152
0.6607982491245622	1.0027091044430285
0.6612983991995998	1.00294159048577
0.6617985492746372	1.0031766644151887
0.6622986993496748	1.003413842965135
0.6627988494247123	1.0036526428694579
0.6632989994997498	1.003892580862008
0.6637991495747874	1.0041331736766348
0.6642992996498248	1.0043739380471879
0.6647994497248624	1.0046143907075173
0.6652995997998998	1.0048540483914723
0.6657997498749374	1.0050924278329032
0.666299899949975	1.005329045765659
0.6668000500250124	1.00556341892359
0.66730020010005	1.005795064040546
0.6678003501750874	1.0060234978503768
0.668300500250125	1.0062482370869315
0.6688006503251626	1.0064687984840603
0.6693008004002	1.006684698775613
0.6698009504752376	1.0068954546954394
0.670301100550275	1.0071005829773891
0.6708012506253126	1.0072996003553119
0.6713014007003502	1.0074920235630573
0.6718015507753876	1.0076773693344756
0.6723017008504252	1.007855154403416
0.6728018509254626	1.0080248955037283
0.6733020010005002	1.0081861093692623
0.6738021510755378	1.0083383127338683
0.6743023011505752	1.0084810223313954
0.6748024512256128	1.0086137548956935
0.6753026013006502	1.0087360271606125
0.6758027513756878	1.008847355860002
0.6763029014507252	1.0089472577277117
0.6768030515257628	1.0090352494975912
0.6773032016008004	1.009110847903491
0.6778033516758378	1.0091735696792599
0.6783035017508754	1.0092229315587484
0.6788036518259128	1.0092584502758055
0.6793038019009504	1.0092796425642816
0.679803951975988	1.009286025158026
0.6803041020510254	1.009277114790889
0.680804252126063	1.00925242819672
0.6813044022011004	1.0092114821093687
0.681804552276138	1.0091537932626844
0.6823047023511756	1.009078878390518
0.682804852426213	1.0089862542267183
0.6833050025012506	1.0088754375051352
0.683805152576288	1.0087459449596186
0.6843053026513256	1.0085972933240182
0.6848054527263631	1.008428999332184
0.6853056028014006	1.0082405797179654
0.6858057528764382	1.0080315512152125
0.6863059029514756	1.0078014305577745
0.6868060530265132	1.0075497344795015
0.6873062031015507	1.0072759797142434
0.6878063531765882	1.0069796829958497
0.6883065032516258	1.0066603610581701
0.6888066533266632	1.0063175306350545
0.6893068034017008	1.0059507084603525
0.6898069534767383	1.0055594112679138
0.6903071035517758	1.0051431557915884
0.6908072536268134	1.0047014587652263
0.6913074037018508	1.0042338369226766
0.6918075537768884	1.0037398069977892
0.6923077038519259	1.0032188857244142
0.6928078539269634	1.002670589836401
0.693308004002001	1.0020944360675994
0.6938081540770384	1.0014899411518594
0.694308304152076	1.0008566218230301
0.6948084542271135	1.0001939948149623
0.695308604302151	0.9995015768615049
0.6958087543771885	0.9987788846965081
0.696308904452226	0.998025435053821
0.6968090545272636	0.9972407446672938
0.6973092046023011	0.9964243302707768
0.6978093546773386	0.9955757085981186
0.6983095047523761	0.99469439638317
0.6988096548274136	0.9937799103597802
0.6993098049024512	0.9928317672617987
0.6998099549774887	0.9918494838230758
0.7003101050525262	0.9996979381222946
0.7008102551275637	0.999713344147377
0.7013104052026012	0.9997285943198573
0.7018105552776388	0.9997436886397348
0.7023107053526763	0.9997586271070099
0.7028108554277138	0.9997734097216825
0.7033110055027513	0.9997880364837526
0.7038111555777888	0.9998025073932201
0.7043113056528263	0.9998168224500851
0.7048114557278639	0.9998309816543476
0.7053116058029014	0.9998449850060074
0.7058117558779389	0.9998588325050649
0.7063119059529764	0.9998725241515197
0.7068120560280139	0.9998860599453722
0.7073122061030515	0.9998994398866221
0.707812356178089	0.9999126639752695
0.7083125062531265	0.9999257322113142
0.708812656328164	0.9999386445947565
0.7093128064032015	0.9999514011255963
0.709812956478239	0.9999640018038336
0.7103131065532766	0.9999764466294685
0.7108132566283141	0.9999887356025006
0.7113134067033516	1.0000008687229305
0.7118135567783891	1.0000128459907576
0.7123137068534267	1.0000246674059823
0.7128138569284642	1.0000363329686042
0.7133140070035017	1.000047842678624
0.7138141570785392	1.000059196536041
0.7143143071535767	1.0000703945408556
0.7148144572286143	1.0000814366930677
0.7153146073036517	1.0000923229926773
0.7158147573786893	1.0001030534396844
0.7163149074537268	1.0001136280340888
0.7168150575287643	1.000124046775891
0.7173152076038019	1.0001343096650903
0.7178153576788393	1.000144416701687
0.7183155077538769	1.0001543678856817
0.7188156578289144	1.0001641632170737
0.7193158079039519	1.0001738026958629
0.7198159579789895	1.0001832863220497
0.7203161080540269	1.0001926140956343
0.7208162581290645	1.000201786016616
0.721316408204102	1.0002108020849951
0.7218165582791395	1.0002196623007722
0.722316708354177	1.0002283666639462
0.7228168584292145	1.000236915174518
0.7233170085042521	1.0002453078324873
0.7238171585792896	1.000253544637854
0.7243173086543271	1.000261625590618
0.7248174587293646	1.0002695506907797
0.7253176088044021	1.0002773199383388
0.7258177588794397	1.0002849333332955
0.7263179089544771	1.0002923908756496
0.7268180590295147	1.000299692565401
0.7273182091045522	1.0003068384025502
0.7278183591795897	1.0003138283870967
0.7283185092546273	1.0003206625190406
0.7288186593296647	1.0003273407983824
0.7293188094047023	1.0003338632251213
0.7298189594797398	1.0003402297992576
0.7303191095547773	1.0003464405207916
0.7308192596298149	1.000352495389723
0.7313194097048523	1.000358394406052
0.7318195597798899	1.0003641375697783
0.7323197098549274	1.000369724880902
0.7328198599299649	1.0003751563394236
0.7333200100050025	1.0003804319453422
0.7338201600800399	1.0003855516986586
0.7343203101550775	1.0003905155993724
0.7348204602301149	1.0003953236474834
0.7353206103051525	1.0003999758429922
0.7358207603801901	1.0004044721858985
0.7363209104552275	1.000408812676202
0.7368210605302651	1.0004129973139033
0.7373212106053025	1.000417026099002
0.7378213606803401	1.000420899031498
0.7383215107553777	1.0004246161113917
0.7388216608304151	1.0004281773386827
0.7393218109054527	1.0004315827133714
0.7398219609804901	1.0004348322354575
0.7403221110555277	1.000437925904941
0.7408222611305653	1.0004408637218218
0.7413224112056027	1.0004436456861003
0.7418225612806403	1.0004462717977762
0.7423227113556777	1.0004487420568497
0.7428228614307153	1.0004510564633207
0.7433230115057529	1.000453215017189
0.7438231615807903	1.000455217718455
0.7443233116558279	1.0004570645671182
0.7448234617308653	1.0004587555631792
0.7453236118059029	1.0004602907066376
0.7458237618809404	1.0004616699974933
0.7463239119559779	1.0004628934357465
0.7468240620310155	1.0004639610213972
0.7473242121060529	1.0004648727544456
0.7478243621810905	1.0004656286348912
0.748324512256128	1.0004662286627344
0.7488246623311655	1.000466672837975
0.7493248124062031	1.0004669611606132
0.7498249624812405	1.0004670936306488
0.7503251125562781	1.000467070248082
0.7508252626313155	1.0004668910129126
0.7513254127063531	1.0004665559251407
0.7518255627813907	1.000466064984766
0.7523257128564281	1.0004654181917894
0.7528258629314657	1.0004646155462096
0.7533260130065031	1.0004636570480276
0.7538261630815407	1.000462542697243
0.7543263131565782	1.000461272493856
0.7548264632316157	1.0004598464378665
0.7553266133066533	1.0004582645292743
0.7558267633816907	1.0004565267680798
0.7563269134567283	1.0004546331542827
0.7568270635317658	1.000452583687883
0.7573272136068033	1.000450378368881
0.7578273636818409	1.000448017197276
0.7583275137568783	1.000445500173069
0.7588276638319159	1.000442827296259
0.7593278139069534	1.0004399985668468
0.7598279639819909	1.0004370139848322
0.7603281140570285	1.0004338735502147
0.760828264132066	1.000430577262995
0.7613284142071035	1.0004271251231727
0.761828564282141	1.0004235171307478
0.7623287143571785	1.0004197532857204
0.7628288644322161	1.0004158335880906
0.7633290145072535	1.0004117580378582
0.7638291645822911	1.0004075266350232
0.7643293146573286	1.0004031393795856
0.7648294647323661	1.0003985962715456
0.7653296148074036	1.0003938973109032
0.7658297648824411	1.000389042497658
0.7663299149574787	1.0003840318318107
0.7668300650325162	1.0003788653133605
0.7673302151075537	1.000373542942308
0.7678303651825912	1.0003680647186528
0.7683305152576287	1.000362430642395
0.7688306653326663	1.000356640713535
0.7693308154077038	1.0003506949320722
0.7698309654827413	1.0003445932980073
0.7703311155577788	1.0003383358113394
0.7708312656328163	1.0003319224720693
0.7713314157078539	1.0003253532801963
0.7718315657828914	1.000318628235721
0.7723317158579289	1.0003117473386434
0.7728318659329664	1.000304710588963
0.7733320160080039	1.0002975179866804
0.7738321660830414	1.000290169531795
0.774332316158079	1.000282665224307
0.7748324662331165	1.0002750050642164
0.775332616308154	1.0002671890515236
0.7758327663831915	1.0002592171862283
0.776332916458229	1.0002510894683303
0.7768330665332666	1.0002428058978299
0.7773332166083041	1.0002343664747269
0.7778333666833416	1.0002257711990212
0.7783335167583791	1.0002170200707132
0.7788336668334166	1.0002081130898028
0.7793338169084542	1.0001990502562896
0.7798339669834917	1.000189831570174
0.7803341170585292	1.000180457031456
0.7808342671335667	1.0001709266401353
0.7813344172086042	1.0001612403962121
0.7818345672836418	1.0001513982996864
0.7823347173586793	1.0001414003505582
0.7828348674337168	1.0001312465488275
0.7833350175087543	1.000120936894494
0.7838351675837918	1.0001104713875586
0.7843353176588294	1.0000998500280203
0.7848354677338668	1.0000890728158796
0.7853356178089044	1.000078139751136
0.7858357678839419	1.0000670508337903
0.7863359179589794	1.0000558060638418
0.786836068034017	1.000044405441291
0.7873362181090544	1.0000328489661376
0.787836368184092	1.0000211366383815
0.7883365182591295	1.0000092684580233
0.788836668334167	0.9999972444250621
0.7893368184092046	0.9999850645394988
0.789836968484242	0.9999727288013327
0.7903371185592796	0.9999602372105642
0.7908372686343171	0.9999475897671931
0.7913374187093546	0.9999347864712194
0.7918375687843922	0.9999218273226435
0.7923377188594296	0.9999087123214648
0.7928378689344672	0.9998954414676837
0.7933380190095046	0.9998820147613001
0.7938381690845422	0.9998684322023138
0.7943383191595798	0.9998546937907251
0.7948384692346172	0.9998407995265338
0.7953386193096548	0.9998267494097403
0.7958387693846922	0.999812543440344
0.7963389194597298	0.9997981816183452
0.7968390695347674	0.9997836639437438
0.7973392196098048	0.9997689904165401
0.7978393696848424	0.9997541610367338
0.7983395197598798	0.9997391758043249
0.7988396698349174	0.9997240347193135
0.799339819909955	0.9997087377816997
0.7998399699849924	0.9996932849914831
0.80034012006003	1.0005175483765787
0.8008402701350674	1.0004989411956204
0.801340420210105	1.000480715349798
0.8018405702851426	1.0004628674299645
0.80234072036018	1.0004453940269717
0.8028408704352176	1.0004282917316725
0.803341020510255	1.0004115571349192
0.8038411705852926	1.0003951868275642
0.80434132066033	1.0003791774004607
0.8048414707353676	1.00036352544446
0.8053416208104052	1.0003482275504156
0.8058417708854426	1.00033328030918
0.8063419209604802	1.0003186803116049
0.8068420710355176	1.0003044241485435
0.8073422211105552	1.0002905084108478
0.8078423711855928	1.0002769296893703
0.8083425212606302	1.0002636845749637
0.8088426713356678	1.0002507696584808
0.8093428214107052	1.0002381815307737
0.8098429714857428	1.000225916782695
0.8103431215607804	1.000213972005097
0.8108432716358178	1.0002023437888325
0.8113434217108554	1.000191028724754
0.8118435717858928	1.0001800234037137
0.8123437218609304	1.0001693244165641
0.8128438719359679	1.0001589283541579
0.8133440220110054	1.0001488318073473
0.813844172086043	1.0001390313669853
0.8143443221610804	1.000129523623924
0.814844472236118	1.000120305169016
0.8153446223111555	1.0001113725931134
0.815844772386193	1.0001027224870696
0.8163449224612306	1.0000943514417364
0.816845072536268	1.0000862560479662
0.8173452226113056	1.0000784328966117
0.817845372686343	1.0000708785785257
0.8183455227613806	1.0000635896845604
0.8188456728364182	1.0000565628055682
0.8193458229114556	1.0000497945324016
0.8198459729864932	1.0000432814559135
0.8203461230615307	1.0000370201669555
0.8208462731365682	1.0000310072563814
0.8213464232116058	1.0000252393150424
0.8218465732866432	1.0000197129337918
0.8223467233616808	1.0000144247034815
0.8228468734367183	1.0000093712149647
0.8233470235117558	1.0000045490590936
0.8238471735867933	0.9999999548267204
0.8243473236618308	0.999995585108698
0.8248474737368684	0.9999914364958785
0.8253476238119059	0.9999875055791149
0.8258477738869434	0.999983788949259
0.8263479239619809	0.9999802831971637
0.8268480740370184	0.9999769849136815
0.827348224112056	0.999973890689665
0.8278483741870934	0.9999709971159664
0.828348524262131	0.9999683007834382
0.8288486743371685	0.9999657982829333
0.829348824412206	0.9999634862053037
0.8298489744872436	0.9999613611414022
0.830349124562281	0.9999594196820811
0.8308492746373186	0.9999576584181931
0.8313494247123561	0.9999560739405906
0.8318495747873936	0.9999546628401259
0.8323497248624312	0.9999534217076517
0.8328498749374686	0.9999523471340205
0.8333500250125062	0.9999514357100848
0.8338501750875437	0.9999506840266967
0.8343503251625812	0.9999500886747094
0.8348504752376187	0.9999496462449753
0.8353506253126562	0.9999493533283462
0.8358507753876938	0.999949206515675
0.8363509254627313	0.9999492023978139
0.8368510755377688	0.9999493375656163
0.8373512256128063	0.9999496086099334
0.8378513756878438	0.9999500121216188
0.8383515257628814	0.9999505446915246
0.8388516758379189	0.9999512029105029
0.8393518259129564	0.9999519833694067
0.8398519759879939	0.9999528826590882
0.8403521260630314	0.9999538973704002
0.840852276138069	0.9999550240941949
0.8413524262131065	0.9999562594213249
0.841852576288144	0.9999575999426428
0.8423527263631815	0.9999590422490008
0.842852876438219	0.9999605829312516
0.8433530265132565	0.9999622185802476
0.8438531765882941	0.9999639457868414
0.8443533266633316	0.9999657611418856
0.8448534767383691	0.9999676612362326
0.8453536268134066	0.9999696426607346
0.8458537768884441	0.9999717020062442
0.8463539269634817	0.9999738358636144
0.8468540770385192	0.9999760408236968
0.8473542271135567	0.9999783134773447
0.8478543771885942	0.9999806504154102
0.8483545272636317	0.9999830482287458
0.8488546773386693	0.999985503508204
0.8493548274137068	0.9999880128446377
0.8498549774887443	0.9999905728288987
0.8503551275637818	0.9999931800518398
0.8508552776388193	0.9999958311043139
0.8513554277138569	0.9999985225771726
0.8518555777888944	1.000001251061269
0.8523557278639319	1.0000040131474557
0.8528558779389694	1.000006805426585
0.8533560280140069	1.0000096244895094
0.8538561780890445	1.0000124669270813
0.8543563281640819	1.000015329330153
0.8548564782391195	1.0000182082895774
0.855356628314157	1.0000211003962072
0.8558567783891945	1.0000240022408942
0.8563569284642321	1.000026910414491
0.8568570785392695	1.0000298215078507
0.8573572286143071	1.0000327321118252
0.8578573786893446	1.0000356388172673
0.8583575287643821	1.0000385382150292
0.8588576788394197	1.0000414268959639
0.8593578289144571	1.000044301450923
0.8598579789894947	1.0000471584707602
0.8603581290645322	1.000049994546327
0.8608582791395697	1.0000528062684761
0.8613584292146073	1.0000555902280606
0.8618585792896447	1.000058343015932
0.8623587293646823	1.0000610612229435
0.8628588794397197	1.0000637414399476
0.8633590295147573	1.0000663802577963
0.8638591795897949	1.0000689742673428
0.8643593296648323	1.0000715200594388
0.8648594797398699	1.0000740142249374
0.8653596298149073	1.0000764533546904
0.8658597798899449	1.000078834039551
0.8663599299649825	1.0000811528703712
0.8668600800400199	1.0000834064380042
0.8673602301150575	1.000085591333302
0.8678603801900949	1.0000877041471168
0.8683605302651325	1.0000897414703016
0.86886068034017	1.0000916998937086
0.8693608304152075	1.0000935760081904
0.8698609804902451	1.0000953664045993
0.8703611305652825	1.0000970676737884
0.8708612806403201	1.000098676406609
0.8713614307153577	1.000100189193915
0.8718615807903951	1.0001016026265581
0.8723617308654327	1.000102913295391
0.8728618809404701	1.0001041177912657
0.8733620310155077	1.0001052127050356
0.8738621810905451	1.0001061946275527
0.8743623311655827	1.0001070601496689
0.8748624812406203	1.000107805862238
0.8753626313156577	1.0001084283561115
0.8758627813906953	1.000108924222142
0.8763629314657327	1.000109290051182
0.8768630815407703	1.0001095224340844
0.8773632316158079	1.0001096179617017
0.8778633816908453	1.0001095732248857
0.8783635317658829	1.0001093848144895
0.8788636818409203	1.0001090493213656
0.8793638319159579	1.0001085633363658
0.8798639819909955	1.0001079234503432
0.8803641320660329	1.0001071262541503
0.8808642821410705	1.0001061683386399
0.8813644322161079	1.0001050462946635
0.8818645822911455	1.0001037567130744
0.882364732366183	1.000102296184725
0.8828648824412205	1.0001006613004673
0.8833650325162581	1.0000988486511542
0.8838651825912955	1.000096854827638
0.8843653326663331	1.0000946764207717
0.8848654827413706	1.0000923100214067
0.8853656328164081	1.0000897522203969
0.8858657828914457	1.000086999608594
0.8863659329664831	1.00008404877685
0.8868660830415207	1.0000808963160184
0.8873662331165582	1.0000775388169512
0.8878663831915957	1.0000739728705008
0.8883665332666333	1.00007019506752
0.8888666833416707	1.000066201998861
0.8893668334167083	1.0000619902553767
0.8898669834917458	1.000057556427919
0.8903671335667833	1.0000528971073408
0.8908672836418209	1.0000480088844945
0.8913674337168583	1.0000428883502324
0.8918675837918959	1.0000375320954074
0.8923677338669334	1.000031936710872
0.8928678839419709	1.0000260987874778
0.8933680340170084	1.0000200149160783
0.8938681840920459	1.0000136816875258
0.8943683341670835	1.0000070956926725
0.894868484242121	1.000000253522371
0.8953686343171585	0.9999931517674737
0.895868784392196	0.9999857870188331
0.8963689344672335	0.999978155867302
0.8968690845422711	0.9999702549037325
0.8973692346173086	0.9999620807189776
0.8978693846923461	0.9999536299038891
0.8983695347673836	0.9999448990493199
0.8988696848424211	0.9999358847461226
0.8993698349174587	0.9999265835851494
0.8998699849924962	0.9999169921572529
0.9003701350675337	0.9999944520501164
0.9008702851425712	0.9999947763385149
0.9013704352176087	0.999995096475223
0.9018705852926462	0.9999954124742856
0.9023707353676838	0.9999957243497474
0.9028708854427213	0.9999960321156534
0.9033710355177588	0.9999963357860473
0.9038711855927963	0.9999966353749741
0.9043713356678338	0.9999969308964789
0.9048714857428714	0.9999972223646059
0.9053716358179089	0.9999975097933995
0.9058717858929464	0.999997793196905
0.9063719359679839	0.9999980725891663
0.9068720860430214	0.9999983479842283
0.907372236118059	0.9999986193961357
0.9078723861930965	0.9999988868389329
0.908372536268134	0.9999991503266649
0.9088726863431715	0.9999994098733759
0.909372836418209	0.9999996654931109
0.9098729864932465	0.999999917199914
0.9103731365682841	1.0000001650078305
0.9108732866433216	1.0000004089309045
0.9113734367183591	1.0000006489831808
0.9118735867933966	1.000000885178704
0.9123737368684341	1.0000011175315189
0.9128738869434716	1.0000013460556694
0.9133740370185092	1.0000015707652015
0.9138741870935467	1.0000017916741584
0.9143743371685842	1.0000020087965849
0.9148744872436217	1.0000022221465263
0.9153746373186592	1.0000024317380274
0.9158747873936968	1.0000026375851319
0.9163749374687343	1.0000028397018847
0.9168750875437718	1.0000030381023308
0.9173752376188093	1.0000032328005146
0.9178753876938468	1.000003423810481
0.9183755377688844	1.0000036111462738
0.9188756878439219	1.0000037948219382
0.9193758379189594	1.000003974851519
0.919875987993997	1.0000041512490607
0.9203761380690344	1.0000043240286076
0.920876288144072	1.0000044932042045
0.9213764382191094	1.000004658789896
0.921876588294147	1.0000048207997265
0.9223767383691845	1.0000049792477415
0.922876888444222	1.0000051341479845
0.9233770385192596	1.000005285514501
0.923877188594297	1.0000054333613349
0.9243773386693346	1.0000055777025312
0.9248774887443721	1.0000057185521343
0.9253776388194096	1.0000058559241893
0.9258777888944472	1.00000598983274
0.9263779389694846	1.0000061202918324
0.9268780890445222	1.0000062473155096
0.9273782391195597	1.0000063709178169
0.9278783891945972	1.000006491112799
0.9283785392696348	1.0000066079145002
0.9288786893446722	1.0000067213369657
0.9293788394197098	1.0000068313942392
0.9298789894947473	1.000006938100366
0.9303791395697848	1.000007041469391
0.9308792896448224	1.0000071415153577
0.9313794397198598	1.0000072382523115
0.9318795897948974	1.0000073316942975
0.9323797398699348	1.0000074218553592
0.9328798899449724	1.000007508749542
0.93338004002001	1.00000759239089
0.9338801900950474	1.0000076727934482
0.934380340170085	1.0000077499712612
0.9348804902451224	1.0000078239383736
0.93538064032016	1.0000078947088298
0.9358807903951976	1.0000079622966744
0.936380940470235	1.0000080267159523
0.9368810905452726	1.000008087980708
0.93738124062031	1.0000081461049861
0.9378813906953476	1.0000082011028315
0.9383815407703852	1.000008252988288
0.9388816908454226	1.0000083017754013
0.9393818409204602	1.000008347478215
0.9398819909954976	1.0000083901107744
0.9403821410705352	1.000008429687124
0.9408822911455726	1.0000084662213085
0.9413824412206102	1.000008499727372
0.9418825912956478	1.0000085302193595
0.9423827413706852	1.0000085577113156
0.9428828914457228	1.0000085822172853
0.9433830415207602	1.0000086037513123
0.9438831915957978	1.000008622327442
0.9443833416708354	1.0000086379597186
0.9448834917458728	1.000008650662187
0.9453836418209104	1.0000086604488918
0.9458837918959478	1.0000086673338773
0.9463839419709854	1.0000086713311884
0.946884092046023	1.00000867245487
0.9473842421210604	1.000008670718966
0.947884392196098	1.0000086661375212
0.9483845422711354	1.000008658724581
0.948884692346173	1.0000086484941886
0.9493848424212106	1.0000086354603903
0.949884992496248	1.0000086196372293
0.9503851425712856	1.0000086010387508
0.950885292646323	1.0000085796789995
0.9513854427213606	1.0000085555720202
0.9518855927963981	1.0000085287318567
0.9523857428714356	1.0000084991725546
0.9528858929464732	1.0000084669081577
0.9533860430215106	1.0000084319527112
0.9538861930965482	1.0000083943202596
0.9543863431715857	1.0000083540248474
0.9548864932466232	1.000008311080519
0.9553866433216608	1.0000082655013192
0.9558867933966982	1.000008217301293
0.9563869434717358	1.0000081664944844
0.9568870935467733	1.0000081130949385
0.9573872436218108	1.0000080571166996
0.9578873936968484	1.0000079985738128
0.9583875437718858	1.000007937480322
0.9588876938469234	1.000007873850272
0.9593878439219609	1.0000078076977077
0.9598879939969984	1.0000077390366744
0.9603881440720359	1.0000076678812149
0.9608882941470734	1.0000075942453754
0.961388444222111	1.0000075181431995
0.9618885942971485	1.0000074395887328
0.962388744372186	1.0000073585960192
0.9628888944472235	1.0000072751791036
0.963389044522261	1.0000071893520306
0.9638891945972986	1.0000071011288445
0.9643893446723361	1.0000070105235905
0.9648894947473736	1.0000069175503128
0.9653896448224111	1.0000068222230558
0.9658897948974486	1.0000067245558646
0.9663899449724862	1.000006624562784
0.9668900950475237	1.000006522257858
0.9673902451225612	1.0000064176551313
0.9678903951975987	1.0000063107686488
0.9683905452726362	1.0000062016124551
0.9688906953476738	1.000006090200595
0.9693908454227113	1.0000059765471123
0.9698909954977488	1.0000058606660527
0.9703911455727863	1.00000574257146
0.9708912956478238	1.0000056222773792
0.9713914457228613	1.0000054997978545
0.9718915957978989	1.000005375146931
0.9723917458729364	1.0000052483386535
0.9728918959479739	1.0000051193870663
0.9733920460230114	1.0000049883062136
0.9738921960980489	1.0000048551101408
0.9743923461730865	1.0000047198128916
0.974892496248124	1.0000045824285115
0.9753926463231615	1.0000044429710448
0.975892796398199	1.0000043014545361
0.9763929464732365	1.0000041578930299
0.976893096548274	1.0000040123005713
0.9773932466233116	1.0000038646912042
0.9778933966983491	1.0000037150789736
0.9783935467733866	1.000003563477924
0.9788936968484241	1.0000034099021005
0.9793938469234617	1.0000032543655468
0.9798939969984992	1.0000030968823082
0.9803941470735367	1.0000029374664292
0.9808942971485742	1.0000027761319543
0.9813944472236117	1.0000026128929285
0.9818945972986493	1.0000024477633958
0.9823947473736867	1.000002280757401
0.9828948974487243	1.0000021118889888
0.9833950475237618	1.0000019411722043
0.9838951975987993	1.0000017686210916
0.9843953476738369	1.0000015942496951
0.9848954977488743	1.00000141807206
0.9853956478239119	1.0000012401022305
0.9858957978989494	1.0000010603542515
0.9863959479739869	1.000000878842167
0.9868960980490245	1.0000006955800227
0.9873962481240619	1.0000005105818621
0.9878963981990995	1.0000003238617308
0.988396548274137	1.0000001354336723
0.9888966983491745	0.9999999453117323
0.989396848424212	0.9999997535099548
0.9898969984992495	0.9999995600423849
0.9903971485742871	0.9999993649230666
0.9908972986493245	0.999999168166045
0.9913974487243621	0.9999989697853646
0.9918975987993996	0.9999987697950697
0.9923977488744371	0.9999985682092054
0.9928978989494747	0.9999983650418159
0.9933980490245121	0.9999981603069462
0.9938981990995497	0.9999979540186408
0.9943983491745872	0.9999977461909442
0.9948984992496247	0.9999975368379008
0.9953986493246623	0.9999973259735555
0.9958987993996997	0.9999971136119535
0.9963989494747373	0.9999968997671382
0.9968990995497748	0.9999966844531553
0.9973992496248123	0.9999964676840484
0.9978993996998499	0.9999962494738637
0.9983995497748873	0.9999960298366437
0.9988996998499249	0.9999958087864346
0.9993998499249624	0.9999955863372805
0.9999	0.999995362503226
