0.0001	0.9999999999999974
0.0006001500750375188	0.9999999999999974
0.0011003001500750375	0.9999999999999976
0.0016004502251125562	0.9999999999999976
0.0021006003001500747	0.9999999999999976
0.0026007503751875934	0.9999999999999976
0.003100900450225112	0.9999999999999976
0.003601050525262631	0.9999999999999976
0.00410120060030015	0.9999999999999978
0.004601350675337669	0.9999999999999978
0.0051015007503751875	0.9999999999999978
0.005601650825412706	0.9999999999999978
0.006101800900450225	0.9999999999999978
0.006601950975487744	0.9999999999999978
0.007102101050525262	0.9999999999999978
0.007602251125562781	0.9999999999999979
0.008102401200600299	0.9999999999999979
0.008602551275637818	0.9999999999999979
0.009102701350675337	0.9999999999999979
0.009602851425712855	0.9999999999999979
0.010103001500750374	0.9999999999999979
0.010603151575787893	0.9999999999999979
0.01110330165082541	0.999999999999998
0.01160345172586293	0.999999999999998
0.012103601800900449	0.999999999999998
0.012603751875937968	0.999999999999998
0.013103901950975487	0.999999999999998
0.013604052026013004	0.999999999999998
0.014104202101050524	0.999999999999998
0.014604352176088043	0.9999999999999982
0.01510450225112556	0.9999999999999982
0.01560465232616308	0.9999999999999982
0.0161048024012006	0.9999999999999982
0.016604952476238118	0.9999999999999982
0.017105102551275637	0.9999999999999982
0.017605252626313156	0.9999999999999982
0.018105402701350675	0.9999999999999982
0.01860555277638819	0.9999999999999982
0.01910570285142571	0.9999999999999983
0.01960585292646323	0.9999999999999983
0.020106003001500748	0.9999999999999983
0.020606153076538267	0.9999999999999983
0.021106303151575787	0.9999999999999983
0.021606453226613306	0.9999999999999983
0.02210660330165082	0.9999999999999983
0.02260675337668834	0.9999999999999983
0.02310690345172586	0.9999999999999983
0.02360705352676338	0.9999999999999983
0.024107203601800898	0.9999999999999986
0.024607353676838417	0.9999999999999986
0.025107503751875936	0.9999999999999986
0.025607653826913455	0.9999999999999986
0.026107803901950975	0.9999999999999986
0.02660795397698849	0.9999999999999986
0.02710810405202601	0.9999999999999986
0.02760825412706353	0.9999999999999986
0.028108404202101048	0.9999999999999986
0.028608554277138567	0.9999999999999986
0.029108704352176086	0.9999999999999986
0.029608854427213605	0.9999999999999986
0.03010900450225112	0.9999999999999987
0.03060915457728864	0.9999999999999987
0.03110930465232616	0.9999999999999987
0.031609454727363685	0.9999999999999987
0.0321096048024012	0.9999999999999987
0.03260975487743872	0.9999999999999987
0.03310990495247624	0.9999999999999987
0.033610055027513755	0.9999999999999987
0.03411020510255128	0.9999999999999987
0.03461035517758879	0.9999999999999987
0.035110505252626316	0.9999999999999987
0.03561065532766383	0.9999999999999987
0.036110805402701354	0.9999999999999987
0.03661095547773887	0.9999999999999987
0.037111105552776386	0.9999999999999987
0.03761125562781391	0.9999999999999987
0.038111405702851424	0.9999999999999987
0.038611555777888946	0.9999999999999987
0.03911170585292646	0.9999999999999987
0.039611855927963985	0.9999999999999989
0.0401120060030015	0.9999999999999989
0.040612156078039016	0.9999999999999989
0.04111230615307654	0.9999999999999989
0.041612456228114054	0.9999999999999989
0.04211260630315158	0.9999999999999989
0.04261275637818909	0.9999999999999989
0.043112906453226615	0.9999999999999989
0.04361305652826413	0.9999999999999989
0.04411320660330165	0.9999999999999989
0.04461335667833917	0.9999999999999989
0.045113506753376685	0.9999999999999989
0.04561365682841421	0.9999999999999989
0.04611380690345172	0.9999999999999989
0.046613956978489246	0.9999999999999989
0.04711410705352676	0.9999999999999989
0.047614257128564284	0.9999999999999989
0.0481144072036018	0.9999999999999989
0.048614557278639316	0.9999999999999989
0.04911470735367684	0.9999999999999989
0.049614857428714354	0.9999999999999989
0.05011500750375188	0.9999999999999989
0.05061515757878939	0.9999999999999989
0.051115307653826915	0.9999999999999989
0.05161545772886443	0.9999999999999989
0.05211560780390195	0.9999999999999989
0.05261575787893947	0.9999999999999989
0.053115907953976985	0.9999999999999989
0.05361605802901451	0.9999999999999989
0.05411620810405202	0.9999999999999989
0.054616358179089546	0.9999999999999989
0.05511650825412706	0.9999999999999989
0.055616658329164584	0.9999999999999989
0.0561168084042021	0.9999999999999989
0.056616958479239615	0.9999999999999989
0.05711710855427714	0.9999999999999989
0.057617258629314654	0.9999999999999989
0.058117408704352176	0.9999999999999989
0.05861755877938969	0.9999999999999989
0.059117708854427214	0.9999999999999989
0.05961785892946473	0.9999999999999989
0.060118009004502246	0.9999999999999989
0.06061815907953977	0.9999999999999989
0.061118309154577284	0.9999999999999987
0.06161845922961481	0.9999999999999987
0.06211860930465232	0.9999999999999987
0.06261875937968985	0.9999999999999987
0.06311890945472737	0.9999999999999987
0.06361905952976488	0.9999999999999987
0.0641192096048024	0.9999999999999987
0.06461935967983992	0.9999999999999987
0.06511950975487743	0.9999999999999987
0.06561965982991495	0.9999999999999987
0.06611980990495248	0.9999999999999987
0.06661995997999	0.9999999999999987
0.06712011005502751	0.9999999999999987
0.06762026013006503	0.9999999999999987
0.06812041020510255	0.9999999999999987
0.06862056028014006	0.9999999999999987
0.06912071035517758	0.9999999999999987
0.0696208604302151	0.9999999999999987
0.07012101050525263	0.9999999999999986
0.07062116058029014	0.9999999999999986
0.07112131065532766	0.9999999999999986
0.07162146073036518	0.9999999999999986
0.0721216108054027	0.9999999999999986
0.07262176088044021	0.9999999999999986
0.07312191095547774	0.9999999999999986
0.07362206103051526	0.9999999999999986
0.07412221110555277	0.9999999999999986
0.07462236118059029	0.9999999999999986
0.07512251125562781	0.9999999999999986
0.07562266133066534	0.9999999999999986
0.07612281140570284	0.9999999999999986
0.07662296148074037	0.9999999999999983
0.07712311155577789	0.9999999999999983
0.0776232616308154	0.9999999999999983
0.07812341170585292	0.9999999999999983
0.07862356178089044	0.9999999999999983
0.07912371185592797	0.9999999999999983
0.07962386193096548	0.9999999999999983
0.080124012006003	0.9999999999999983
0.08062416208104052	0.9999999999999983
0.08112431215607803	0.9999999999999983
0.08162446223111555	0.9999999999999982
0.08212461230615307	0.9999999999999982
0.0826247623811906	0.9999999999999982
0.0831249124562281	0.9999999999999982
0.08362506253126563	0.9999999999999982
0.08412521260630315	0.9999999999999982
0.08462536268134066	0.9999999999999982
0.08512551275637818	0.9999999999999982
0.0856256628314157	0.999999999999998
0.08612581290645323	0.999999999999998
0.08662596298149074	0.999999999999998
0.08712611305652826	0.999999999999998
0.08762626313156578	0.999999999999998
0.08812641320660329	0.999999999999998
0.08862656328164081	0.999999999999998
0.08912671335667834	0.999999999999998
0.08962686343171586	0.9999999999999979
0.09012701350675337	0.9999999999999979
0.09062716358179089	0.9999999999999979
0.09112731365682841	0.9999999999999979
0.09162746373186594	0.9999999999999979
0.09212761380690344	0.9999999999999979
0.09262776388194097	0.9999999999999979
0.09312791395697849	0.9999999999999978
0.093628064032016	0.9999999999999978
0.09412821410705352	0.9999999999999978
0.09462836418209104	0.9999999999999978
0.09512851425712857	0.9999999999999978
0.09562866433216607	0.9999999999999978
0.0961288144072036	0.9999999999999976
0.09662896448224112	0.9999999999999976
0.09712911455727863	0.9999999999999976
0.09762926463231615	0.9999999999999976
0.09812941470735367	0.9999999999999976
0.0986295647823912	0.9999999999999976
0.0991297148574287	0.9999999999999974
0.09962986493246623	0.9999999999999974
0.10013001500750375	0.994487621478579
0.10063016508254126	0.9951761452270228
0.10113031515757878	0.9958385808003557
0.1016304652326163	0.9964753526836699
0.10213061530765383	0.997086885362058
0.10263076538269134	0.9976736033206134
0.10313091545772886	0.9982359310444283
0.10363106553276638	0.9987742930185954
0.1041312156078039	0.9992891137282075
0.10463136568284141	0.9997808176583572
0.10513151575787893	1.000249829294137
0.10563166583291646	1.0006965731206399
0.10613181590795397	1.0011214736229581
0.10663196598299149	1.0015249552861851
0.10713211605802901	1.0019074425954129
0.10763226613306653	1.0022693600357349
0.10813241620810404	1.0026111320922426
0.10863256628314157	1.0029331832500297
0.10913271635817909	1.0032359379941882
0.1096328664332166	1.0035198208098115
0.11013301650825412	1.003785256181992
0.11063316658329164	1.004032668595822
0.11113331665832916	1.0042624825363948
0.11163346673336667	1.0044751224888024
0.1121336168084042	1.0046710129381382
0.11263376688344172	1.0048505783694943
0.11313391695847923	1.0050142432679634
0.11363406703351675	1.0051624321186383
0.11413421710855427	1.0052955694066124
0.1146343671835918	1.0054140796169773
0.1151345172586293	1.0055183872348263
0.11563466733366683	1.005608916745252
0.11613481740870435	1.005686092633347
0.11663496748374186	1.0057503393842036
0.11713511755877938	1.0058020814829152
0.1176352676338169	1.0058417434145739
0.11813541770885443	1.005869749664273
0.11863556778389193	1.0058865247171043
0.11913571785892946	1.0058924930581614
0.11963586793396698	1.0058880791725364
0.12013601800900449	1.0058737075453221
0.12063616808404201	1.0058498026616114
0.12113631815907953	1.005816789006497
0.12163646823411706	1.0057750910650711
0.12213661830915457	1.0057251333224266
0.12263676838419209	1.0056673402636565
0.12313691845922961	1.0056021363738534
0.12363706853426713	1.0055299461381093
0.12413721860930464	1.0054511940415176
0.12463736868434216	1.0053663045691712
0.12513751875937967	1.0052757022061618
0.12563766883441718	1.0051798114375832
0.12613781890945472	1.0050790567485273
0.12663796898449223	1.0049738626240872
0.12713811905952974	1.0048646535493546
0.12763826913456727	1.0047518540094238
0.12813841920960478	1.0046358884893862
0.1286385692846423	1.0045171814743357
0.12913871935967983	1.0043961574493638
0.12963886943471734	1.0042732408995634
0.13013901950975484	1.0041488563100278
0.13063916958479238	1.0040234281658487
0.1311393196598299	1.0038973809521199
0.13163946973486743	1.0037711391539332
0.13213961980990493	1.003645127256382
0.13263976988494244	1.0035197697445581
0.13313991995997998	1.0033954911035552
0.1336400700350175	1.0032727158184653
0.134140220110055	1.0031518683743812
0.13464037018509253	1.0030333732563954
0.13514052026013004	1.0029176549496013
0.13564067033516755	1.0028051379390908
0.1361408204102051	1.0026962467099572
0.1366409704852426	1.0025914057472927
0.1371411205602801	1.00249103953619
0.13764127063531764	1.002395572561742
0.13814142071035515	1.002305429309041
0.1386415707853927	1.0022210342631803
0.1391417208604302	1.0021428119092526
0.1396418709354677	1.00207118673235
0.14014202101050524	1.0020065832175653
0.14064217108554275	1.0019494258499915
0.14114232116058026	1.001900139114721
0.1416424712356178	1.0018591474968466
0.1421426213106553	1.001826875481461
0.1426427713856928	1.0018037475536568
0.14314292146073035	1.0017901881985267
0.14364307153576786	1.0017866219011637
0.1441432216108054	1.00179347314666
0.1446433716858429	1.0018111664201086
0.1451435217608804	1.0018401262066017
0.14564367183591795	1.0018807769912326
0.14614382191095546	1.0019335432590937
0.14664397198599297	1.0019988494952778
0.1471441220610305	1.0020771201848773
0.147644272136068	1.0021687798129852
0.14814442221110552	1.0022742528646942
0.14864457228614306	1.0023939638250967
0.14914472236118057	1.0025283371792855
0.14964487243621807	1.0026777974123533
0.1501450225112556	1.0028427690093928
0.15064517258629312	1.003023676455497
0.15114532266133066	1.0032209442357578
0.15164547273636816	1.0034349968352685
0.15214562281140567	1.0036662587391214
0.1526457728864432	1.0039151544324094
0.15314592296148072	1.0041821084002254
0.15364607303651823	1.004467545127662
0.15414622311155576	1.0047718890998119
0.15464637318659327	1.005095564801767
0.15514652326163078	1.0054389967186212
0.15564667333666832	1.005802609335466
0.15614682341170583	1.006186827137395
0.15664697348674333	1.0065920746095003
0.15714712356178087	1.0070187762368752
0.15764727363681838	1.0074673565046117
0.15814742371185592	1.0079382398978032
0.15864757378689343	1.0084318509015415
0.15914772386193093	1.00894861400092
0.15964787393696847	1.0094889536810312
0.16014802401200598	1.0100532944269676
0.1606481740870435	1.0106420607238222
0.16114832416208102	1.0112556770566874
0.16164847423711853	1.0118945679106561
0.16214862431215604	1.0125591577708208
0.16264877438719358	1.0132498711222742
0.1631489244622311	1.0139671324501087
0.16364907453726862	1.0147113662394178
0.16414922461230613	1.0154829969752934
0.16464937468734364	1.0162824491428288
0.16514952476238118	1.0171101472271158
0.1656496748374187	1.0179665157132483
0.1661498249124562	1.0188519790863175
0.16664997498749373	1.0197669618314176
0.16715012506253124	1.0207118884336404
0.16765027513756875	1.0216871833780787
0.16815042521260629	1.0226932711498251
0.1686505752876438	1.0237305762339728
0.1691507253626813	1.0247995231156137
0.16965087543771884	1.0259005362798415
0.17015102551275635	1.0270340402117475
0.17065117558779389	1.0282004593964253
0.1711513256628314	1.0294002183189677
0.1716514757378689	1.0306337414644673
0.17215162581290644	1.0319014533180164
0.17265177588794395	1.0332037783647077
0.17315192596298146	1.0345411410896344
0.173652076038019	1.0359139659778887
0.1741522261130565	1.0373226775145632
0.174652376188094	1.038767700184751
0.17515252626313155	1.0402494584735447
0.17565267633816906	1.0417683768660368
0.17615282641320656	1.0433248798473198
0.1766529764882441	1.044919391902487
0.1771531265632816	1.0465523375166306
0.17765327663831915	1.0482241411748434
0.17815342671335666	1.0499352273622182
0.17865357678839416	1.0516860205638474
0.1791537268634317	1.053476945264824
0.1796538769384692	1.0553084259502405
0.18015402701350672	1.0571808871051893
0.18065417708854425	1.059094753214764
0.18115432716358176	1.0610504487640562
0.18165447723861927	1.0630483982381593
0.1821546273136568	1.0650890261221655
0.18265477738869432	1.0671727569011682
0.18315492746373185	1.0693000150602592
0.18365507753876936	1.0714712250845317
0.18415522761380687	1.073686811459078
0.1846553776888444	1.0759471986689915
0.18515552776388192	1.0782528111993641
0.18565567783891943	1.080604073535289
0.18615582791395696	1.083001410161859
0.18665597798899447	1.0854452455641663
0.18715612806403198	1.0879360042273034
0.18765627813906952	1.0904741106363638
0.18815642821410702	1.0930599892764394
0.18865657828914453	1.0956940646326232
0.18915672836418207	1.0983767611900082
0.18965687843921958	1.1011085034336863
0.19015702851425711	1.1038897158487513
0.19065717858929462	1.1067208229202947
0.19115732866433213	1.10960224913341
0.19165747873936967	1.1125344189731898
0.19215762881440718	1.115517756924726
0.1926577788894447	1.1185526874731122
0.19315792896448222	1.121639635103441
0.19365807903951973	1.1247790243008047
0.19415822911455724	1.127971279550296
0.19465837918959478	1.1312168253370076
0.19515852926463229	1.1345160861460324
0.19565867933966982	1.137869486462463
0.19615882941470733	1.141277450771392
0.19665897948974484	1.144740403557912
0.19715912956478238	1.1482587693071162
0.19765927963981988	1.1518329725040968
0.1981594297148574	1.1554634376339463
0.19865957978989493	1.159150589181758
0.19915972986493244	1.1628948516326238
0.19965987993996995	1.166696649471637
0.20016003001500748	1.1709685805582875
0.200660180090045	1.1742453616209076
0.2011603301650825	1.1776328825515092
0.20166048024012004	1.1811305456301513
0.20216063031515755	1.184737753136894
0.20266078039019508	1.1884539073517975
0.2031609304652326	1.1922784105549211
0.2036610805402701	1.196210665026325
0.20416123061530764	1.2002500730460688
0.20466138069034515	1.2043960368942126
0.20516153076538265	1.2086479588508154
0.2056616808404202	1.2130052411959382
0.2061618309154577	1.21746728620964
0.2066619809904952	1.2220334961719812
0.20716213106553275	1.2267032733630212
0.20766228114057025	1.2314760200628196
0.2081624312156078	1.2363511385514367
0.2086625812906453	1.2413280311089323
0.2091627313656828	1.246406100015366
0.20966288144072034	1.2515847475507977
0.21016303151575785	1.2568633759952874
0.21066318159079536	1.2622413876288945
0.2111633316658329	1.2677181847316792
0.2116634817408704	1.2732931695837009
0.21216363181590792	1.27896574446502
0.21266378189094545	1.2847353116556963
0.21316393196598296	1.290601273435789
0.21366408204102047	1.296563032085358
0.214164232116058	1.3026199898844641
0.21466438219109552	1.3087715491131662
0.21516453226613305	1.3150171120515244
0.21566468234117056	1.3213560809795983
0.21616483241620807	1.3277878581774478
0.2166649824912456	1.3343118459251333
0.21716513256628311	1.340927446502714
0.21766528264132062	1.3476340621902492
0.21816543271635816	1.3544310952678
0.21866558279139567	1.3613179480154256
0.21916573286643318	1.3682940227131855
0.2196658829414707	1.3753587216411403
0.22016603301650822	1.3825114470793491
0.22066618309154573	1.3897516013078717
0.22116633316658327	1.397078586606769
0.22166648324162078	1.4044918052560993
0.2221666333166583	1.4119906595359237
0.22266678339169582	1.419574551726301
0.22316693346673333	1.4272428841072917
0.22366708354177087	1.434995058958956
0.22416723361680838	1.442830478561352
0.22466738369184588	1.450748545194541
0.22516753376688342	1.458748661138583
0.22566768384192093	1.4668302286735366
0.22616783391695844	1.4749926500794626
0.22666798399199597	1.4832353276364216
0.22716813406703348	1.4915576636244712
0.22766828414207102	1.499959060323673
0.22816843421710853	1.5084389200140857
0.22866858429214604	1.51699664497577
0.22916873436718357	1.525631637488785
0.22966888444222108	1.5343432998331912
0.2301690345172586	1.5431310342890479
0.23066918459229613	1.5519942431364153
0.23116933466733364	1.5609323286553527
0.23166948474237115	1.5699446931259207
0.23216963481740868	1.5790307388281788
0.2326697848924462	1.588189868042186
0.2331699349674837	1.597421483048003
0.23367008504252124	1.6067249861256905
0.23417023511755874	1.6160997795553065
0.23467038519259628	1.6255452656169118
0.2351705352676338	1.6350608465905656
0.2356706853426713	1.644645924756328
0.23617083541770884	1.65429990239426
0.23667098549274634	1.6640221817844194
0.23717113556778385	1.6738121652068674
0.2376712856428214	1.683669254941664
0.2381714357178589	1.6935928532688678
0.2386715857928964	1.703582362468539
0.23917173586793394	1.7136371848207383
0.23967188594297145	1.7237567226055246
0.24017203601800896	1.733940378102958
0.2406721860930465	1.7441875535930988
0.241172336168084	1.7544976513560055
0.24167248624312154	1.7648700736717402
0.24217263631815905	1.7753042228203604
0.24267278639319656	1.7857995010819268
0.2431729364682341	1.7963553107365
0.2436730865432716	1.8069710540641384
0.24417323661830911	1.8176461333449025
0.24467338669334665	1.828379950858853
0.24517353676838416	1.8391719088860476
0.24567368684342167	1.8500214097065477
0.2461738369184592	1.8609278556004134
0.2466739869934967	1.8718906488477036
0.24717413706853425	1.8829091917284788
0.24767428714357176	1.8939828865227981
0.24817443721860927	1.9051111355107213
0.2486745872936468	1.9162933409723093
0.2491747373686843	1.927528905187621
0.24967488744372182	1.938817230436716
0.25017503751875936	1.9501577189996557
0.25067518759379687	1.9615497731564981
0.2511753376688344	1.9729927951873036
0.2516754877438719	1.9844861873721318
0.25217563781890945	1.9960293519910437
0.25267578789394696	2.007621691324098
0.25317593796898447	2.0192626076513545
0.253676088044022	2.030951503252874
0.2541762381190595	2.0426877804087153
0.254676388194097	2.0544708413989383
0.25517653826913456	2.0663000885036036
0.25567668834417207	2.0781749240027705
0.2561768384192096	2.0900947501764984
0.2566769884942471	2.1020589693048475
0.2571771385692846	2.1140669836678776
0.25767728864432216	2.12611819554565
0.25817743871935966	2.1382120072182222
0.2586775887943972	2.150347820965654
0.2591777388694347	2.162525039068007
0.2596778889444722	2.17474306380534
0.2601780390195097	2.187001297457713
0.26067818909454726	2.1992991423051875
0.2611783391695848	2.2116360006278204
0.2616784892446223	2.224011274705672
0.2621786393196598	2.2364243668188037
0.2626787893946973	2.2488746792472742
0.26317893946973486	2.261361614271145
0.26367908954477237	2.2738845741704723
0.2641792396198099	2.2864429612253194
0.2646793896948474	2.2990361777157444
0.2651795397698849	2.3116636259218075
0.2656796898449224	2.3243247081235694
0.26617983991995997	2.3370188266010907
0.2666799899949975	2.3497453836344273
0.267180140070035	2.362503781503642
0.2676802901450725	2.3752934224887943
0.26818044022011	2.3881137088699433
0.2686805902951475	2.400964042927149
0.2691807403701851	2.413843826940473
0.2696808904452226	2.426752463189973
0.2701810405202601	2.439689353955709
0.2706811905952976	2.452653901517741
0.2711813406703351	2.4656455081561295
0.2716814907453727	2.4786635761509355
0.2721816408204102	2.4917075077822153
0.2726817908954477	2.504776705330031
0.2731819409704852	2.517870571074442
0.2736820910455227	2.530988507295508
0.2741822411205602	2.54412991627329
0.2746823911955978	2.557294200287847
0.2751825412706353	2.5704807616192373
0.2756826913456728	2.5836890025475228
0.2761828414207103	2.596918325352762
0.2766829914957478	2.610168132315016
0.2771831415707854	2.623437825714345
0.2776832916458229	2.636726807830807
0.2781834417208604	2.6500344809444623
0.2786835917958979	2.6633602473353704
0.2791837418709354	2.676703509283592
0.27968389194597293	2.6900636690691866
0.2801840420210105	2.703440128972216
0.280684192096048	2.716832291272736
0.2811843421710855	2.730239558250809
0.281684492246123	2.743661332186495
0.28218464232116053	2.757097015359852
0.2826847923961981	2.770546010050943
0.2831849424712356	2.7840077185398244
0.2836850925462731	2.7974815431065574
0.2841852426213106	2.810966886031202
0.2846853926963481	2.824463149593818
0.28518554277138564	2.8379697360744647
0.2856856928464232	2.8514860477532036
0.2861858429214607	2.865011486910092
0.2866859929964982	2.8785454558251917
0.2871861430715357	2.8920873567785605
0.28768629314657324	2.9056365920502603
0.2881864432216108	2.919192563920352
0.2886865932966483	2.932754674668891
0.2891867433716858	2.9463223265759404
0.2896868934467233	2.9598949219215593
0.29018704352176083	2.973471862985807
0.29068719359679834	2.9870525520487443
0.2911873436718359	3.000636391390432
0.2916874937468734	3.0142227832909283
0.2921876438219109	3.027811130030291
0.29268779389694843	3.041400833888584
0.29318794397198594	3.0549912971458633
0.29368809404702345	3.068581922082193
0.294188244122061	3.082172110977629
0.2946883941970985	3.095761266112234
0.29518854427213603	3.1093487897660657
0.29568869434717354	3.122934084219185
0.29618884442221105	3.1365165517516505
0.2966889944972486	3.150095594643526
0.2971891445722861	3.1636706151748655
0.29768929464732363	3.1772410156257327
0.29818944472236114	3.1908061982761855
0.29868959479739865	3.2043655654062855
0.29918974487243616	3.2179185192960906
0.2996898949474737	3.231464462225665
0.30019004502251123	3.245124146296376
0.30069019509754874	3.2589423986571284
0.30119034517258625	3.272761174361622
0.30169049524762376	3.286580261439878
0.3021906453226613	3.300399447921922
0.30269079539769883	3.314218521837775
0.30319094547273634	3.328037271217463
0.30369109554777385	3.341855484091008
0.30419124562281136	3.3556729484884333
0.30469139569784887	3.3694894524397645
0.30519154577288643	3.383304783975025
0.30569169584792394	3.397118731124237
0.30619184592296145	3.4109310819174237
0.30669199599799896	3.4247416243846076
0.30719214607303647	3.438550146555817
0.30769229614807403	3.4523564364610744
0.30819244622311154	3.466160282130399
0.30869259629814905	3.4799614715938167
0.30919274637318656	3.4937597928813524
0.30969289644822406	3.507555034023029
0.3101930465232616	3.521346983048869
0.31069319659829914	3.535135427988898
0.31119334667333665	3.548920156873138
0.31169349674837415	3.5627009577316127
0.31219364682341166	3.5764776185943457
0.3126937968984492	3.590249927491362
0.3131939469734867	3.604017672452683
0.31369409704852425	3.617780641508336
0.31419424712356175	3.631538622688339
0.31469439719859926	3.645291404022719
0.31519454727363677	3.6590387735415004
0.3156946973486743	3.672780519274705
0.31619484742371184	3.686516429252358
0.31669499749874935	3.7002462915044805
0.31719514757378686	3.7139698940610977
0.31769529764882437	3.7276870249522336
0.3181954477238619	3.74139747220791
0.3186955977988994	3.755101023858153
0.31919574787393695	3.768797467932986
0.31969589794897446	3.7824865924624285
0.32019604802401197	3.79616818547651
0.3206961980990495	3.809842035005249
0.321196348174087	3.8235079290786715
0.32169649824912455	3.8371656557268037
0.32219664832416206	3.8508150029796635
0.32269679839919957	3.8644557588672788
0.3231969484742371	3.8780877114196706
0.3236970985492746	3.891710648666863
0.3241972486243121	3.905324358638882
0.32469739869934966	3.918928629365749
0.32519754877438717	3.9325232488774886
0.3256976988494247	3.9461080052041217
0.3261978489244622	3.9596826863756753
0.3266979989994997	3.9732470804221722
0.32719814907453726	3.9868009753736358
0.32769829914957477	4.000344159260088
0.3281984492246123	4.013876420111554
0.3286985992996498	4.027397545958057
0.3291987493746873	4.040907324829623
0.3296988994497248	4.05440554475627
0.33019904952476237	4.0678919937680265
0.3306991995997999	4.081366459894915
0.3311993496748374	4.094828731166957
0.3316994997498749	4.10827859561418
0.3321996498249124	4.121715841266603
0.3326997998999499	4.135140256154253
0.3331999499749875	4.148551628307153
0.333700100050025	4.161949745755326
0.3342002501250625	4.175334396528795
0.3347004002001	4.188705368657584
0.3352005502751375	4.202062450171716
0.3357007003501751	4.215405429101218
0.3362008504252126	4.22873409347611
0.3367010005002501	4.2420482313264145
0.3372011505752876	4.255347630682159
0.3377013006503251	4.268632079573366
0.3382014507253626	4.281901366030057
0.3387016008004002	4.29515527808226
0.3392017508754377	4.308393603759993
0.3397019009504752	4.321616131093281
0.3402020510255127	4.33482264811215
0.3407022011005502	4.348012942846622
0.3412023511755878	4.3611868033267225
0.3417025012506253	4.374344017582472
0.3422026513256628	4.387484373643896
0.3427028014007003	4.400607659541017
0.3432029514757378	4.41371366330386
0.3437031015507753	4.426802172962449
0.3442032516258129	4.439872976546806
0.3447034017008504	4.452925862086953
0.3452035517758879	4.465960617612918
0.3457037018509254	4.478977031154721
0.3462038519259629	4.491974890742387
0.3467040020010005	4.50495398440594
0.347204152076038	4.517914100175404
0.3477043021510755	4.5308550260808
0.348204452226113	4.543776550152153
0.3487046023011505	4.556678460419487
0.34920475237618803	4.569560544912825
0.3497049024512256	4.582422591662194
0.3502050525262631	4.595272571605423
0.3507052026013006	4.608114558188202
0.3512053526763381	4.620936147729638
0.35170550275137563	4.633737272831671
0.35220565282641314	4.646517866096247
0.3527058029014507	4.659277860125308
0.3532059529764882	4.672017187520796
0.3537061030515257	4.684735780884655
0.35420625312656323	4.69743357281883
0.35470640320160074	4.710110495925259
0.3552065532766383	4.722766482805893
0.3557067033516758	4.735401466062668
0.3562068534267133	4.748015378297531
0.35670700350175083	4.760608152112423
0.35720715357678834	4.7731797201092885
0.35770730365182585	4.78573001489007
0.3582074537268634	4.798258969056712
0.3587076038019009	4.8107665152111565
0.35920775387693843	4.823252585955347
0.35970790395197594	4.835717113891226
0.36020805402701345	4.848160031620736
0.360708204102051	4.860581271745823
0.3612083541770885	4.872980766868429
0.36170850425212603	4.885358449590495
0.36220865432716354	4.897714252513967
0.36270880440220105	4.910048108240786
0.36320895447723855	4.922359949372896
0.3637091045522761	4.934649708512242
0.36420925462731363	4.9469173182607635
0.36470940470235114	4.959162711220405
0.36520955477738865	4.971385819993112
0.36570970485242615	4.983586577180825
0.3662098549274637	4.995764915385489
0.3667100050025012	5.007920767209046
0.36721015507753874	5.020054065253437
0.36771030515257624	5.032164742120609
0.36821045522761375	5.044252730412504
0.36871060530265126	5.056317962731064
0.3692107553776888	5.068360371678235
0.36971090545272633	5.080379889855957
0.37021105552776384	5.092376449866172
0.37071120560280135	5.1043499843108275
0.37121135567783886	5.116300425791864
0.3717115057528764	5.128227706911226
0.37221165582791393	5.140131760270855
0.37271180590295144	5.152012518472696
0.37321195597798895	5.16386991411869
0.37371210605302646	5.175703879810782
0.37421225612806397	5.187514348150915
0.37471240620310153	5.199301251741032
0.37521255627813904	5.211064523183073
0.37571270635317655	5.2228040950789865
0.37621285642821406	5.234519900030713
0.37671300650325157	5.246211870640194
0.3772131565782891	5.257879939509375
0.37771330665332664	5.269524039240201
0.37821345672836415	5.281144102434611
0.37871360680340166	5.292740061694549
0.37921375687843917	5.304311849621961
0.3797139069534767	5.3158593988187866
0.38021405702851424	5.327382641886972
0.38071420710355175	5.338881511428457
0.38121435717858926	5.350355940045187
0.38171450725362677	5.361805860339106
0.3822146573286643	5.3732312049121544
0.3827148074037018	5.384631906366277
0.38321495747873935	5.396007897303421
0.38371510755377686	5.407359110325522
0.38421525762881437	5.418685478034526
0.3847154077038519	5.429986933032377
0.3852155577788894	5.441263407921019
0.38571570785392695	5.452514835302394
0.38621585792896446	5.463741147778445
0.38671600800400197	5.474942277951115
0.3872161580790395	5.486118158422347
0.387716308154077	5.497268721794087
0.3882164582291145	5.508393900668272
0.38871660830415206	5.519493627646853
0.38921675837918956	5.530567835331767
0.3897169084542271	5.5416164563249595
0.3902170585292646	5.552639423228373
0.3907172086043021	5.5636366686439525
0.39121735867933966	5.574608125173641
0.39171750875437716	5.585553725419377
0.3922176588294147	5.596473401983108
0.3927178089044522	5.607367087466777
0.3932179589794897	5.618234714472327
0.3937181090545272	5.629076215601699
0.39421825912956476	5.639891523456839
0.39471840920460227	5.650680570639688
0.3952185592796398	5.6614432897521905
0.3957187093546773	5.672179613396289
0.3962188594297148	5.682889474173926
0.3967190095047523	5.693572804687044
0.39721915957978987	5.704229537537594
0.3977193096548274	5.714859605327507
0.3982194597298649	5.725462940658733
0.3987196098049024	5.736039476133215
0.3992197598799399	5.746589144352895
0.39971990995497747	5.757111877919718
0.400220060030015	5.767610732403298
0.4007202101050525	5.778086630664662
0.40122036018009	5.7885361206682155
0.4017205102551275	5.798959196454783
0.402220660330165	5.80935585206519
0.4027208104052026	5.819726081540262
0.4032209604802401	5.830069878920823
0.4037211105552776	5.8403872382477005
0.4042212606303151	5.850678153561719
0.4047214107053526	5.860942618903704
0.4052215607803902	5.871180628314479
0.4057217108554277	5.881392175834874
0.4062218609304652	5.891577255505708
0.4067220110055027	5.901735861367813
0.4072221610805402	5.911867987462011
0.4077223111555777	5.921973627829128
0.4082224612306153	5.932052776509992
0.4087226113056528	5.942105427545423
0.4092227613806903	5.95213157497625
0.4097229114557278	5.962131212843296
0.4102230615307653	5.972104335187389
0.4107232116058029	5.9820509360493554
0.4112233616808404	5.991971009470016
0.4117235117558779	6.001864549490199
0.4122236618309154	6.011731550150732
0.4127238119059529	6.0215720054924375
0.41322396198099043	6.031385909556142
0.413724112056028	6.0411732563826686
0.4142242621310655	6.050934040012847
0.414724412206103	6.060668254487498
0.4152245622811405	6.070375893847452
0.41572471235617803	6.080056952133532
0.4162248624312156	6.089711423386563
0.4167250125062531	6.099339301647368
0.4172251625812906	6.108940580956777
0.4177253126563281	6.1185152553556135
0.4182254627313656	6.128063318884703
0.41872561280640314	6.1375847655848705
0.4192257628814407	6.1470795894969426
0.4197259129564782	6.156547784661743
0.4202260630315157	6.1659893451200976
0.4207262131065532	6.175404264912833
0.42122636318159073	6.1847925380807744
0.42172651325662824	6.194154158664746
0.4222266633316658	6.2034891207055765
0.4227268134067033	6.212797418244086
0.4232269634817408	6.222079045321102
0.42372711355677833	6.231333995977452
0.42422726363181584	6.24056226425396
0.4247274137068534	6.249763844191452
0.4252275637818909	6.258939023774705
0.4257277138569284	6.268087918038065
0.42622786393196593	6.277210240814286
0.42672801400700344	6.286306006897699
0.42722816408204095	6.295375231082633
0.4277283141570785	6.304417928163412
0.428228464232116	6.313434112934364
0.42872861430715353	6.322423800189822
0.42922876438219104	6.331387004724107
0.42972891445722855	6.3403237413315505
0.4302290645322661	6.349234024806485
0.4307292146073036	6.358117869943232
0.43122936468234113	6.366975291536118
0.43172951475737864	6.375806304379477
0.43222966483241615	6.384610923267632
0.43272981490745366	6.393389162994914
0.4332299649824912	6.4021410383556505
0.43373011505752873	6.4108665641441664
0.43423026513256624	6.419565755154794
0.43473041520760375	6.42823862618186
0.43523056528264126	6.436885192019691
0.4357307153576788	6.445505467462613
0.43623086543271633	6.454099467304959
0.43673101550775384	6.462667206341054
0.43723116558279135	6.4712086993652225
0.43773131565782886	6.479723993552402
0.43823146573286637	6.4882131280964614
0.43873161580790393	6.49667609526416
0.43923176588294144	6.505112918257187
0.43973191595797895	6.513523620277243
0.44023206603301646	6.521908224526028
0.44073221610805396	6.530266754205237
0.4412323661830915	6.5385992325165745
0.44173251625812904	6.546905682661729
0.44223266633316655	6.555186127842405
0.44273281640820406	6.563440591260298
0.44323296648324156	6.5716690961171045
0.4437331165582791	6.579871665614524
0.44423326663331664	6.588048335406491
0.44473341670835415	6.596199121691958
0.44523356678339165	6.604324052195856
0.44573371685842916	6.612423155069043
0.44623386693346667	6.6204964584623776
0.4467340170085042	6.6285439905267225
0.44723416708354174	6.636565779412946
0.44773431715857925	6.644561853271901
0.44823446723361676	6.652532240254439
0.44873461730865427	6.660476968511433
0.4492347673836918	6.668396066193733
0.44973491745872934	6.676289561452199
0.45023506753376685	6.684157485979058
0.45073521760880436	6.691999873409568
0.45123536768384187	6.699816752390262
0.4517355177588794	6.707608154256477
0.4522356678339169	6.715374110343551
0.45273581790895445	6.723114651986799
0.45323596798399196	6.730693146425963
0.45373611805902947	6.732459791152703
0.454236268134067	6.705528822321799
0.4547364182091045	6.678830577034134
0.45523656828414205	6.652146489193646
0.45573671835917956	6.625475934381009
0.45623686843421707	6.5988191133976155
0.4567370185092546	6.572176265588256
0.4572371685842921	6.5455476214257216
0.4577373186593296	6.518933418253651
0.45823746873436716	6.492333893838272
0.45873761880940467	6.465749285945823
0.4592377688844422	6.439179832342536
0.4597379189594797	6.412625776832571
0.4602380690345172	6.386087361309062
0.4607382191095547	6.3595648325974325
0.46123836918459227	6.333058439568437
0.4617385192596298	6.3065684310928285
0.4622386693346673	6.280095056041363
0.4627388194097048	6.253638577167072
0.4632389694847423	6.227199236878971
0.46373911955977987	6.200777280292925
0.4642392696348174	6.174372973833315
0.4647394197098549	6.147986583924525
0.4652395697848924	6.121618376990936
0.4657397198599299	6.09526861945693
0.4662398699349674	6.068937577746888
0.466740020010005	6.042625518285192
0.4672401700850425	6.01633270749623
0.46774032016008	5.990059411804379
0.4682404702351175	5.963805897634022
0.468740620310155	5.937572431409542
0.4692407703851926	5.9113593480290305
0.4697409204602301	5.885166870789407
0.4702410705352676	5.858995290315505
0.4707412206103051	5.832844898532447
0.4712413706853426	5.806715987365345
0.4717415207603801	5.780608848739318
0.4722416708354177	5.754523774579474
0.4727418209104552	5.728461056810938
0.4732419709854927	5.702420987358825
0.4737421210605302	5.676403858148247
0.4742422711355677	5.650409961104322
0.4747424212106053	5.624439588152162
0.4752425712856428	5.598493177086236
0.4757427213606803	5.572570971767011
0.4762428714357178	5.546673119330014
0.4767430215107553	5.520799954829877
0.4772431715857928	5.49495181332123
0.4777433216608304	5.469129029858701
0.4782434717358679	5.443331939496926
0.4787436218109054	5.417560877290532
0.4792437718859429	5.39181617829415
0.4797439219609804	5.366098177562408
0.48024407203601793	5.340407210149942
0.4807442221110555	5.314743611111374
0.481244372186093	5.289107715501342
0.4817445222611305	5.263499858374473
0.482244672336168	5.237920374785399
0.48274482241120553	5.21236959978875
0.4832449724862431	5.186847868439152
0.4837451225612806	5.161355515791243
0.4842452726363181	5.135892876899649
0.4847454227113556	5.110460286819002
0.48524557278639313	5.08505808060393
0.48574572286143064	5.059686593309065
0.4862458729364682	5.034346159989036
0.4867460230115057	5.009037115698476
0.4872461730865432	4.983759795492016
0.48774632316158073	4.9585148830397365
0.48824647323661824	4.9333027475079465
0.4887466233116558	4.908123433454697
0.4892467733866933	4.882977344825934
0.4897469234617308	4.857864885567599
0.49024707353676833	4.832786459625631
0.49074722361180584	4.807742470945973
0.49124737368684335	4.782733323474569
0.4917475237618809	4.757759421157355
0.4922476738369184	4.73282116794028
0.49274782391195593	4.707918967769284
0.49324797398699344	4.683053224590306
0.49374812406203095	4.658224342349292
0.4942482741370685	4.633432724992179
0.494748424212106	4.608678776464913
0.49524857428714353	4.583962900713436
0.49574872436218104	4.559285501683688
0.49624887443721855	4.534646983321613
0.49674902451225605	4.5100477495731495
0.4972491745872936	4.48548820438424
0.4977493246623311	4.4609687517008325
0.49824947473736864	4.436489795468862
0.49874962481240614	4.412051739634274
0.49924977488744365	4.387654988143009
0.4997499249624812	4.363299944941007
0.5002500750375187	4.338988854403431
0.5007502251125562	4.314721766715009
0.5012503751875937	4.290497101285766
0.5017505252626313	4.266315394230852
0.5022506753376688	4.24217718166542
0.5027508254127063	4.218082999704603
0.5032509754877438	4.194033384463559
0.5037511255627813	4.170028872057418
0.5042512756378189	4.146069998601335
0.5047514257128564	4.122157300210459
0.5052515757878939	4.098291312999921
0.5057517258629314	4.074472573084883
0.5062518759379689	4.050701616580476
0.5067520260130065	4.026978979601849
0.507252176088044	4.003305198264156
0.5077523261630815	3.9796808086825295
0.508252476238119	3.9561063469721263
0.5087526263131565	3.9325823492480803
0.509252776388194	3.909109351625546
0.5097529264632316	3.8856878902196605
0.5102530765382691	3.862318501145573
0.5107532266133066	3.839001720518434
0.5112533766883441	3.8157380844533786
0.5117535267633816	3.7925281290655617
0.5122536768384192	3.7693723904701173
0.5127538269134567	3.746271404782198
0.5132539769884942	3.7232257081169515
0.5137541270635317	3.7002358365895147
0.5142542771385692	3.677302326315043
0.5147544272136068	3.65442571340867
0.5152545772886443	3.631606533985547
0.5157547273636818	3.6088453241608245
0.5162548774387193	3.5861426200496354
0.5167550275137568	3.5634989577671377
0.5172551775887944	3.5409148734284654
0.5177553276638318	3.5183909031487723
0.5182554777388694	3.4959275830431955
0.5187556278139069	3.473525449226884
0.5192557778889444	3.4511850378149895
0.519755927963982	3.4289068849226463
0.5202560780390194	3.406691526665008
0.520756228114057	3.3845394991572118
0.5212563781890945	3.3624513385144077
0.521756528264132	3.340427580851744
0.5222566783391696	3.318468762284359
0.522756828414207	3.296575418927405
0.5232569784892446	3.274748086896018
0.5237571285642821	3.252987302305348
0.5242572786393196	3.231293601270547
0.5247574287143572	3.2096675199067475
0.5252575787893946	3.188114270793589
0.5257577288644322	3.1666342373260186
0.5262578789394697	3.1452238897539755
0.5267580290145072	3.1238839846750284
0.5272581790895448	3.102615278686726
0.5277583291645822	3.0814185283866418
0.5282584792396198	3.0602944903723275
0.5287586293146572	3.0392439212413542
0.5292587793896948	3.0182675775912737
0.5297589294647324	2.9973662160196524
0.5302590795397698	2.9765405931240565
0.5307592296148074	2.9557914655020374
0.5312593796898448	2.9351195897511686
0.5317595297648824	2.9145257224689995
0.53225967983992	2.894010620253098
0.5327598299149574	2.8735750397010293
0.533259979989995	2.8532197374103463
0.5337601300650324	2.83294546997862
0.53426028014007	2.812752994003403
0.5347604302151076	2.79264306608226
0.535260580290145	2.772616442812759
0.5357607303651826	2.7526738807924516
0.53626088044022	2.7328161366189083
0.5367610305152576	2.7130439668896815
0.537261180590295	2.6933581282023424
0.5377613306653326	2.673759377154444
0.5382614807403702	2.6542484703435507
0.5387616308154076	2.6348261643672304
0.5392617808904452	2.6154932158230353
0.5397619309654826	2.5962503813085345
0.5402620810405202	2.5770984174212823
0.5407622311155578	2.558038080758844
0.5412623811905952	2.539070127918785
0.5417625312656328	2.52019531549866
0.5422626813406702	2.5014144000960377
0.5427628314157078	2.482728138308471
0.5432629814907454	2.464137286733527
0.5437631315657828	2.4456426019687707
0.5442632816408204	2.4272448406117553
0.5447634317158578	2.40894475926005
0.5452635817908954	2.39074311451121
0.545763731865933	2.3726406629627994
0.5462638819409704	2.354638161212385
0.546764032016008	2.336736365857518
0.5472641820910454	2.3189360334957714
0.547764332166083	2.301237920724696
0.5482644822411205	2.2836427841418625
0.548764632316158	2.2661513803448248
0.5492647823911956	2.2487644659311483
0.549764932466233	2.2314827974983977
0.5502650825412706	2.2142373422506383
0.550765232616308	2.1970411253888336
0.5512653826913456	2.1799697736124855
0.5517655327663832	2.1630234599654172
0.5522656828414206	2.1462023574914517
0.5527658329164582	2.129506639234401
0.5532659829914957	2.1129364782380926
0.5537661330665332	2.096492047546338
0.5542662831415708	2.0801735202029588
0.5547664332166082	2.063981069251781
0.5552665832916458	2.047914867736614
0.5557667333666833	2.0319750887012855
0.5562668834417208	2.016161905189608
0.5567670335167583	2.000475490245407
0.5572671835917958	1.9849160169124955
0.5577673336668334	1.9694836582346964
0.5582674837418709	1.9541785872558322
0.5587676338169084	1.9390009770197154
0.5592677838919459	1.9239510005701732
0.5597679339669834	1.909028830951017
0.560268084042021	1.8942346412060689
0.5607682341170585	1.8795686043791535
0.561268384192096	1.865030893514082
0.5617685342671335	1.8506216816546812
0.562268684342171	1.8363411418447633
0.5627688344172086	1.822189447128152
0.563268984492246	1.8081667705486684
0.5637691345672836	1.7942732851501266
0.5642692846423211	1.7805091639763517
0.5647694347173586	1.7668745800711567
0.5652695847923962	1.753369706478365
0.5657697348674336	1.7399947162417981
0.5662698849424712	1.7267497824052693
0.5667700350175087	1.713635078012604
0.5672701850925462	1.7006507761076168
0.5677703351675837	1.6877970497341315
0.5682704852426212	1.6750740719359616
0.5687706353176588	1.6624820157569304
0.5692707853926963	1.6500210542408595
0.5697709354677338	1.6376913604315628
0.5702710855427713	1.6254931073728647
0.5707712356178088	1.6134264681085801
0.5712713856928464	1.6014916156825303
0.5717715357678839	1.5896887231385375
0.5722716858429214	1.5780179635204152
0.5727718359179589	1.5664795098719893
0.5732719859929964	1.555073535237073
0.573772136068034	1.5438002126594885
0.5742722861430715	1.5326597151830579
0.574772436218109	1.5216522158515955
0.5752725862931465	1.510777887708925
0.575772736368184	1.5000369037988612
0.5762728864432216	1.4894294371652261
0.5767730365182591	1.4789556608518415
0.5772731865932966	1.4686157479025221
0.5777733366683341	1.4584098713610911
0.5782734867433716	1.4483382042713644
0.5787736368184091	1.438400919677165
0.5792737868934467	1.428598190622308
0.5797739369684842	1.4189301901506153
0.5802740870435217	1.4093970913059082
0.5807742371185592	1.3999990671320024
0.5812743871935967	1.3907362906727203
0.5817745372686343	1.3816089349718776
0.5822746873436718	1.3726171730732961
0.5827748374187093	1.363761178020797
0.5832749874937468	1.3550411228581953
0.5837751375687843	1.3464571806293149
0.5842752876438219	1.3380095243779708
0.5847754377188594	1.3296983271479843
0.5852755877938969	1.321523761983177
0.5857757378689344	1.3134860019273642
0.5862758879439719	1.305585220024369
0.5867760380190095	1.2978215893180072
0.5872761880940469	1.2901952828521015
0.5877763381690845	1.2827064736704683
0.588276488244122	1.2753553348169284
0.5887766383191595	1.2681420393353027
0.5892767883941971	1.261066760269407
0.5897769384692345	1.2541296706630647
0.5902770885442721	1.2473309435600912
0.5907772386193096	1.2406707520043079
0.5912773886943471	1.2341492690395355
0.5917775387693847	1.2277666677095906
0.5922776888444221	1.2215231210582953
0.5927778389194597	1.2154188021294658
0.5932779889944972	1.2094538839669235
0.5937781390695347	1.2036285396144886
0.5942782891445723	1.197942942115978
0.5947784392196097	1.1923972645152137
0.5952785892946473	1.1869916798560123
0.5957787393696848	1.1817263611821949
0.5962788894447223	1.1766014815375816
0.5967790395197599	1.171617213965989
0.5972791895947973	1.1667737315112399
0.5977793396698349	1.1620712072171506
0.5982794897448723	1.157509814127543
0.5987796398199099	1.1530897252862344
0.5992797898949475	1.1488111137370447
0.5997799399699849	1.1446741525237947
0.6002800900450225	1.1398599734379302
0.6007802401200599	1.1362138779184394
0.6012803901950975	1.1326288220621452
0.6017805402701351	1.1291043227752606
0.6022806903451725	1.125639896964
0.6027808404202101	1.1222350615345742
0.6032809904952475	1.1188893333931986
0.6037811405702851	1.115602229446084
0.6042812906453227	1.1123732665994441
0.6047814407203601	1.1092019617594933
0.6052815907953977	1.1060878318324425
0.6057817408704351	1.1030303937245058
0.6062818909454727	1.1000291643418958
0.6067820410205101	1.0970836605908265
0.6072821910955477	1.094193399377509
0.6077823411705853	1.0913578976081573
0.6082824912456227	1.0885766721889856
0.6087826413206603	1.0858492400262048
0.6092827913956977	1.0831751180260292
0.6097829414707353	1.0805538230946707
0.6102830915457729	1.0779848721383434
0.6107832416208103	1.0754677820632605
0.6112833916958479	1.0730020697756335
0.6117835417708853	1.0705872521816773
0.6122836918459229	1.068222846187603
0.6127838419209605	1.0659083686996245
0.6132839919959979	1.0636433366239548
0.6137841420710355	1.0614272668668068
0.6142842921460729	1.0592596763343938
0.6147844422211105	1.0571400819329282
0.6152845922961481	1.055068000568623
0.6157847423711855	1.0530429491476923
0.6162848924462231	1.0510644445763477
0.6167850425212605	1.049132003760803
0.6172851925962981	1.0472451436072707
0.6177853426713356	1.0454033810219643
0.6182854927463731	1.0436062329110962
0.6187856428214107	1.04185321618088
0.6192857928964481	1.0401438477375284
0.6197859429714857	1.038477644487254
0.6202860930465232	1.0368541233362707
0.6207862431215607	1.0352728011907906
0.6212863931965983	1.033733194957027
0.6217865432716357	1.0322348215411934
0.6222866933466733	1.030777197849502
0.6227868434217108	1.0293598407881663
0.6232869934967483	1.0279822672633991
0.6237871435717859	1.0266439941814132
0.6242872936468233	1.0253445384484219
0.6247874437218609	1.024083416970638
0.6252875937968984	1.0228601466542746
0.6257877438719359	1.0216742444055449
0.6262878939469734	1.0205252271306613
0.6267880440220109	1.0194126117358373
0.6272881940970485	1.018335915127286
0.627788344172086	1.0172946542112198
0.6282884942471235	1.0162883458938519
0.628788644322161	1.0153165070813956
0.6292887943971985	1.014378654680064
0.6297889444722361	1.013474305596069
0.6302890945472736	1.012602976735625
0.6307892446223111	1.011764185004944
0.6312893946973486	1.0109574473102396
0.6317895447723861	1.0101822805577245
0.6322896948474237	1.0094382016536116
0.6327898449224612	1.0087247275041142
0.6332899949974987	1.0080413750154449
0.6337901450725362	1.007387661093817
0.6342902951475737	1.0067631026454433
0.6347904452226113	1.0061672165765367
0.6352905952976488	1.0055995197933107
0.6357907453726863	1.005059529201978
0.6362908954477238	1.0045467617087516
0.6367910455227613	1.0040607342198438
0.6372911955977988	1.0036009636414687
0.6377913456728364	1.0031669668798386
0.6382914957478739	1.0027582608411667
0.6387916458229114	1.002374362431666
0.6392917958979489	1.0020147885575499
0.6397919459729864	1.0016790561250304
0.640292096048024	1.0013666820403213
0.6407922461230615	1.0010771832096352
0.641292396198099	1.0008100765391854
0.6417925462731365	1.0005648789351846
0.642292696348174	1.0003411073038462
0.6427928464232116	1.0001382785513826
0.6432929964982491	0.9999559095840069
0.6437931465732866	0.9997935173079328
0.6442932966483241	0.9996506186293722
0.6447934467233616	0.9995267304545389
0.6452935967983991	0.9994213696896458
0.6457937468734366	0.9993340532409056
0.6462938969484742	0.9992642980145316
0.6467940470235117	0.9992116209167363
0.6472941970985492	0.9991755388537332
0.6477943471735867	0.9991555687317353
0.6482944972486242	0.9991512274569545
0.6487946473236618	0.9991620319356056
0.6492947973986993	0.9991874990739004
0.6497949474737368	0.999227145778052
0.6502950975487743	0.9992804889542736
0.6507952476238118	0.9993470455087784
0.6512953976988494	0.9994263323477789
0.6517955477738869	0.9995178663774881
0.6522956978489244	0.9996211645041192
0.652795847923962	0.9997357436338855
0.6532959979989994	0.9998611206729997
0.653796148074037	0.9999968125276744
0.6542962981490745	1.000142336104123
0.654796448224112	1.0002972083085586
0.6552965982991495	1.0004609460471938
0.655796748374187	1.0006330662262422
0.6562968984492246	1.0008130857519162
0.656797048524262	1.0010005215304292
0.6572971985992996	1.0011948904679937
0.6577973486743371	1.0013957094708232
0.6582974987493746	1.0016024954451304
0.6587976488244122	1.0018147652971279
0.6592977988994496	1.0020320359330297
0.6597979489744872	1.0022538242590482
0.6602980990495247	1.0024796471813961
0.6607982491245622	1.002709021606287
0.6612983991995998	1.0029414644399337
0.6617985492746372	1.0031764925885487
0.6622986993496748	1.0034136229583455
0.6627988494247123	1.003652372455537
0.6632989994997498	1.0038922579863365
0.6637991495747874	1.0041327964569562
0.6642992996498248	1.0043735047736098
0.6647994497248624	1.0046138998425098
0.6652995997998998	1.0048534985698696
0.6657997498749374	1.0050918178619017
0.666299899949975	1.0053283746248196
0.6668000500250124	1.0055626857648363
0.66730020010005	1.0057942681881644
0.6678003501750874	1.006022638801017
0.668300500250125	1.0062473145096074
0.6688006503251626	1.006467812220148
0.6693008004002	1.006683648838852
0.6698009504752376	1.006894341271933
0.670301100550275	1.0070994064256034
0.6708012506253126	1.0072983612060762
0.6713014007003502	1.0074907225195644
0.6718015507753876	1.0076760072722812
0.6723017008504252	1.0078537323704393
0.6728018509254626	1.008023414720252
0.6733020010005002	1.008184571227932
0.6738021510755378	1.0083367187996926
0.6743023011505752	1.0084793743417466
0.6748024512256128	1.008612054760307
0.6753026013006502	1.0087342769615868
0.6758027513756878	1.008845557851799
0.6763029014507252	1.0089454143371566
0.6768030515257628	1.0090333633238722
0.6773032016008004	1.0091089217181595
0.6778033516758378	1.0091716064262313
0.6783035017508754	1.0092209343543002
0.6788036518259128	1.0092564224085796
0.6793038019009504	1.0092775874952822
0.679803951975988	1.0092839465206211
0.6803041020510254	1.0092750163908089
0.680804252126063	1.0092503140120597
0.6813044022011004	1.0092093562905853
0.681804552276138	1.0091516601325994
0.6823047023511756	1.0090767424443148
0.682804852426213	1.008984120131944
0.6833050025012506	1.008873310101701
0.683805152576288	1.0087438292597977
0.6843053026513256	1.0085951945124478
0.6848054527263631	1.0084269227658642
0.6853056028014006	1.0082385309262596
0.6858057528764382	1.0080295358998475
0.6863059029514756	1.0077994545928404
0.6868060530265132	1.0075478039114514
0.6873062031015507	1.0072741007618935
0.6878063531765882	1.0069778620503795
0.6883065032516258	1.0066586046831232
0.6888066533266632	1.0063158455663368
0.6893068034017008	1.0059491016062332
0.6898069534767383	1.0055578897090258
0.6903071035517758	1.0051417267809277
0.6908072536268134	1.0047001297281515
0.6913074037018508	1.0042326154569106
0.6918075537768884	1.0037387008734175
0.6923077038519259	1.0032179028838857
0.6928078539269634	1.0026697383945276
0.693308004002001	1.0020937243115566
0.6938081540770384	1.0014893775411857
0.694308304152076	1.0008562149896274
0.6948084542271135	1.0001937535630958
0.695308604302151	0.9995015101678028
0.6958087543771885	0.9987790017099617
0.696308904452226	0.9980257450957855
0.6968090545272636	0.9972412572314875
0.6973092046023011	0.9964250550232803
0.6978093546773386	0.9955766553773767
0.6983095047523761	0.9946955751999905
0.6988096548274136	0.9937813313973339
0.6993098049024512	0.9928334408756203
0.6998099549774887	0.9918514205410627
0.7003101050525262	0.9996980080013986
0.7008102551275637	0.9997134104660704
0.7013104052026012	0.9997286571141581
0.7018105552776388	0.9997437479456618
0.7023107053526763	0.999758682960581
0.7028108554277138	0.9997734621589159
0.7033110055027513	0.999788085540667
0.7038111555777888	0.9998025531058337
0.7043113056528263	0.9998168648544161
0.7048114557278639	0.9998310207864145
0.7053116058029014	0.9998450209018287
0.7058117558779389	0.9998588652006588
0.7063119059529764	0.9998725536829044
0.7068120560280139	0.9998860863485661
0.7073122061030515	0.9998994631976436
0.707812356178089	0.9999126842301366
0.7083125062531265	0.9999257494460457
0.708812656328164	0.9999386588453706
0.7093128064032015	0.999951412428111
0.709812956478239	0.9999640101942676
0.7103131065532766	0.9999764521438399
0.7108132566283141	0.999988738276828
0.7113134067033516	1.0000008685932318
0.7118135567783891	1.0000128430930515
0.7123137068534267	1.000024661776287
0.7128138569284642	1.0000363246429382
0.7133140070035017	1.0000478316930055
0.7138141570785392	1.0000591829264882
0.7143143071535767	1.0000703783433869
0.7148144572286143	1.0000814179437014
0.7153146073036517	1.000092301727432
0.7158147573786893	1.0001030296945779
0.7163149074537268	1.00011360184514
0.7168150575287643	1.0001240181791176
0.7173152076038019	1.000134278696511
0.7178153576788393	1.0001443833973205
0.7183155077538769	1.0001543322815456
0.7188156578289144	1.0001641253491866
0.7193158079039519	1.0001737626002436
0.7198159579789895	1.000183244034716
0.7203161080540269	1.0001925696526046
0.7208162581290645	1.0002017394539087
0.721316408204102	1.0002107534386289
0.7218165582791395	1.0002196116067645
0.722316708354177	1.0002283139583164
0.7228168584292145	1.0002368604932839
0.7233170085042521	1.000245251211667
0.7238171585792896	1.0002534861134662
0.7243173086543271	1.000261565198681
0.7248174587293646	1.0002694884673116
0.7253176088044021	1.000277255919358
0.7258177588794397	1.0002848675548206
0.7263179089544771	1.0002923233736987
0.7268180590295147	1.0002996233759927
0.7273182091045522	1.0003067675617023
0.7278183591795897	1.000313755930828
0.7283185092546273	1.0003205884833692
0.7288186593296647	1.0003272652193265
0.7293188094047023	1.0003337861386994
0.7298189594797398	1.0003401512414882
0.7303191095547773	1.0003463605276928
0.7308192596298149	1.0003524139973132
0.7313194097048523	1.0003583116503494
0.7318195597798899	1.0003640534868012
0.7323197098549274	1.0003696395066692
0.7328198599299649	1.0003750697099527
0.7333200100050025	1.0003803440966523
0.7338201600800399	1.0003854626667676
0.7343203101550775	1.0003904254202987
0.7348204602301149	1.0003952323572454
0.7353206103051525	1.0003998834776082
0.7358207603801901	1.0004043787813865
0.7363209104552275	1.000408718268581
0.7368210605302651	1.000412901939191
0.7373212106053025	1.000416929793217
0.7378213606803401	1.0004208018306586
0.7383215107553777	1.0004245180515163
0.7388216608304151	1.0004280784557895
0.7393218109054527	1.0004314830434786
0.7398219609804901	1.0004347318145836
0.7403221110555277	1.0004378247691044
0.7408222611305653	1.000440761907041
0.7413224112056027	1.0004435432283934
0.7418225612806403	1.0004461687331616
0.7423227113556777	1.0004486384213456
0.7428228614307153	1.0004509522929455
0.7433230115057529	1.000453110347961
0.7438231615807903	1.0004551125863923
0.7443233116558279	1.0004569590082397
0.7448234617308653	1.0004586496135028
0.7453236118059029	1.0004601844021814
0.7458237618809404	1.0004615633742764
0.7463239119559779	1.0004627865297868
0.7468240620310155	1.000463853868713
0.7473242121060529	1.000464765391055
0.7478243621810905	1.000465521096813
0.748324512256128	1.0004661209859866
0.7488246623311655	1.0004665650585762
0.7493248124062031	1.0004668533145815
0.7498249624812405	1.0004669857540025
0.7503251125562781	1.0004669623768396
0.7508252626313155	1.0004667831830922
0.7513254127063531	1.000466448172761
0.7518255627813907	1.0004659573458454
0.7523257128564281	1.0004653107023453
0.7528258629314657	1.0004645082422614
0.7533260130065031	1.000463549965593
0.7538261630815407	1.0004624358723406
0.7543263131565782	1.0004611659625042
0.7548264632316157	1.0004597402360835
0.7553266133066533	1.0004581586930783
0.7558267633816907	1.0004564213334892
0.7563269134567283	1.0004545281573158
0.7568270635317658	1.0004524791645584
0.7573272136068033	1.0004502743552166
0.7578273636818409	1.0004479137292905
0.7583275137568783	1.0004453972867806
0.7588276638319159	1.0004427250276862
0.7593278139069534	1.0004398969520076
0.7598279639819909	1.000436913059745
0.7603281140570285	1.0004337733508981
0.760828264132066	1.0004304778254671
0.7613284142071035	1.0004270264834518
0.761828564282141	1.0004234193248522
0.7623287143571785	1.0004196563496686
0.7628288644322161	1.0004157375579008
0.7633290145072535	1.000411662949549
0.7638291645822911	1.0004074325246126
0.7643293146573286	1.0004030462830922
0.7648294647323661	1.0003985042249877
0.7653296148074036	1.0003938063502988
0.7658297648824411	1.0003889526590257
0.7663299149574787	1.0003839431511685
0.7668300650325162	1.000378777826727
0.7673302151075537	1.0003734566857017
0.7678303651825912	1.0003679797280918
0.7683305152576287	1.000362346953898
0.7688306653326663	1.0003565583631198
0.7693308154077038	1.0003506139557574
0.7698309654827413	1.000344513731811
0.7703311155577788	1.0003382576912803
0.7708312656328163	1.0003318458341652
0.7713314157078539	1.0003252781604661
0.7718315657828914	1.000318554670183
0.7723317158579289	1.0003116753633154
0.7728318659329664	1.0003046402398637
0.7733320160080039	1.000297449299828
0.7738321660830414	1.0002901025432078
0.774332316158079	1.0002825999700036
0.7748324662331165	1.000274941580215
0.775332616308154	1.0002671273738424
0.7758327663831915	1.0002591573508857
0.776332916458229	1.0002510315113446
0.7768330665332666	1.0002427498552195
0.7773332166083041	1.00023431238251
0.7778333666833416	1.0002257190932164
0.7783335167583791	1.0002169699873387
0.7788336668334166	1.0002080650648768
0.7793338169084542	1.0001990043258306
0.7798339669834917	1.0001897877702002
0.7803341170585292	1.0001804153979856
0.7808342671335667	1.000170887209187
0.7813344172086042	1.000161203203804
0.7818345672836418	1.0001513633818369
0.7823347173586793	1.0001413677432855
0.7828348674337168	1.0001312162881502
0.7833350175087543	1.0001209090164305
0.7838351675837918	1.0001104459281265
0.7843353176588294	1.0000998270232384
0.7848354677338668	1.0000890523017663
0.7853356178089044	1.0000781217637098
0.7858357678839419	1.000067035409069
0.7863359179589794	1.0000557932378444
0.786836068034017	1.0000443952500353
0.7873362181090544	1.000032841445642
0.787836368184092	1.0000211318246648
0.7883365182591295	1.000009266387103
0.788836668334167	0.9999972451329574
0.7893368184092046	0.9999850680622273
0.789836968484242	0.9999727351749131
0.7903371185592796	0.9999602464710147
0.7908372686343171	0.9999476019505322
0.7913374187093546	0.9999348016134654
0.7918375687843922	0.9999218454598144
0.7923377188594296	0.9999087334895794
0.7928378689344672	0.99989546570276
0.7933380190095046	0.9998820420993565
0.7938381690845422	0.9998684626793688
0.7943383191595798	0.9998547274427969
0.7948384692346172	0.9998408363896408
0.7953386193096548	0.9998267895199004
0.7958387693846922	0.999812586833576
0.7963389194597298	0.9997982283306673
0.7968390695347674	0.9997837140111745
0.7973392196098048	0.9997690438750975
0.7978393696848424	0.9997542179224364
0.7983395197598798	0.9997392361531907
0.7988396698349174	0.9997240985673612
0.799339819909955	0.9997088051649473
0.7998399699849924	0.9996933559459492
0.80034012006003	1.00051755814091
0.8008402701350674	1.00049895076377
0.801340420210105	1.0004807247233392
0.8018405702851426	1.0004628766104673
0.80234072036018	1.0004454030160055
0.8028408704352176	1.0004283005308041
0.803341020510255	1.000411565745714
0.8038411705852926	1.0003951952515848
0.80434132066033	1.0003791856392676
0.8048414707353676	1.0003635334996128
0.8053416208104052	1.0003482354234707
0.8058417708854426	1.0003332880016924
0.8063419209604802	1.0003186878251276
0.8068420710355176	1.0003044314846272
0.8073422211105552	1.0002905155710413
0.8078423711855928	1.0002769366752209
0.8083425212606302	1.0002636913880163
0.8088426713356678	1.000250776300278
0.8093428214107052	1.0002381880028561
0.8098429714857428	1.0002259230866015
0.8103431215607804	1.0002139781423647
0.8108432716358178	1.000202349760996
0.8113434217108554	1.000191034533346
0.8118435717858928	1.0001800290502654
0.8123437218609304	1.0001693299026042
0.8128438719359679	1.0001589336812127
0.8133440220110054	1.0001488369769425
0.813844172086043	1.000139036380643
0.8143443221610804	1.0001295284831653
0.814844472236118	1.0001203098753595
0.8153446223111555	1.0001113771480763
0.815844772386193	1.0001027268921663
0.8163449224612306	1.0000943556984794
0.816845072536268	1.0000862601578668
0.8173452226113056	1.0000784368611786
0.817845372686343	1.0000708823992654
0.8183455227613806	1.0000635933629776
0.8188456728364182	1.0000565663431655
0.8193458229114556	1.0000497979306804
0.8198459729864932	1.0000432847163718
0.8203461230615307	1.000037023291091
0.8208462731365682	1.0000310102456877
0.8213464232116058	1.0000252421710127
0.8218465732866432	1.000019715657917
0.8223467233616808	1.00001442729725
0.8228468734367183	1.0000093736798632
0.8233470235117558	1.0000045513966067
0.8238471735867933	0.9999999570383309
0.8243473236618308	0.9999955871958863
0.8248474737368684	0.9999914384601237
0.8253476238119059	0.9999875074218935
0.8258477738869434	0.9999837906720456
0.8263479239619809	0.9999802848014311
0.8268480740370184	0.9999769864009006
0.827348224112056	0.9999738920613038
0.8278483741870934	0.9999709983734916
0.828348524262131	0.999968301928315
0.8288486743371685	0.9999657993166237
0.829348824412206	0.9999634871292686
0.8298489744872436	0.9999613619571005
0.830349124562281	0.9999594203909693
0.8308492746373186	0.9999576590217252
0.8313494247123561	0.9999560744402195
0.8318495747873936	0.9999546632373025
0.8323497248624312	0.9999534220038244
0.8328498749374686	0.9999523473306358
0.8333500250125062	0.9999514358085871
0.8338501750875437	0.9999506840285292
0.8343503251625812	0.9999500885813121
0.8348504752376187	0.9999496460577865
0.8353506253126562	0.9999493530488028
0.8358507753876938	0.9999492061452117
0.8363509254627313	0.9999492019378632
0.8368510755377688	0.9999493370176079
0.8373512256128063	0.9999496079752971
0.8378513756878438	0.9999500114017805
0.8383515257628814	0.9999505438879087
0.8388516758379189	0.9999512020245321
0.8393518259129564	0.9999519824025016
0.8398519759879939	0.9999528816126673
0.8403521260630314	0.9999538962458796
0.840852276138069	0.9999550228929894
0.8413524262131065	0.9999562581448469
0.841852576288144	0.9999575985923028
0.8423527263631815	0.9999590408262072
0.842852876438219	0.9999605814374108
0.8433530265132565	0.9999622170167641
0.8438531765882941	0.999963944155118
0.8443533266633316	0.9999657594433223
0.8448534767383691	0.9999676594722279
0.8453536268134066	0.999969640832685
0.8458537768884441	0.999971700115544
0.8463539269634817	0.999973833911656
0.8468540770385192	0.9999760388118709
0.8473542271135567	0.9999783114070395
0.8478543771885942	0.999980648288012
0.8483545272636317	0.9999830460456394
0.8488546773386693	0.9999855012707715
0.8493548274137068	0.9999880105542592
0.8498549774887443	0.9999905704869532
0.8503551275637818	0.9999931776597033
0.8508552776388193	0.9999958286633606
0.8513554277138569	0.9999985200887753
0.8518555777888944	1.000001248526798
0.8523557278639319	1.000004010568279
0.8528558779389694	1.0000068028040692
0.8533560280140069	1.0000096218250185
0.8538561780890445	1.000012464221978
0.8543563281640819	1.0000153265857976
0.8548564782391195	1.0000182055073283
0.855356628314157	1.0000210975774202
0.8558567783891945	1.000023999386924
0.8563569284642321	1.0000269075266899
0.8568570785392695	1.000029818587569
0.8573572286143071	1.000032729160411
0.8578573786893446	1.000035635836067
0.8583575287643821	1.0000385352053873
0.8588576788394197	1.0000414238592221
0.8593578289144571	1.0000442983884223
0.8598579789894947	1.0000471553838384
0.8603581290645322	1.0000499914363203
0.8608582791395697	1.0000528031367193
0.8613584292146073	1.0000555870758852
0.8618585792896447	1.0000583398446687
0.8623587293646823	1.0000610580339206
0.8628588794397197	1.0000637382344908
0.8633590295147573	1.0000663770372304
0.8638591795897949	1.0000689710329895
0.8643593296648323	1.0000715168126189
0.8648594797398699	1.0000740109669684
0.8653596298149073	1.0000764500868893
0.8658597798899449	1.0000788307632316
0.8663599299649825	1.0000811495868458
0.8668600800400199	1.0000834031485826
0.8673602301150575	1.0000855880392925
0.8678603801900949	1.0000877008498257
0.8683605302651325	1.000089738171033
0.86886068034017	1.0000916965937647
0.8693608304152075	1.0000935727088713
0.8698609804902451	1.0000953631072034
0.8703611305652825	1.0000970643796114
0.8708612806403201	1.000098673116946
0.8713614307153577	1.0001001859100571
0.8718615807903951	1.0001015993497955
0.8723617308654327	1.000102910027012
0.8728618809404701	1.0001041145325567
0.8733620310155077	1.0001052094572804
0.8738621810905451	1.000106191392033
0.8743623311655827	1.0001070569276658
0.8748624812406203	1.0001078026550287
0.8753626313156577	1.0001084251649723
0.8758627813906953	1.0001089210483471
0.8763629314657327	1.0001092868960038
0.8768630815407703	1.0001095192987925
0.8773632316158079	1.0001096148475639
0.8778633816908453	1.0001095701331686
0.8783635317658829	1.000109381746457
0.8788636818409203	1.0001090462782798
0.8793638319159579	1.0001085603194868
0.8798639819909955	1.000107920460929
0.8803641320660329	1.0001071232934569
0.8808642821410705	1.0001061654079209
0.8813644322161079	1.0001050433951713
0.8818645822911455	1.0001037538460589
0.882364732366183	1.0001022933514339
0.8828648824412205	1.000100658502147
0.8833650325162581	1.000098845889049
0.8838651825912955	1.0000968521029894
0.8843653326663331	1.0000946737348195
0.8848654827413706	1.0000923073753896
0.8853656328164081	1.0000897496155503
0.8858657828914457	1.0000869970461514
0.8863659329664831	1.0000840462580445
0.8868660830415207	1.0000808938420793
0.8873662331165582	1.0000775363891063
0.8878663831915957	1.0000739704899766
0.8883665332666333	1.00007019273554
0.8888666833416707	1.0000661997166473
0.8893668334167083	1.000061988024149
0.8898669834917458	1.0000575542488954
0.8903671335667833	1.000052894981737
0.8908672836418209	1.0000480068135247
0.8913674337168583	1.0000428863351085
0.8918675837918959	1.0000375301373388
0.8923677338669334	1.000031934811067
0.8928678839419709	1.0000260969471424
0.8933680340170084	1.0000200131364163
0.8938681840920459	1.0000136799697386
0.8943683341670835	1.0000070940379602
0.894868484242121	1.0000002519319313
0.8953686343171585	0.9999931502425029
0.895868784392196	0.9999857855605252
0.8963689344672335	0.9999781544768483
0.8968690845422711	0.9999702535823232
0.8973692346173086	0.9999620794678001
0.8978693846923461	0.9999536287241296
0.8983695347673836	0.9999448979421621
0.8988696848424211	0.9999358837127483
0.8993698349174587	0.9999265826267385
0.8998699849924962	0.9999169912749831
0.9003701350675337	0.9999944538326537
0.9008702851425712	0.9999947779793914
0.9013704352176087	0.9999950979769051
0.9018705852926462	0.9999954138392234
0.9023707353676838	0.9999957255803741
0.9028708854427213	0.9999960332143855
0.9033710355177588	0.9999963367552858
0.9038711855927963	0.9999966362171029
0.9043713356678338	0.9999969316138649
0.9048714857428714	0.9999972229595999
0.9053716358179089	0.9999975102683366
0.9058717858929464	0.9999977935541025
0.9063719359679839	0.9999980728309253
0.9068720860430214	0.9999983481128341
0.907372236118059	0.9999986194138561
0.9078723861930965	0.9999988867480207
0.908372536268134	0.9999991501293546
0.9088726863431715	0.9999994095718864
0.909372836418209	0.9999996650896443
0.9098729864932465	0.9999999166966563
0.9103731365682841	1.000000164406951
0.9108732866433216	1.0000004082345557
0.9113734367183591	1.0000006481934995
0.9118735867933966	1.0000008842978092
0.9123737368684341	1.000001116561514
0.9128738869434716	1.0000013449986418
0.9133740370185092	1.0000015696232205
0.9138741870935467	1.0000017904492782
0.9143743371685842	1.0000020074908427
0.9148744872436217	1.000002220761943
0.9153746373186592	1.0000024302766066
0.9158747873936968	1.0000026360488612
0.9163749374687343	1.000002838092736
0.9168750875437718	1.000003036422258
0.9173752376188093	1.0000032310514568
0.9178753876938468	1.0000034219943585
0.9183755377688844	1.0000036092649929
0.9188756878439219	1.000003792877387
0.9193758379189594	1.0000039728455694
0.919875987993997	1.0000041491835685
0.9203761380690344	1.0000043219054118
0.920876288144072	1.000004491025128
0.9213764382191094	1.0000046565567444
0.921876588294147	1.00000481851429
0.9223767383691845	1.0000049769117927
0.922876888444222	1.0000051317632799
0.9233770385192596	1.0000052830827804
0.923877188594297	1.000005430884322
0.9243773386693346	1.0000055751819334
0.9248774887443721	1.000005715989642
0.9253776388194096	1.0000058533214764
0.9258777888944472	1.0000059871914642
0.9263779389694846	1.0000061176136337
0.9268780890445222	1.0000062446020133
0.9273782391195597	1.000006368170631
0.9278783891945972	1.000006488333515
0.9283785392696348	1.0000066051046927
0.9288786893446722	1.000006718498193
0.9293788394197098	1.0000068285280437
0.9298789894947473	1.0000069352082732
0.9303791395697848	1.000007038552909
0.9308792896448224	1.0000071385759794
0.9313794397198598	1.0000072352915133
0.9318795897948974	1.0000073287135376
0.9323797398699348	1.0000074188560817
0.9328798899449724	1.0000075057331725
0.93338004002001	1.0000075893588385
0.9338801900950474	1.000007669747108
0.934380340170085	1.0000077469120094
0.9348804902451224	1.0000078208675702
0.93538064032016	1.0000078916278188
0.9358807903951976	1.000007959206783
0.936380940470235	1.0000080236184914
0.9368810905452726	1.0000080848769721
0.93738124062031	1.0000081429962526
0.9378813906953476	1.0000081979903617
0.9383815407703852	1.0000082498733271
0.9388816908454226	1.0000082986591767
0.9393818409204602	1.0000083443619394
0.9398819909954976	1.0000083869956429
0.9403821410705352	1.000008426574315
0.9408822911455726	1.0000084631119839
0.9413824412206102	1.0000084966226779
0.9418825912956478	1.0000085271204253
0.9423827413706852	1.0000085546192536
0.9428828914457228	1.0000085791331916
0.9433830415207602	1.000008600676267
0.9438831915957978	1.0000086192625084
0.9443833416708354	1.0000086349059432
0.9448834917458728	1.0000086476205994
0.9453836418209104	1.000008657420506
0.9458837918959478	1.0000086643196906
0.9463839419709854	1.0000086683321812
0.946884092046023	1.0000086694720065
0.9473842421210604	1.0000086677531939
0.947884392196098	1.0000086631897716
0.9483845422711354	1.000008655795768
0.948884692346173	1.000008645585211
0.9493848424212106	1.0000086325721291
0.949884992496248	1.00000861677055
0.9503851425712856	1.0000085981945017
0.950885292646323	1.0000085768580127
0.9513854427213606	1.000008552775111
0.9518855927963981	1.0000085259598246
0.9523857428714356	1.0000084964261817
0.9528858929464732	1.0000084641882103
0.9533860430215106	1.0000084292599387
0.9538861930965482	1.0000083916553946
0.9543863431715857	1.0000083513886069
0.9548864932466232	1.0000083084736027
0.9553866433216608	1.0000082629244107
0.9558867933966982	1.0000082147550593
0.9563869434717358	1.000008163979576
0.9568870935467733	1.0000081106119891
0.9573872436218108	1.0000080546663266
0.9578873936968484	1.000007996156617
0.9583875437718858	1.000007935096888
0.9588876938469234	1.000007871501168
0.9593878439219609	1.000007805383485
0.9598879939969984	1.000007736757867
0.9603881440720359	1.0000076656383423
0.9608882941470734	1.0000075920389389
0.961388444222111	1.000007515973685
0.9618885942971485	1.0000074374566086
0.962388744372186	1.0000073565017376
0.9628888944472235	1.0000072731231007
0.963389044522261	1.0000071873347254
0.9638891945972986	1.0000070991506402
0.9643893446723361	1.0000070085848731
0.9648894947473736	1.0000069156514522
0.9653896448224111	1.0000068203644055
0.9658897948974486	1.0000067227377611
0.9663899449724862	1.0000066227855475
0.9668900950475237	1.0000065205217923
0.9673902451225612	1.000006415960524
0.9678903951975987	1.0000063091157703
0.9683905452726362	1.0000062000015597
0.9688906953476738	1.0000060886319202
0.9693908454227113	1.0000059750208798
0.9698909954977488	1.0000058591824665
0.9703911455727863	1.000005741130709
0.9708912956478238	1.0000056208796348
0.9713914457228613	1.000005498443272
0.9718915957978989	1.0000053738356494
0.9723917458729364	1.0000052470707945
0.9728918959479739	1.0000051181627352
0.9733920460230114	1.0000049871255001
0.9738921960980489	1.000004853973117
0.9743923461730865	1.0000047187196144
0.974892496248124	1.0000045813790202
0.9753926463231615	1.0000044419653624
0.975892796398199	1.0000043004926693
0.9763929464732365	1.0000041569749685
0.976893096548274	1.0000040114262887
0.9773932466233116	1.0000038638606576
0.9778933966983491	1.000003714292104
0.9783935467733866	1.0000035627346557
0.9788936968484241	1.00000340920234
0.9793938469234617	1.0000032537091859
0.9798939969984992	1.0000030962692212
0.9803941470735367	1.0000029368964745
0.9808942971485742	1.000002775604973
0.9813944472236117	1.0000026124087453
0.9818945972986493	1.0000024473218194
0.9823947473736867	1.0000022803582238
0.9828948974487243	1.0000021115319864
0.9833950475237618	1.0000019408571352
0.9838951975987993	1.000001768347698
0.9843953476738369	1.0000015940177032
0.9848954977488743	1.0000014178811794
0.9853956478239119	1.000001239952154
0.9858957978989494	1.0000010602446554
0.9863959479739869	1.0000008787727115
0.9868960980490245	1.0000006955503509
0.9873962481240619	1.0000005105916012
0.9878963981990995	1.0000003239104909
0.988396548274137	1.0000001355210477
0.9888966983491745	0.9999999454373001
0.989396848424212	0.9999997536732758
0.9898969984992495	0.9999995602430031
0.9903971485742871	0.9999993651605106
0.9908972986493245	0.9999991684398257
0.9913974487243621	0.9999989700949765
0.9918975987993996	0.9999987701399916
0.9923977488744371	0.9999985685888988
0.9928978989494747	0.9999983654557265
0.9933980490245121	0.9999981607545024
0.9938981990995497	0.9999979544992552
0.9943983491745872	0.9999977467040121
0.9948984992496247	0.9999975373828021
0.9953986493246623	0.999997326549653
0.9958987993996997	0.9999971142185925
0.9963989494747373	0.999996900403649
0.9968990995497748	0.999996685118851
0.9973992496248123	0.9999964683782264
0.9978993996998499	0.9999962501958027
0.9983995497748873	0.9999960305856087
0.9988996998499249	0.9999958095616724
0.9993998499249624	0.9999955871380216
0.9999	0.999995363328685
