0.0001	0.9999999999999974
0.0006001500750375188	0.9999999999999974
0.0011003001500750375	0.9999999999999976
0.0016004502251125562	0.9999999999999976
0.0021006003001500747	0.9999999999999976
0.0026007503751875934	0.9999999999999976
0.003100900450225112	0.9999999999999976
0.003601050525262631	0.9999999999999976
0.00410120060030015	0.9999999999999978
0.004601350675337669	0.9999999999999978
0.0051015007503751875	0.9999999999999978
0.005601650825412706	0.9999999999999978
0.006101800900450225	0.9999999999999978
0.006601950975487744	0.9999999999999978
0.007102101050525262	0.9999999999999978
0.007602251125562781	0.9999999999999979
0.008102401200600299	0.9999999999999979
0.008602551275637818	0.9999999999999979
0.009102701350675337	0.9999999999999979
0.009602851425712855	0.9999999999999979
0.010103001500750374	0.9999999999999979
0.010603151575787893	0.9999999999999979
0.01110330165082541	0.999999999999998
0.01160345172586293	0.999999999999998
0.012103601800900449	0.999999999999998
0.012603751875937968	0.999999999999998
0.013103901950975487	0.999999999999998
0.013604052026013004	0.999999999999998
0.014104202101050524	0.999999999999998
0.014604352176088043	0.9999999999999982
0.01510450225112556	0.9999999999999982
0.01560465232616308	0.9999999999999982
0.0161048024012006	0.9999999999999982
0.016604952476238118	0.9999999999999982
0.017105102551275637	0.9999999999999982
0.017605252626313156	0.9999999999999982
0.018105402701350675	0.9999999999999982
0.01860555277638819	0.9999999999999982
0.01910570285142571	0.9999999999999983
0.01960585292646323	0.9999999999999983
0.020106003001500748	0.9999999999999983
0.020606153076538267	0.9999999999999983
0.021106303151575787	0.9999999999999983
0.021606453226613306	0.9999999999999983
0.02210660330165082	0.9999999999999983
0.02260675337668834	0.9999999999999983
0.02310690345172586	0.9999999999999983
0.02360705352676338	0.9999999999999983
0.024107203601800898	0.9999999999999986
0.024607353676838417	0.9999999999999986
0.025107503751875936	0.9999999999999986
0.025607653826913455	0.9999999999999986
0.026107803901950975	0.9999999999999986
0.02660795397698849	0.9999999999999986
0.02710810405202601	0.9999999999999986
0.02760825412706353	0.9999999999999986
0.028108404202101048	0.9999999999999986
0.028608554277138567	0.9999999999999986
0.029108704352176086	0.9999999999999986
0.029608854427213605	0.9999999999999986
0.03010900450225112	0.9999999999999987
0.03060915457728864	0.9999999999999987
0.03110930465232616	0.9999999999999987
0.031609454727363685	0.9999999999999987
0.0321096048024012	0.9999999999999987
0.03260975487743872	0.9999999999999987
0.03310990495247624	0.9999999999999987
0.033610055027513755	0.9999999999999987
0.03411020510255128	0.9999999999999987
0.03461035517758879	0.9999999999999987
0.035110505252626316	0.9999999999999987
0.03561065532766383	0.9999999999999987
0.036110805402701354	0.9999999999999987
0.03661095547773887	0.9999999999999987
0.037111105552776386	0.9999999999999987
0.03761125562781391	0.9999999999999987
0.038111405702851424	0.9999999999999987
0.038611555777888946	0.9999999999999987
0.03911170585292646	0.9999999999999987
0.039611855927963985	0.9999999999999989
0.0401120060030015	0.9999999999999989
0.040612156078039016	0.9999999999999989
0.04111230615307654	0.9999999999999989
0.041612456228114054	0.9999999999999989
0.04211260630315158	0.9999999999999989
0.04261275637818909	0.9999999999999989
0.043112906453226615	0.9999999999999989
0.04361305652826413	0.9999999999999989
0.04411320660330165	0.9999999999999989
0.04461335667833917	0.9999999999999989
0.045113506753376685	0.9999999999999989
0.04561365682841421	0.9999999999999989
0.04611380690345172	0.9999999999999989
0.046613956978489246	0.9999999999999989
0.04711410705352676	0.9999999999999989
0.047614257128564284	0.9999999999999989
0.0481144072036018	0.9999999999999989
0.048614557278639316	0.9999999999999989
0.04911470735367684	0.9999999999999989
0.049614857428714354	0.9999999999999989
0.05011500750375188	0.9999999999999989
0.05061515757878939	0.9999999999999989
0.051115307653826915	0.9999999999999989
0.05161545772886443	0.9999999999999989
0.05211560780390195	0.9999999999999989
0.05261575787893947	0.9999999999999989
0.053115907953976985	0.9999999999999989
0.05361605802901451	0.9999999999999989
0.05411620810405202	0.9999999999999989
0.054616358179089546	0.9999999999999989
0.05511650825412706	0.9999999999999989
0.055616658329164584	0.9999999999999989
0.0561168084042021	0.9999999999999989
0.056616958479239615	0.9999999999999989
0.05711710855427714	0.9999999999999989
0.057617258629314654	0.9999999999999989
0.058117408704352176	0.9999999999999989
0.05861755877938969	0.9999999999999989
0.059117708854427214	0.9999999999999989
0.05961785892946473	0.9999999999999989
0.060118009004502246	0.9999999999999989
0.06061815907953977	0.9999999999999989
0.061118309154577284	0.9999999999999987
0.06161845922961481	0.9999999999999987
0.06211860930465232	0.9999999999999987
0.06261875937968985	0.9999999999999987
0.06311890945472737	0.9999999999999987
0.06361905952976488	0.9999999999999987
0.0641192096048024	0.9999999999999987
0.06461935967983992	0.9999999999999987
0.06511950975487743	0.9999999999999987
0.06561965982991495	0.9999999999999987
0.06611980990495248	0.9999999999999987
0.06661995997999	0.9999999999999987
0.06712011005502751	0.9999999999999987
0.06762026013006503	0.9999999999999987
0.06812041020510255	0.9999999999999987
0.06862056028014006	0.9999999999999987
0.06912071035517758	0.9999999999999987
0.0696208604302151	0.9999999999999987
0.07012101050525263	0.9999999999999986
0.07062116058029014	0.9999999999999986
0.07112131065532766	0.9999999999999986
0.07162146073036518	0.9999999999999986
0.0721216108054027	0.9999999999999986
0.07262176088044021	0.9999999999999986
0.07312191095547774	0.9999999999999986
0.07362206103051526	0.9999999999999986
0.07412221110555277	0.9999999999999986
0.07462236118059029	0.9999999999999986
0.07512251125562781	0.9999999999999986
0.07562266133066534	0.9999999999999986
0.07612281140570284	0.9999999999999986
0.07662296148074037	0.9999999999999983
0.07712311155577789	0.9999999999999983
0.0776232616308154	0.9999999999999983
0.07812341170585292	0.9999999999999983
0.07862356178089044	0.9999999999999983
0.07912371185592797	0.9999999999999983
0.07962386193096548	0.9999999999999983
0.080124012006003	0.9999999999999983
0.08062416208104052	0.9999999999999983
0.08112431215607803	0.9999999999999983
0.08162446223111555	0.9999999999999982
0.08212461230615307	0.9999999999999982
0.0826247623811906	0.9999999999999982
0.0831249124562281	0.9999999999999982
0.08362506253126563	0.9999999999999982
0.08412521260630315	0.9999999999999982
0.08462536268134066	0.9999999999999982
0.08512551275637818	0.9999999999999982
0.0856256628314157	0.999999999999998
0.08612581290645323	0.999999999999998
0.08662596298149074	0.999999999999998
0.08712611305652826	0.999999999999998
0.08762626313156578	0.999999999999998
0.08812641320660329	0.999999999999998
0.08862656328164081	0.999999999999998
0.08912671335667834	0.999999999999998
0.08962686343171586	0.9999999999999979
0.09012701350675337	0.9999999999999979
0.09062716358179089	0.9999999999999979
0.09112731365682841	0.9999999999999979
0.09162746373186594	0.9999999999999979
0.09212761380690344	0.9999999999999979
0.09262776388194097	0.9999999999999979
0.09312791395697849	0.9999999999999978
0.093628064032016	0.9999999999999978
0.09412821410705352	0.9999999999999978
0.09462836418209104	0.9999999999999978
0.09512851425712857	0.9999999999999978
0.09562866433216607	0.9999999999999978
0.0961288144072036	0.9999999999999976
0.09662896448224112	0.9999999999999976
0.09712911455727863	0.9999999999999976
0.09762926463231615	0.9999999999999976
0.09812941470735367	0.9999999999999976
0.0986295647823912	0.9999999999999976
0.0991297148574287	0.9999999999999974
0.09962986493246623	0.9999999999999974
0.10013001500750375	0.9944759410428807
0.10063016508254126	0.9951659357329019
0.10113031515757878	0.9958297920638125
0.1016304652326163	0.9964679353994557
0.10213061530765383	0.9970807911036758
0.10263076538269134	0.9976687845403167
0.10313091545772886	0.998232341073223
0.10363106553276638	0.9987718860662387
0.1041312156078039	0.9992878448832072
0.10463136568284141	0.9997806428879731
0.10513151575787893	1.0002507054443806
0.10563166583291646	1.0006984579162734
0.10613181590795397	1.0011243256674958
0.10663196598299149	1.0015287340618917
0.10713211605802901	1.0019121084633056
0.10763226613306653	1.002274874235581
0.10813241620810404	1.0026174567425623
0.10863256628314157	1.0029402813480934
0.10913271635817909	1.0032437734160187
0.1096328664332166	1.0035283583101817
0.11013301650825412	1.0037944613944272
0.11063316658329164	1.0040425080325988
0.11113331665832916	1.0042729235885408
0.11163346673336667	1.0044861334260968
0.1121336168084042	1.0046825629091116
0.11263376688344172	1.004862637401429
0.11313391695847923	1.0050267822668923
0.11363406703351675	1.005175422869347
0.11413421710855427	1.0053089845726362
0.1146343671835918	1.0054278927406037
0.1151345172586293	1.005532572737095
0.11563466733366683	1.0056234499259524
0.11613481740870435	1.0057009496710212
0.11663496748374186	1.0057654973361452
0.11713511755877938	1.0058175182851683
0.1176352676338169	1.0058574378819347
0.11813541770885443	1.0058856814902881
0.11863556778389193	1.005902674474073
0.11913571785892946	1.0059088421971336
0.11963586793396698	1.0059046100233136
0.12013601800900449	1.005890403316457
0.12063616808404201	1.0058666474404083
0.12113631815907953	1.0058337677590115
0.12163646823411706	1.0057921896361102
0.12213661830915457	1.005742338435549
0.12263676838419209	1.0056846395211723
0.12313691845922961	1.0056195182568226
0.12363706853426713	1.0055474000063458
0.12413721860930464	1.005468710133585
0.12463736868434216	1.0053838740023844
0.12513751875937967	1.005293316976588
0.12563766883441718	1.0051974644200403
0.12613781890945472	1.005096741696585
0.12663796898449223	1.0049915741700663
0.12713811905952974	1.0048823872043284
0.12763826913456727	1.0047696061632152
0.12813841920960478	1.0046536564105704
0.1286385692846423	1.004534963310239
0.12913871935967983	1.004413952226064
0.12963886943471734	1.0042910485218903
0.13013901950975484	1.0041666775615619
0.13063916958479238	1.0040412647089225
0.1311393196598299	1.0039152353278162
0.13163946973486743	1.0037890147820872
0.13213961980990493	1.0036630284355796
0.13263976988494244	1.0035377016521378
0.13313991995997998	1.0034134597956053
0.1336400700350175	1.0032907282298262
0.134140220110055	1.0031699323186452
0.13464037018509253	1.0030514974259057
0.13514052026013004	1.002935848915452
0.13564067033516755	1.0028234121511284
0.1361408204102051	1.0027146124967787
0.1366409704852426	1.0026098753162471
0.1371411205602801	1.0025096259733774
0.13764127063531764	1.002414289832014
0.13814142071035515	1.0023242922560012
0.1386415707853927	1.0022400586091824
0.1391417208604302	1.002162014255402
0.1396418709354677	1.0020905845585042
0.14014202101050524	1.002026194882333
0.14064217108554275	1.0019692705907324
0.14114232116058026	1.0019202370475466
0.1416424712356178	1.00187951961662
0.1421426213106553	1.001847543661795
0.1426427713856928	1.0018247345469182
0.14314292146073035	1.0018115176358318
0.14364307153576786	1.0018083182923807
0.1441432216108054	1.0018155618804088
0.1446433716858429	1.0018336737637599
0.1451435217608804	1.0018630793062786
0.14564367183591795	1.0019042038718082
0.14614382191095546	1.0019574728241936
0.14664397198599297	1.0020233115272787
0.1471441220610305	1.0021021453449073
0.147644272136068	1.0021943996409235
0.14814442221110552	1.0023004997791713
0.14864457228614306	1.0024208711234954
0.14914472236118057	1.0025559390377388
0.14964487243621807	1.0027061288857468
0.1501450225112556	1.0028718660313625
0.15064517258629312	1.0030535758384302
0.15114532266133066	1.0032516836707943
0.15164547273636816	1.0034666148922988
0.15214562281140567	1.0036987948667875
0.1526457728864432	1.0039486489581044
0.15314592296148072	1.004216602530094
0.15364607303651823	1.0045030809466002
0.15414622311155576	1.004808509571467
0.15464637318659327	1.0051333137685385
0.15514652326163078	1.0054779189016587
0.15564667333666832	1.0058427503346719
0.15614682341170583	1.006228233431422
0.15664697348674333	1.0066347935557531
0.15714712356178087	1.0070628560715094
0.15764727363681838	1.0075128463425347
0.15814742371185592	1.0079851897326733
0.15864757378689343	1.0084803116057692
0.15914772386193093	1.0089986373256665
0.15964787393696847	1.0095405922562093
0.16014802401200598	1.0101066017612417
0.1606481740870435	1.0106970912046076
0.16114832416208102	1.011312485950151
0.16164847423711853	1.0119532113617162
0.16214862431215604	1.0126196928031477
0.16264877438719358	1.0133123556382886
0.1631489244622311	1.0140316252309836
0.16364907453726862	1.0147779269450767
0.16414922461230613	1.0155516861444118
0.16464937468734364	1.0163533281928332
0.16514952476238118	1.0171832784541848
0.1656496748374187	1.0180419622923107
0.1661498249124562	1.0189298050710551
0.16664997498749373	1.0198472321542622
0.16715012506253124	1.0207946689057756
0.16765027513756875	1.0217725406894398
0.16815042521260629	1.0227812728690984
0.1686505752876438	1.0238212908085962
0.1691507253626813	1.0248930198717763
0.16965087543771884	1.025996885422484
0.17015102551275635	1.0271333128245623
0.17065117558779389	1.028302727441856
0.1711513256628314	1.0295055546382084
0.1716514757378689	1.0307422197774643
0.17215162581290644	1.0320131482234676
0.17265177588794395	1.0333187653400622
0.17315192596298146	1.034659496491092
0.173652076038019	1.0360357670404017
0.1741522261130565	1.0374480023518349
0.174652376188094	1.0388966277892355
0.17515252626313155	1.0403820687164482
0.17565267633816906	1.0419047504973165
0.17615282641320656	1.0434650984956848
0.1766529764882441	1.045063538075397
0.1771531265632816	1.0467004946002973
0.17765327663831915	1.0483763934342298
0.17815342671335666	1.0500916599410381
0.17865357678839416	1.0518467194845673
0.1791537268634317	1.0536419974286608
0.1796538769384692	1.055477919137162
0.18015402701350672	1.0573549099739161
0.18065417708854425	1.059273395302767
0.18115432716358176	1.0612338004875583
0.18165447723861927	1.063236550892134
0.1821546273136568	1.065282071880339
0.18265477738869432	1.0673707888160169
0.18315492746373185	1.0695031270630113
0.18365507753876936	1.071679511985167
0.18415522761380687	1.0739003689463273
0.1846553776888444	1.0761661233103377
0.18515552776388192	1.0784772004410406
0.18565567783891943	1.0808340257022808
0.18615582791395696	1.0832370244579026
0.18665597798899447	1.0856866220717496
0.18715612806403198	1.0881832439076664
0.18765627813906952	1.090727315329497
0.18815642821410702	1.0933192617010847
0.18865657828914453	1.0959595083862745
0.18915672836418207	1.09864848074891
0.18965687843921958	1.1013866041528357
0.19015702851425711	1.104174303961895
0.19065717858929462	1.1070120055399324
0.19115732866433213	1.1099001342507921
0.19165747873936967	1.1128391154583182
0.19215762881440718	1.115829374526354
0.1926577788894447	1.1188713368187442
0.19315792896448222	1.1219654276993334
0.19365807903951973	1.1251120725319643
0.19415822911455724	1.1283116966804818
0.19465837918959478	1.1315647255087307
0.19515852926463229	1.1348715843805537
0.19565867933966982	1.1382326986597957
0.19615882941470733	1.1416484937103002
0.19665897948974484	1.1451193948959122
0.19715912956478238	1.148645827580475
0.19765927963981988	1.1522282171278329
0.1981594297148574	1.1558669889018296
0.19865957978989493	1.15956256826631
0.19915972986493244	1.163315380585117
0.19965987993996995	1.1671258512220961
0.20016003001500748	1.1714070827974004
0.200660180090045	1.174694985726936
0.2011603301650825	1.1780936059414342
0.20166048024012004	1.1816023455108744
0.20216063031515755	1.1852206065052353
0.20266078039019508	1.1889477909944957
0.2031609304652326	1.1927833010486344
0.2036610805402701	1.1967265387376298
0.20416123061530764	1.2007769061314617
0.20466138069034515	1.2049338053001077
0.20516153076538265	1.209196638313548
0.2056616808404202	1.2135648072417606
0.2061618309154577	1.218037714154724
0.2066619809904952	1.2226147611224178
0.20716213106553275	1.227295350214821
0.20766228114057025	1.2320788835019107
0.2081624312156078	1.2369647630536684
0.2086625812906453	1.2419523909400707
0.2091627313656828	1.2470411692310972
0.20966288144072034	1.2522304999967269
0.21016303151575785	1.2575197853069382
0.21066318159079536	1.2629084272317104
0.2111633316658329	1.2683958278410223
0.2116634817408704	1.2739813892048526
0.21216363181590792	1.2796645133931799
0.21266378189094545	1.2854446024759831
0.21316393196598296	1.2913210585232413
0.21366408204102047	1.2972932836049331
0.214164232116058	1.3033606797910378
0.21466438219109552	1.3095226491515335
0.21516453226613305	1.3157785937563995
0.21566468234117056	1.3221279156756143
0.21616483241620807	1.3285700169791572
0.2166649824912456	1.3351042997370066
0.21716513256628311	1.3417301660191416
0.21766528264132062	1.3484470178955403
0.21816543271635816	1.3552542574361828
0.21866558279139567	1.362151286711047
0.21916573286643318	1.369137507790112
0.2196658829414707	1.376212322743357
0.22016603301650822	1.3833751336407598
0.22066618309154573	1.3906253425523003
0.22116633316658327	1.397962351547957
0.22166648324162078	1.4053855626977076
0.2221666333166583	1.4128943780715337
0.22266678339169582	1.4204881997394114
0.22316693346673333	1.42816642977132
0.22366708354177087	1.4359284702372406
0.22416723361680838	1.4437737232071488
0.22466738369184588	1.4517015907510245
0.22516753376688342	1.459711474938848
0.22566768384192093	1.4678027778405967
0.22616783391695844	1.4759749015262495
0.22666798399199597	1.4842272480657863
0.22716813406703348	1.4925592195291846
0.22766828414207102	1.5009702179864235
0.22816843421710853	1.509459645507483
0.22866858429214604	1.51802690416234
0.22916873436718357	1.5266713960209755
0.22966888444222108	1.5353925231533663
0.2301690345172586	1.5441896876294918
0.23066918459229613	1.5530622915193324
0.23116933466733364	1.5620097368928643
0.23166948474237115	1.5710314258200684
0.23216963481740868	1.5801267603709233
0.2326697848924462	1.5892951426154065
0.2331699349674837	1.598535974623498
0.23367008504252124	1.607848658465177
0.23417023511755874	1.6172325962104197
0.23467038519259628	1.626687189929209
0.2351705352676338	1.6362118416915206
0.2356706853426713	1.645805953567334
0.23617083541770884	1.6554689276266297
0.23667098549274634	1.665200165939384
0.23717113556778385	1.674999070575577
0.2376712856428214	1.684865043605188
0.2381714357178589	1.694797487098195
0.2386715857928964	1.7047958031245767
0.23917173586793394	1.714859393754313
0.23967188594297145	1.724987661057381
0.24017203601800896	1.735180007103762
0.2406721860930465	1.7454358339634324
0.241172336168084	1.7557545437063724
0.24167248624312154	1.7661355384025612
0.24217263631815905	1.7765782201219755
0.24267278639319656	1.7870819909345959
0.2431729364682341	1.7976462529104016
0.2436730865432716	1.8082704081193697
0.24417323661830911	1.8189538586314804
0.24467338669334665	1.8296960065167125
0.24517353676838416	1.840496253845044
0.24567368684342167	1.8513540026864543
0.2461738369184592	1.8622686551109229
0.2466739869934967	1.8732396131884268
0.24717413706853425	1.8842662789889466
0.24767428714357176	1.8953480545824597
0.24817443721860927	1.906484342038946
0.2486745872936468	1.9176745434283844
0.2491747373686843	1.9289180608207526
0.24967488744372182	1.9402142962860303
0.25017503751875936	1.9515626518941962
0.25067518759379687	1.9629625297152289
0.2511753376688344	1.9744133318191077
0.2516754877438719	1.985914460275811
0.25217563781890945	1.9974653171553187
0.25267578789394696	2.009065304527608
0.25317593796898447	2.0207138244626575
0.253676088044022	2.0324102790304472
0.2541762381190595	2.0441540703009564
0.254676388194097	2.0559446003441626
0.25517653826913456	2.067781271230047
0.25567668834417207	2.079663485028585
0.2561768384192096	2.0915906438097567
0.2566769884942471	2.1035621496435417
0.2571771385692846	2.1155774045999185
0.25767728864432216	2.1276358107488673
0.25817743871935966	2.139736770160364
0.2586775887943972	2.151879684904389
0.2591777388694347	2.1640639570509212
0.2596778889444722	2.1762889886699397
0.2601780390195097	2.1885541818314214
0.26067818909454726	2.2008589386053488
0.2611783391695848	2.2132026610616977
0.2616784892446223	2.2255847512704476
0.2621786393196598	2.238004611301577
0.2626787893946973	2.250461643225066
0.26317893946973486	2.2629552491108935
0.26367908954477237	2.2754848310290368
0.2641792396198099	2.2880497910494753
0.2646793896948474	2.300649531242187
0.2651795397698849	2.313283453677153
0.2656796898449224	2.32595096042435
0.26617983991995997	2.338651453553759
0.2666799899949975	2.3513843351353567
0.267180140070035	2.364149007239122
0.2676802901450725	2.3769448719350352
0.26818044022011	2.389771331293074
0.2686805902951475	2.402627787383217
0.2691807403701851	2.4155136422754464
0.2696808904452226	2.428428298039736
0.2701810405202601	2.4413711567460665
0.2706811905952976	2.454341620464418
0.2711813406703351	2.4673390912647677
0.2716814907453727	2.4803629712170974
0.2721816408204102	2.4934126623913815
0.2726817908954477	2.506487566857601
0.2731819409704852	2.519587086685735
0.2736820910455227	2.532710623945763
0.2741822411205602	2.5458575807076613
0.2746823911955978	2.559027359041413
0.2751825412706353	2.5722193610169923
0.2756826913456728	2.5854329887043797
0.2761828414207103	2.5986676441735552
0.2766829914957478	2.6119227294944958
0.2771831415707854	2.625197646737183
0.2776832916458229	2.6384917979715934
0.2781834417208604	2.6518045852677052
0.2786835917958979	2.6651354106954988
0.2791837418709354	2.678483676324953
0.27968389194597293	2.6918487842260457
0.2801840420210105	2.7052301364687574
0.280684192096048	2.718627135123065
0.2811843421710855	2.7320391822589474
0.281684492246123	2.7454656799463852
0.28218464232116053	2.7589060302553547
0.2826847923961981	2.7723596352558384
0.2831849424712356	2.785825897017812
0.2836850925462731	2.7993042176112546
0.2841852426213106	2.812793999106146
0.2846853926963481	2.8262946435724645
0.28518554277138564	2.8398055530801893
0.2856856928464232	2.8533261296993007
0.2861858429214607	2.8668557754997743
0.2866859929964982	2.8803938925515893
0.2871861430715357	2.8939398829247276
0.28768629314657324	2.907493148689166
0.2881864432216108	2.9210530919148834
0.2886865932966483	2.9346191146718597
0.2891867433716858	2.9481906190300697
0.2896868934467233	2.961767007059498
0.29018704352176083	2.9753476808301196
0.29068719359679834	2.9889320424119137
0.2911873436718359	3.0025194938748627
0.2916874937468734	3.0161094372889403
0.2921876438219109	3.0297012747241276
0.29268779389694843	3.0432944082504054
0.29318794397198594	3.0568882399377486
0.29368809404702345	3.070482171856138
0.294188244122061	3.0840756060755536
0.2946883941970985	3.0976679446659725
0.29518854427213603	3.1112585896973743
0.29568869434717354	3.1248469432397368
0.29618884442221105	3.138432407363039
0.2966889944972486	3.152014384137264
0.2971891445722861	3.1655922756323847
0.29768929464732363	3.1791654839183816
0.29818944472236114	3.1927334110652352
0.29868959479739865	3.206295459142923
0.29918974487243616	3.2198510302214234
0.2996898949474737	3.233399526370718
0.30019004502251123	3.247061777905168
0.30069019509754874	3.260882644961586
0.30119034517258625	3.2747039908155933
0.30169049524762376	3.2885256036651347
0.3021906453226613	3.302347271708154
0.30269079539769883	3.316168783142591
0.30319094547273634	3.3299899261663892
0.30369109554777385	3.343810488977492
0.30419124562281136	3.3576302597738406
0.30469139569784887	3.3714490267533783
0.30519154577288643	3.3852665781140505
0.30569169584792394	3.399082702053795
0.30619184592296145	3.4128971867705555
0.30669199599799896	3.426709820462278
0.30719214607303647	3.4405203913268996
0.30769229614807403	3.45432868756237
0.30819244622311154	3.4681344973666244
0.30869259629814905	3.4819376089376095
0.30919274637318656	3.4957378104732677
0.30969289644822406	3.5095348901715404
0.3101930465232616	3.52332863623037
0.31069319659829914	3.5371188368477027
0.31119334667333665	3.5509052802214756
0.31169349674837415	3.5646877545496336
0.31219364682341166	3.578466048030121
0.3126937968984492	3.592239948860877
0.3131939469734867	3.606009245239848
0.31369409704852425	3.619773725364975
0.31419424712356175	3.6335331774342
0.31469439719859926	3.6472873896454647
0.31519454727363677	3.6610361501967144
0.3156946973486743	3.674779247285889
0.31619484742371184	3.688516469110934
0.31669499749874935	3.702247603869789
0.31719514757378686	3.715972439760396
0.31769529764882437	3.729690764980702
0.3181954477238619	3.743402367728646
0.3186955977988994	3.7571070362021723
0.31919574787393695	3.7708045585992234
0.31969589794897446	3.78449472311774
0.32019604802401197	3.798177317955665
0.3206961980990495	3.8118521313109435
0.321196348174087	3.825518951381516
0.32169649824912455	3.8391775663653265
0.32219664832416206	3.8528277644603164
0.32269679839919957	3.8664693338644267
0.3231969484742371	3.8801020627756033
0.3236970985492746	3.8937257393917863
0.3241972486243121	3.9073401519109203
0.32469739869934966	3.9209450885309485
0.32519754877438717	3.93454033744981
0.3256976988494247	3.9481256868654486
0.3261978489244622	3.9617009249758075
0.3266979989994997	3.9752658399788308
0.32719814907453726	3.98882022007246
0.32769829914957477	4.002363853454636
0.3281984492246123	4.015896528323303
0.3286985992996498	4.029418032876403
0.3291987493746873	4.042928155311878
0.3296988994497248	4.056426683827673
0.33019904952476237	4.069913406621729
0.3306991995997999	4.083388111891989
0.3311993496748374	4.096850587836394
0.3316994997498749	4.110300622652886
0.3321996498249124	4.123738004539413
0.3326997998999499	4.137162521693911
0.3331999499749875	4.150573962314329
0.333700100050025	4.163972114598603
0.3342002501250625	4.17735676674468
0.3347004002001	4.190727706950501
0.3352005502751375	4.204084723414009
0.3357007003501751	4.217427604333147
0.3362008504252126	4.230756137905856
0.3367010005002501	4.24407011233008
0.3372011505752876	4.257369315803761
0.3377013006503251	4.270653536524841
0.3382014507253626	4.283922562691264
0.3387016008004002	4.297176182500974
0.3392017508754377	4.3104141841519095
0.3397019009504752	4.323636355842015
0.3402020510255127	4.336842485769234
0.3407022011005502	4.350032362131508
0.3412023511755878	4.36320577312678
0.3417025012506253	4.376362506952992
0.3422026513256628	4.389502351808088
0.3427028014007003	4.402625095890008
0.3432029514757378	4.415730527396697
0.3437031015507753	4.428818434526097
0.3442032516258129	4.441888605476151
0.3447034017008504	4.4549408284448
0.3452035517758879	4.467974891629988
0.3457037018509254	4.480990583229656
0.3462038519259629	4.493987691441749
0.3467040020010005	4.50696600446421
0.347204152076038	4.519925310494976
0.3477043021510755	4.532865397731996
0.348204452226113	4.545786054373209
0.3487046023011505	4.558687068616559
0.34920475237618803	4.571568228659988
0.3497049024512256	4.584429322701441
0.3502050525262631	4.597277692960948
0.3507052026013006	4.6101187579659015
0.3512053526763381	4.622939390102407
0.35170550275137563	4.635739522267045
0.35220565282641314	4.6485190873564015
0.3527058029014507	4.6612780182670575
0.3532059529764882	4.674016247895595
0.3537061030515257	4.686733709138595
0.35420625312656323	4.699430334892642
0.35470640320160074	4.712106058054318
0.3552065532766383	4.724760811520207
0.3557067033516758	4.737394528186889
0.3562068534267133	4.750007140950947
0.35670700350175083	4.7625985827089625
0.35720715357678834	4.775168786357521
0.35770730365182585	4.7877176847932015
0.3582074537268634	4.800245210912591
0.3587076038019009	4.812751297612267
0.35920775387693843	4.8252358777888125
0.35970790395197594	4.8376988843388125
0.36020805402701345	4.850140250158847
0.360708204102051	4.862559908145503
0.3612083541770885	4.8749577911953565
0.36170850425212603	4.887333832204994
0.36220865432716354	4.8996879640709965
0.36270880440220105	4.912020119689947
0.36320895447723855	4.924330231958428
0.3637091045522761	4.936618233773022
0.36420925462731363	4.948884058030312
0.36470940470235114	4.961127637626878
0.36520955477738865	4.9733489054593045
0.36570970485242615	4.985547794424174
0.3662098549274637	4.997724237418069
0.3667100050025012	5.00987816733757
0.36721015507753874	5.022009517079262
0.36771030515257624	5.0341182195397245
0.36821045522761375	5.046204207615542
0.36871060530265126	5.058267414203297
0.3692107553776888	5.070307772199574
0.36971090545272633	5.08232521450095
0.37021105552776384	5.094319674004011
0.37071120560280135	5.106291083605339
0.37121135567783886	5.118239376201516
0.3717115057528764	5.130164484689126
0.37221165582791393	5.14206634196475
0.37271180590295144	5.153944880924969
0.37321195597798895	5.1658000344663675
0.37371210605302646	5.1776317354855275
0.37421225612806397	5.189439916879031
0.37471240620310153	5.2012245115434625
0.37521255627813904	5.212985452375402
0.37571270635317655	5.224722672271431
0.37621285642821406	5.236436104128135
0.37671300650325157	5.248125680842095
0.3772131565782891	5.259791335309893
0.37771330665332664	5.271433000428113
0.37821345672836415	5.283050609093335
0.37871360680340166	5.294644094202143
0.37921375687843917	5.30621338865112
0.3797139069534767	5.317758425336846
0.38021405702851424	5.329279137155908
0.38071420710355175	5.3407754570048835
0.38121435717858926	5.352247317780358
0.38171450725362677	5.363694652378911
0.3822146573286643	5.375117393697128
0.3827148074037018	5.386515474631589
0.38321495747873935	5.39788882807888
0.38371510755377686	5.40923738693558
0.38421525762881437	5.420561084098272
0.3847154077038519	5.431859852463539
0.3852155577788894	5.443133624927964
0.38571570785392695	5.4543823343881295
0.38621585792896446	5.465605913740616
0.38671600800400197	5.476804295882007
0.3872161580790395	5.487977413708885
0.387716308154077	5.499125200117835
0.3882164582291145	5.510247588005435
0.38871660830415206	5.5213445102682694
0.38921675837918956	5.532415899802921
0.3897169084542271	5.543461689505973
0.3902170585292646	5.554481812274005
0.3907172086043021	5.5654762010036025
0.39121735867933966	5.5764447885913455
0.39171750875437716	5.587387507933819
0.3922176588294147	5.598304291927603
0.3927178089044522	5.60919507346928
0.3932179589794897	5.620059785455434
0.3937181090545272	5.630898360782647
0.39421825912956476	5.641710732347502
0.39471840920460227	5.65249683304658
0.3952185592796398	5.663256595776463
0.3957187093546773	5.673989953433735
0.3962188594297148	5.684696838914979
0.3967190095047523	5.695377185116778
0.39721915957978987	5.70603092493571
0.3977193096548274	5.716657991268361
0.3982194597298649	5.727258317011311
0.3987196098049024	5.737831835061146
0.3992197598799399	5.748378478314447
0.39971990995497747	5.7588981796677965
0.400220060030015	5.769302278199544
0.4007202101050525	5.779810508024868
0.40122036018009	5.7902870474438615
0.4017205102551275	5.8007322914479955
0.402220660330165	5.811146635028734
0.4027208104052026	5.8215304731775435
0.4032209604802401	5.831884200885896
0.4037211105552776	5.842208213145252
0.4042212606303151	5.852502904947076
0.4047214107053526	5.8627686712828435
0.4052215607803902	5.873005907144018
0.4057217108554277	5.883215007522062
0.4062218609304652	5.893396367408447
0.4067220110055027	5.903550381794639
0.4072221610805402	5.913677445672102
0.4077223111555777	5.923777954032304
0.4082224612306153	5.933852301866716
0.4087226113056528	5.9439008841668
0.4092227613806903	5.953924095924025
0.4097229114557278	5.963922332129857
0.4102230615307653	5.973895987775764
0.4107232116058029	5.98384545785321
0.4112233616808404	5.993771137353663
0.4117235117558779	6.0036734212685925
0.4122236618309154	6.013552704589462
0.4127238119059529	6.023409382307739
0.41322396198099043	6.033243849414891
0.413724112056028	6.043056500902384
0.4142242621310655	6.052847731761687
0.414724412206103	6.062617936984263
0.4152245622811405	6.072367511561581
0.41572471235617803	6.082096850485108
0.4162248624312156	6.091806348746312
0.4167250125062531	6.101496401336657
0.4172251625812906	6.11116740324761
0.4177253126563281	6.120819749470642
0.4182254627313656	6.130453834997216
0.41872561280640314	6.140070054818796
0.4192257628814407	6.149668803926858
0.4197259129564782	6.1592504773128605
0.4202260630315157	6.168815469968269
0.4207262131065532	6.178364176884559
0.42122636318159073	6.187896993053192
0.42172651325662824	6.197414313465632
0.4222266633316658	6.206916533113353
0.4227268134067033	6.216404046987816
0.4232269634817408	6.225877250080488
0.42372711355677833	6.235336537382841
0.42422726363181584	6.244782303886337
0.4247274137068534	6.2542149445824435
0.4252275637818909	6.263836117015068
0.4257277138569284	6.27336801256894
0.42622786393196593	6.2829013302397865
0.42672801400700344	6.292441737126662
0.42722816408204095	6.301994900328623
0.4277283141570785	6.31156648694472
0.428228464232116	6.32116216407401
0.42872861430715353	6.330787598815543
0.42922876438219104	6.3404484582683756
0.42972891445722855	6.350150409531563
0.4302290645322661	6.359899119704157
0.4307292146073036	6.3697002558852125
0.43122936468234113	6.379559485173784
0.43172951475737864	6.389482474668928
0.43222966483241615	6.3994748914696915
0.43272981490745366	6.409542402675136
0.4332299649824912	6.41969067538431
0.43373011505752873	6.429925376696274
0.43423026513256624	6.440252173710076
0.43473041520760375	6.4506767335247694
0.43523056528264126	6.4612047232394145
0.4357307153576788	6.471841809953062
0.43623086543271633	6.482593660764765
0.43673101550775384	6.493465942773579
0.43723116558279135	6.504464323078557
0.43773131565782886	6.515618840804425
0.43823146573286637	6.526819315955021
0.43873161580790393	6.538178560095777
0.43923176588294144	6.549675294095555
0.43973191595797895	6.561288238823225
0.44023206603301646	6.572996115147654
0.44073221610805396	6.584777643937713
0.4412323661830915	6.596611546062262
0.44173251625812904	6.6084765423901715
0.44223266633316655	6.620351353790307
0.44273281640820406	6.632214701131535
0.44323296648324156	6.644045305282727
0.4437331165582791	6.655821887112743
0.44423326663331664	6.667275195107234
0.44473341670835415	6.678571152375521
0.44523356678339165	6.689561942597076
0.44573371685842916	6.700163092386518
0.44623386693346667	6.71029012835846
0.4467340170085042	6.719858577127518
0.44723416708354174	6.7287524854743195
0.44773431715857925	6.736874208647511
0.44823446723361676	6.7441100955338475
0.44873461730865427	6.750347566221866
0.4492347673836918	6.755474040800113
0.44973491745872934	6.759376939357133
0.45023506753376685	6.76194918268193
0.45073521760880436	6.763090000809842
0.45123536768384187	6.762709087088742
0.4517355177588794	6.760724862679006
0.4522356678339169	6.757070784700522
0.45273581790895445	6.751697726329338
0.45323596798399196	6.7445698104208445
0.45373611805902947	6.735672114003276
0.454236268134067	6.725006720172712
0.4547364182091045	6.7125939441980735
0.45523656828414205	6.698472824327781
0.45573671835917956	6.682696954286507
0.45623686843421707	6.665334964017761
0.4567370185092546	6.646472168957679
0.4572371685842921	6.626194576475101
0.4577373186593296	6.6046068550609265
0.45823746873436716	6.5818167056555215
0.45873761880940467	6.557931829199268
0.4592377688844422	6.533059926632529
0.4597379189594797	6.507314257805383
0.4602380690345172	6.480802916543025
0.4607382191095547	6.453630092089312
0.46123836918459227	6.425887827489155
0.4617385192596298	6.397668165787471
0.4622386693346673	6.369063150029177
0.4627388194097048	6.340174252099967
0.4632389694847423	6.310960008028458
0.46373911955977987	6.281615681797737
0.4642392696348174	6.252171736556528
0.4647394197098549	6.222658635453537
0.4652395697848924	6.19310684163748
0.4657397198599299	6.16354681825707
0.4662398699349674	6.134009028461021
0.466740020010005	6.104523935398047
0.4672401700850425	6.075122002216862
0.46774032016008	6.04583369206618
0.4682404702351175	6.016689468094719
0.468740620310155	5.987719793451188
0.4692407703851926	5.958736510461165
0.4697409204602301	5.929957242691432
0.4702410705352676	5.901324002327855
0.4707412206103051	5.8728347330720965
0.4712413706853426	5.844487378625816
0.4717415207603801	5.816279882690679
0.4722416708354177	5.788210188968345
0.4727418209104552	5.760276241160478
0.4732419709854927	5.732475982968743
0.4737421210605302	5.704807358094801
0.4742422711355677	5.677268310240311
0.4747424212106053	5.649856783106935
0.4752425712856428	5.62252737997436
0.4757427213606803	5.595363152573379
0.4762428714357178	5.568300130515356
0.4767430215107553	5.541335619171224
0.4772431715857928	5.51446692391191
0.4777433216608304	5.4876913501083475
0.4782434717358679	5.46100620313147
0.4787436218109054	5.434408788352206
0.4792437718859429	5.407896411141485
0.4797439219609804	5.381466376870242
0.48024407203601793	5.355115990909402
0.4807442221110555	5.3288425586298995
0.481244372186093	5.302643385402667
0.4817445222611305	5.276515776598633
0.482244672336168	5.2504570375887285
0.48274482241120553	5.224464473743885
0.4832449724862431	5.198535390435031
0.4837451225612806	5.172667093033102
0.4842452726363181	5.146856886909026
0.4847454227113556	5.1211020774337355
0.48524557278639313	5.095399969978161
0.48574572286143064	5.069747869913233
0.4862458729364682	5.044143082609876
0.4867460230115057	5.018582913439034
0.4872461730865432	4.993064667771629
0.48774632316158073	4.967634509069836
0.48824647323661824	4.942239804066414
0.4887466233116558	4.916889593571963
0.4892467733866933	4.891583773014528
0.4897469234617308	4.866322237822136
0.49024707353676833	4.841104883422824
0.49074722361180584	4.815931605244628
0.49124737368684335	4.790802298715583
0.4917475237618809	4.765716859263721
0.4922476738369184	4.740675182317083
0.49274782391195593	4.715677163303701
0.49324797398699344	4.690722697651611
0.49374812406203095	4.665811680788847
0.4942482741370685	4.6409440081434425
0.494748424212106	4.616119575143437
0.49524857428714353	4.591338277216863
0.49574872436218104	4.566600009791757
0.49624887443721855	4.541904668296152
0.49674902451225605	4.517252148158085
0.4972491745872936	4.4926423448055886
0.4977493246623311	4.468075153666701
0.49824947473736864	4.443550470169457
0.49874962481240614	4.419068189741891
0.49924977488744365	4.394628207812039
0.4997499249624812	4.370230419807931
0.5002500750375187	4.345880528906548
0.5007502251125562	4.321582720943858
0.5012503751875937	4.2973281335514
0.5017505252626313	4.273117276031087
0.5022506753376688	4.248950657684826
0.5027508254127063	4.224828787814512
0.5032509754877438	4.2007521757220605
0.5037511255627813	4.1767213307093645
0.5042512756378189	4.152736762078334
0.5047514257128564	4.128798979130879
0.5052515757878939	4.104908491168893
0.5057517258629314	4.0810658074942925
0.5062518759379689	4.057271437408968
0.5067520260130065	4.033525890214832
0.507252176088044	4.009829675213794
0.5077523261630815	3.9861833017077464
0.508252476238119	3.9625872789986065
0.5087526263131565	3.9390421163882663
0.509252776388194	3.9155483231786414
0.5097529264632316	3.892106408671625
0.5102530765382691	3.868716882169128
0.5107532266133066	3.84538025297306
0.5112533766883441	3.8220970303853137
0.5117535267633816	3.798867723707806
0.5122536768384192	3.7756928422424285
0.5127538269134567	3.752572895291093
0.5132539769884942	3.729508392155707
0.5137541270635317	3.706499842138167
0.5142542771385692	3.6835477545403865
0.5147544272136068	3.6606526386642604
0.5152545772886443	3.637815003811697
0.5157547273636818	3.6150353592846067
0.5162548774387193	3.5923142143848823
0.5167550275137568	3.56965207841444
0.5172551775887944	3.547049460675174
0.5177553276638318	3.5245068704689997
0.5182554777388694	3.50202481709781
0.5187556278139069	3.4796038098635136
0.5192557778889444	3.4572443580680217
0.519755927963982	3.4349469710132285
0.5202560780390194	3.4127121580010478
0.520756228114057	3.3905404283333747
0.5212563781890945	3.368432291312117
0.521756528264132	3.3463882562391873
0.5222566783391696	3.3244088324164762
0.522756828414207	3.3024945291459016
0.5232569784892446	3.280645855729355
0.5237571285642821	3.2588633214687475
0.5242572786393196	3.23714743566599
0.5247574287143572	3.215498707622974
0.5252575787893946	3.1939300690109738
0.5257577288644322	3.1724291613541897
0.5262578789394697	3.1509977735070147
0.5267580290145072	3.129636661006107
0.5272581790895448	3.10834657938811
0.5277583291645822	3.087128284189688
0.5282584792396198	3.0659825309474864
0.5287586293146572	3.044910075198167
0.5292587793896948	3.0239116724783766
0.5297589294647324	3.002988078324772
0.5302590795397698	2.9821400482740135
0.5307592296148074	2.961368337862744
0.5312593796898448	2.940673702627628
0.5317595297648824	2.9200568981053094
0.53225967983992	2.8995186798324473
0.5327598299149574	2.879059803345701
0.533259979989995	2.858681024181715
0.5337601300650324	2.8383830978771516
0.53426028014007	2.8181667799686574
0.5347604302151076	2.7980328259928893
0.535260580290145	2.777981991486506
0.5357607303651826	2.758015031986154
0.53626088044022	2.7381327030284948
0.5367610305152576	2.7183357601501736
0.537261180590295	2.6986249588878546
0.5377613306653326	2.679001054778181
0.5382614807403702	2.659464803357813
0.5387616308154076	2.640016960163408
0.5392617808904452	2.620658280731611
0.5397619309654826	2.601389520599086
0.5402620810405202	2.582211435302477
0.5407622311155578	2.563124780378444
0.5412623811905952	2.5441303113636433
0.5417625312656328	2.525228783794722
0.5422626813406702	2.506420953208342
0.5427628314157078	2.4877075751411484
0.5432629814907454	2.4690894051298007
0.5437631315657828	2.450567198710955
0.5442632816408204	2.4321417114212593
0.5447634317158578	2.413813698797375
0.5452635817908954	2.395583916375947
0.545763731865933	2.3774531196936346
0.5462638819409704	2.3594220642870956
0.546764032016008	2.3414915056929755
0.5472641820910454	2.323662199447937
0.547764332166083	2.3059349010886256
0.5482644822411205	2.2883103661517037
0.548764632316158	2.270789350173817
0.5492647823911956	2.2533726086916235
0.549764932466233	2.2360608972417815
0.5502650825412706	2.2187857236273167
0.550765232616308	2.201559865933069
0.5512653826913456	2.1844585527911216
0.5517655327663832	2.167481964003899
0.5522656828414206	2.1506302793738232
0.5527658329164582	2.1339036787033026
0.5532659829914957	2.1173023417947654
0.5537661330665332	2.1008264484506216
0.5542662831415708	2.084476178473293
0.5547664332166082	2.0682517116652015
0.5552665832916458	2.0521532278287578
0.5557667333666833	2.0361809067663885
0.5562668834417208	2.0203349282805037
0.5567670335167583	2.0046154721735294
0.5572671835917958	1.989022718247876
0.5577673336668334	1.9735568463059654
0.5582674837418709	1.9582180361502197
0.5587676338169084	1.9430064675830507
0.5592677838919459	1.927922320406883
0.5597679339669834	1.912965774424127
0.560268084042021	1.8981370094372068
0.5607682341170585	1.8834362052485425
0.561268384192096	1.8688635416605452
0.5617685342671335	1.8544191984756409
0.562268684342171	1.8401033554962405
0.5627688344172086	1.8259161925247664
0.563268984492246	1.8118578893636392
0.5637691345672836	1.7979286258152714
0.5642692846423211	1.7841285816820869
0.5647694347173586	1.7704579367664979
0.5652695847923962	1.7569168708709266
0.5657697348674336	1.7435055637977934
0.5662698849424712	1.730224195349511
0.5667700350175087	1.717072945328503
0.5672701850925462	1.704051993537183
0.5677703351675837	1.6911615197779732
0.5682704852426212	1.6784017038532877
0.5687706353176588	1.665772725565547
0.5692707853926963	1.6532747647171728
0.5697709354677338	1.6409080011105768
0.5702710855427713	1.6286726145481831
0.5707712356178088	1.6165687848324053
0.5712713856928464	1.6045966917656633
0.5717715357678839	1.5927565151503786
0.5722716858429214	1.5810484347889646
0.5727718359179589	1.5694726304838433
0.5732719859929964	1.5580292820374289
0.573772136068034	1.5467185692521424
0.5742722861430715	1.5355406719304046
0.574772436218109	1.5244957698746275
0.5752725862931465	1.5135840428872358
0.575772736368184	1.502805670770642
0.5762728864432216	1.4921608333272673
0.5767730365182591	1.481649710359532
0.5772731865932966	1.4712724816698501
0.5777733366683341	1.4610293270606436
0.5782734867433716	1.4509204263343274
0.5787736368184091	1.440945959293323
0.5792737868934467	1.4311061057400454
0.5797739369684842	1.421401045476914
0.5802740870435217	1.41183095830635
0.5807742371185592	1.4023960240307676
0.5812743871935967	1.393096422452588
0.5817745372686343	1.3839323333742266
0.5822746873436718	1.3749039365981033
0.5827748374187093	1.3660114119266384
0.5832749874937468	1.3572549391622457
0.5837751375687843	1.3486346981073483
0.5842752876438219	1.3401508685643597
0.5847754377188594	1.3318036303357004
0.5852755877938969	1.3235931632237907
0.5857757378689344	1.3155196470310448
0.5862758879439719	1.3075832615598857
0.5867760380190095	1.2997841866127267
0.5872761880940469	1.2921226019919896
0.5877763381690845	1.2845986875000908
0.588276488244122	1.2772126229394483
0.5887766383191595	1.2699645881124835
0.5892767883941971	1.2628547628216107
0.5897769384692345	1.2558833268692513
0.5902770885442721	1.249050460057821
0.5907772386193096	1.242356342189739
0.5912773886943471	1.2358011530674253
0.5917775387693847	1.2293850724932949
0.5922776888444221	1.22310828026977
0.5927778389194597	1.2169709561992645
0.5932779889944972	1.2109732800841995
0.5937781390695347	1.2051154317269934
0.5942782891445723	1.1993975909300625
0.5947784392196097	1.1938199374958278
0.5952785892946473	1.1883826512267046
0.5957787393696848	1.183085911925113
0.5962788894447223	1.1779298993934715
0.5967790395197599	1.1729147934341964
0.5972791895947973	1.168040773849709
0.5977793396698349	1.163308020442424
0.5982794897448723	1.158716713014763
0.5987796398199099	1.1542670313691414
0.5992797898949475	1.1499591553079793
0.5997799399699849	1.1457932646336952
0.6002800900450225	1.1409546000704125
0.6007802401200599	1.1372829767449553
0.6012803901950975	1.1336727811365213
0.6017805402701351	1.1301235272978247
0.6022806903451725	1.1266347292815806
0.6027808404202101	1.1232059011405005
0.6032809904952475	1.1198365569273003
0.6037811405702851	1.116526210694692
0.6042812906453227	1.11327437649539
0.6047814407203601	1.1100805683821091
0.6052815907953977	1.1069443004075614
0.6057817408704351	1.1038650866244628
0.6062818909454727	1.1008424410855246
0.6067820410205101	1.097875877843463
0.6072821910955477	1.0949649109509894
0.6077823411705853	1.0921090544608192
0.6082824912456227	1.089307822425666
0.6087826413206603	1.086560728898243
0.6092827913956977	1.083867287931265
0.6097829414707353	1.0812270135774442
0.6102830915457729	1.0786394198894957
0.6107832416208103	1.0761040209201334
0.6112833916958479	1.07362033072207
0.6117835417708853	1.0711878633480205
0.6122836918459229	1.0688061328506975
0.6127838419209605	1.0664746532828153
0.6132839919959979	1.064192938697088
0.6137841420710355	1.0619605031462291
0.6142842921460729	1.0597768606829527
0.6147844422211105	1.057641525359972
0.6152845922961481	1.055554011230001
0.6157847423711855	1.0535138323457538
0.6162848924462231	1.0515205027599437
0.6167850425212605	1.0495735365252854
0.6172851925962981	1.0476724476944916
0.6177853426713356	1.0458167503202762
0.6182854927463731	1.0440059584553536
0.6187856428214107	1.0422395861524374
0.6192857928964481	1.0405171474642412
0.6197859429714857	1.0388381564434785
0.6202860930465232	1.037202127142864
0.6207862431215607	1.0356085736151108
0.6212863931965983	1.0340570099129327
0.6217865432716357	1.032546950089044
0.6222866933466733	1.0310779081961576
0.6227868434217108	1.0296493982869879
0.6232869934967483	1.0282609344142486
0.6237871435717859	1.0269120306306536
0.6242872936468233	1.0256022009889165
0.6247874437218609	1.0243309595417511
0.6252875937968984	1.0230978203418715
0.6257877438719359	1.021902297441991
0.6262878939469734	1.0207439048948233
0.6267880440220109	1.0196221567530828
0.6272881940970485	1.0185365670694828
0.627788344172086	1.0174866498967372
0.6282884942471235	1.01647191928756
0.628788644322161	1.0154918892946647
0.6292887943971985	1.0145460739707655
0.6297889444722361	1.0136339873685756
0.6302890945472736	1.0127551435408095
0.6307892446223111	1.01190905654018
0.6312893946973486	1.011095240419402
0.6317895447723861	1.0103132092311884
0.6322896948474237	1.0095624770282534
0.6327898449224612	1.0088425578633107
0.6332899949974987	1.0081529657890742
0.6337901450725362	1.0074932148582578
0.6342902951475737	1.0068628191235747
0.6347904452226113	1.0062612926377388
0.6352905952976488	1.0056881494534646
0.6357907453726863	1.0051429036234656
0.6362908954477238	1.0046250692004552
0.6367910455227613	1.0041341602371474
0.6372911955977988	1.003669690786256
0.6377913456728364	1.003231174900495
0.6382914957478739	1.0028181266325777
0.6387916458229114	1.0024300600352183
0.6392917958979489	1.0020664891611304
0.6397919459729864	1.0017269280630277
0.640292096048024	1.0014108907936243
0.6407922461230615	1.001117891405634
0.641292396198099	1.00084744395177
0.6417925462731365	1.0005990624847465
0.642292696348174	1.0003722610572774
0.6427928464232116	1.0001665537220763
0.6432929964982491	0.999981454531857
0.6437931465732866	0.9998164775393337
0.6442932966483241	0.9996711367972195
0.6447934467233616	0.9995449463582283
0.6452935967983991	0.9994374202750743
0.6457937468734366	0.9993480726004712
0.6462938969484742	0.9992764173871324
0.6467940470235117	0.9992219686877721
0.6472941970985492	0.999184240555104
0.6477943471735867	0.9991627470418417
0.6482944972486242	0.9991570022006993
0.6487946473236618	0.9991665200843901
0.6492947973986993	0.9991908147456284
0.6497949474737368	0.9992294002371275
0.6502950975487743	0.9992817906116017
0.6507952476238118	0.9993474999217643
0.6512953976988494	0.9994260422203296
0.6517955477738869	0.9995169315600112
0.6522956978489244	0.9996196819935222
0.652795847923962	0.9997338075735775
0.6532959979989994	0.9998588223528903
0.653796148074037	0.9999942403841741
0.6542962981490745	1.0001395757201437
0.654796448224112	1.0002943424135118
0.6552965982991495	1.0004580545169928
0.655796748374187	1.0006302260833002
0.6562968984492246	1.0008103711651475
0.656797048524262	1.0009980038152495
0.6572971985992996	1.001192638086319
0.6577973486743371	1.0013937880310704
0.6582974987493746	1.001600967702217
0.6587976488244122	1.0018136911524729
0.6592977988994496	1.0020314724345518
0.6597979489744872	1.0022538256011675
0.6602980990495247	1.002480264705034
0.6607982491245622	1.0027103037988645
0.6612983991995998	1.0029434569353732
0.6617985492746372	1.0031792381672742
0.6622986993496748	1.0034171615472807
0.6627988494247123	1.0036567411281068
0.6632989994997498	1.003897490962466
0.6637991495747874	1.0041389251030723
0.6642992996498248	1.00438055760264
0.6647994497248624	1.0046219025138816
0.6652995997998998	1.004862473889512
0.6657997498749374	1.0051017857822444
0.666299899949975	1.0053393522447933
0.6668000500250124	1.0055746873298717
0.66730020010005	1.0058073050901937
0.6678003501750874	1.0060367195784732
0.668300500250125	1.0062624448474238
0.6688006503251626	1.0064839949497595
0.6693008004002	1.0067008839381937
0.6698009504752376	1.0069126258654406
0.670301100550275	1.0071187347842137
0.6708012506253126	1.0073187247472266
0.6713014007003502	1.0075121098071935
0.6718015507753876	1.0076984040168286
0.6723017008504252	1.007877121428845
0.6728018509254626	1.0080477760959567
0.6733020010005002	1.008209882070877
0.6738021510755378	1.0083629534063203
0.6743023011505752	1.0085065041550005
0.6748024512256128	1.0086400483696307
0.6753026013006502	1.008763100102925
0.6758027513756878	1.0088751734075976
0.6763029014507252	1.0089757823363616
0.6768030515257628	1.0090644409419316
0.6773032016008004	1.0091406632770208
0.6778033516758378	1.0092039633943428
0.6783035017508754	1.009253855346612
0.6788036518259128	1.0092898531865417
0.6793038019009504	1.0093114709668458
0.679803951975988	1.0093182227402386
0.6803041020510254	1.009309622559433
0.680804252126063	1.0092851844771435
0.6813044022011004	1.0092444225460837
0.681804552276138	1.009186850818967
0.6823047023511756	1.0091119833485076
0.682804852426213	1.0090193341874192
0.6833050025012506	1.0089084173884157
0.683805152576288	1.0087787470042104
0.6843053026513256	1.0086298370875177
0.6848054527263631	1.008461201691051
0.6853056028014006	1.0082723548675243
0.6858057528764382	1.0080628106696512
0.6863059029514756	1.007832083150146
0.6868060530265132	1.0075796863617217
0.6873062031015507	1.0073051343570925
0.6878063531765882	1.0070079411889719
0.6883065032516258	1.0066876209100744
0.6888066533266632	1.006343687573113
0.6893068034017008	1.005975655230802
0.6898069534767383	1.0055830379358548
0.6903071035517758	1.0051653497409854
0.6908072536268134	1.0047221046989074
0.6913074037018508	1.0042528168623353
0.6918075537768884	1.003757000283982
0.6923077038519259	1.0032341690165614
0.6928078539269634	1.0026838371127877
0.693308004002001	1.0021055186253747
0.6938081540770384	1.001498727607036
0.694308304152076	1.0008629781104847
0.6948084542271135	1.0001977841884362
0.695308604302151	0.9995026598936027
0.6958087543771885	0.9987771192786989
0.696308904452226	0.9980206763964381
0.6968090545272636	0.9972328452995343
0.6973092046023011	0.9964131400407015
0.6978093546773386	0.9955610746726532
0.6983095047523761	0.9946761632481035
0.6988096548274136	0.9937579198197655
0.6993098049024512	0.9928058584403533
0.6998099549774887	0.9918194931625814
0.7003101050525262	0.9996968543615775
0.7008102551275637	0.9997123156798629
0.7013104052026012	0.9997276205861806
0.7018105552776388	0.999742769080531
0.7023107053526763	0.9997577611629138
0.7028108554277138	0.9997725968333294
0.7033110055027513	0.9997872760917775
0.7038111555777888	0.9998017989382583
0.7043113056528263	0.9998161653727715
0.7048114557278639	0.9998303753953175
0.7053116058029014	0.999844429005896
0.7058117558779389	0.9998583262045071
0.7063119059529764	0.9998720669911507
0.7068120560280139	0.9998856513658272
0.7073122061030515	0.999899079328536
0.707812356178089	0.9999123508792774
0.7083125062531265	0.9999254660180514
0.708812656328164	0.9999384247448581
0.7093128064032015	0.9999512270596972
0.709812956478239	0.9999638729625692
0.7103131065532766	0.9999763624534737
0.7108132566283141	0.9999886955324104
0.7113134067033516	1.00000087219938
0.7118135567783891	1.0000128924543823
0.7123137068534267	1.000024756297417
0.7128138569284642	1.0000364637284844
0.7133140070035017	1.0000480147475843
0.7138141570785392	1.0000594093547168
0.7143143071535767	1.000070647549882
0.7148144572286143	1.0000817293330797
0.7153146073036517	1.0000926547043099
0.7158147573786893	1.0001034236635729
0.7163149074537268	1.0001140362108685
0.7168150575287643	1.0001244923461965
0.7173152076038019	1.0001347920695571
0.7178153576788393	1.0001449353809506
0.7183155077538769	1.0001549222803763
0.7188156578289144	1.0001647527678346
0.7193158079039519	1.0001744268433255
0.7198159579789895	1.0001839445068492
0.7203161080540269	1.0001933057584054
0.7208162581290645	1.0002025105979941
0.721316408204102	1.0002115590256155
0.7218165582791395	1.0002204510412696
0.722316708354177	1.0002291866449562
0.7228168584292145	1.0002377658366752
0.7233170085042521	1.0002461886164271
0.7238171585792896	1.0002544549842114
0.7243173086543271	1.0002625649400283
0.7248174587293646	1.0002705184838778
0.7253176088044021	1.00027831561576
0.7258177588794397	1.0002859563356747
0.7263179089544771	1.000293440643622
0.7268180590295147	1.0003007685396017
0.7273182091045522	1.0003079400236141
0.7278183591795897	1.0003149550956592
0.7283185092546273	1.000321813755737
0.7288186593296647	1.000328516003847
0.7293188094047023	1.00033506183999
0.7298189594797398	1.0003414512641653
0.7303191095547773	1.0003476842763732
0.7308192596298149	1.0003537608766138
0.7313194097048523	1.0003596810648872
0.7318195597798899	1.000365444841193
0.7323197098549274	1.0003710522055311
0.7328198599299649	1.0003765031579022
0.7333200100050025	1.0003817976983058
0.7338201600800399	1.0003869358267419
0.7343203101550775	1.0003919175432106
0.7348204602301149	1.000396742847712
0.7353206103051525	1.0004014117402458
0.7358207603801901	1.0004059242208123
0.7363209104552275	1.0004102802894113
0.7368210605302651	1.000414479946043
0.7373212106053025	1.0004185231907075
0.7378213606803401	1.000422410023404
0.7383215107553777	1.0004261404441335
0.7388216608304151	1.0004297144528955
0.7393218109054527	1.0004331320496902
0.7398219609804901	1.0004363932345173
0.7403221110555277	1.0004394980073772
0.7408222611305653	1.0004424463682695
0.7413224112056027	1.0004452383171947
0.7418225612806403	1.0004478738541522
0.7423227113556777	1.0004503529791422
0.7428228614307153	1.000452675692165
0.7433230115057529	1.0004548419932204
0.7438231615807903	1.0004568518823083
0.7443233116558279	1.0004587053594287
0.7448234617308653	1.0004604024245818
0.7453236118059029	1.0004619430777675
0.7458237618809404	1.000463327318986
0.7463239119559779	1.0004645551482367
0.7468240620310155	1.0004656265655203
0.7473242121060529	1.0004665415708363
0.7478243621810905	1.0004673001641848
0.748324512256128	1.000467902345566
0.7488246623311655	1.0004683481149799
0.7493248124062031	1.0004686374724263
0.7498249624812405	1.0004687704179054
0.7503251125562781	1.000468746951417
0.7508252626313155	1.000468567072961
0.7513254127063531	1.0004682307825379
0.7518255627813907	1.000467738080147
0.7523257128564281	1.0004670889657892
0.7528258629314657	1.0004662834394638
0.7533260130065031	1.0004653215011707
0.7538261630815407	1.0004642031509108
0.7543263131565782	1.0004629283886828
0.7548264632316157	1.0004614972144878
0.7553266133066533	1.0004599096283253
0.7558267633816907	1.0004581656301952
0.7563269134567283	1.000456265220098
0.7568270635317658	1.0004542083980332
0.7573272136068033	1.000451995164001
0.7578273636818409	1.0004496255180018
0.7583275137568783	1.0004470994600347
0.7588276638319159	1.0004444169901001
0.7593278139069534	1.0004415781081983
0.7598279639819909	1.0004385828143292
0.7603281140570285	1.0004354311084926
0.760828264132066	1.0004321229906887
0.7613284142071035	1.000428658460917
0.761828564282141	1.0004250375191783
0.7623287143571785	1.000421260165472
0.7628288644322161	1.0004173263997984
0.7633290145072535	1.0004132362221574
0.7638291645822911	1.0004089896325488
0.7643293146573286	1.000404586630973
0.7648294647323661	1.0004000272174296
0.7653296148074036	1.000395311391919
0.7658297648824411	1.0003904391544407
0.7663299149574787	1.0003854105049952
0.7668300650325162	1.0003802254435823
0.7673302151075537	1.000374883970202
0.7678303651825912	1.0003693860848542
0.7683305152576287	1.0003637317875391
0.7688306653326663	1.0003579210782563
0.7693308154077038	1.0003519539570063
0.7698309654827413	1.0003458304237889
0.7703311155577788	1.0003395504786041
0.7708312656328163	1.0003331141214522
0.7713314157078539	1.0003265213523325
0.7718315657828914	1.0003197721712453
0.7723317158579289	1.0003128665781909
0.7728318659329664	1.000305804573169
0.7733320160080039	1.0002985861561795
0.7738321660830414	1.000291211327223
0.774332316158079	1.0002836800862989
0.7748324662331165	1.0002759924334073
0.775332616308154	1.0002681483685485
0.7758327663831915	1.0002601478917221
0.776332916458229	1.0002519910029284
0.7768330665332666	1.0002436777021673
0.7773332166083041	1.0002352079894388
0.7778333666833416	1.0002265818647427
0.7783335167583791	1.0002177993280794
0.7788336668334166	1.0002088603794486
0.7793338169084542	1.0001997650188503
0.7798339669834917	1.0001905132462847
0.7803341170585292	1.0001811050617517
0.7808342671335667	1.0001715404652514
0.7813344172086042	1.0001618194567834
0.7818345672836418	1.0001519420363485
0.7823347173586793	1.0001419082039456
0.7828348674337168	1.0001317179595755
0.7833350175087543	1.000121371303238
0.7838351675837918	1.0001108682349331
0.7843353176588294	1.0001002087546609
0.7848354677338668	1.000089392862421
0.7853356178089044	1.000078420558214
0.7858357678839419	1.0000672918420395
0.7863359179589794	1.0000560067138975
0.786836068034017	1.0000445651737881
0.7873362181090544	1.0000329672217116
0.787836368184092	1.0000212128576673
0.7883365182591295	1.0000093020816556
0.788836668334167	0.9999972348936768
0.7893368184092046	0.9999850112937303
0.789836968484242	0.9999726312818166
0.7903371185592796	0.9999600948579352
0.7908372686343171	0.9999474020220867
0.7913374187093546	0.9999345527742706
0.7918375687843922	0.9999215471144871
0.7923377188594296	0.9999083850427364
0.7928378689344672	0.9998950665590179
0.7933380190095046	0.9998815916633322
0.7938381690845422	0.9998679603556794
0.7943383191595798	0.9998541726360587
0.7948384692346172	0.9998402285044707
0.7953386193096548	0.9998261279609153
0.7958387693846922	0.9998118710053927
0.7963389194597298	0.9997974576379026
0.7968390695347674	0.999782887858445
0.7973392196098048	0.99976816166702
0.7978393696848424	0.9997532790636278
0.7983395197598798	0.9997382400482678
0.7988396698349174	0.9997230446209406
0.799339819909955	0.9997076927816461
0.7998399699849924	0.9996921845303842
0.80034012006003	1.0005173765055635
0.8008402701350674	1.0004987731027157
0.801340420210105	1.0004805509963781
0.8018405702851426	1.0004627067775564
0.80234072036018	1.000445237037259
0.8028408704352176	1.000428138366491
0.803341020510255	1.0004114073562602
0.8038411705852926	1.0003950405975726
0.80434132066033	1.0003790346814347
0.8048414707353676	1.0003633861988537
0.8053416208104052	1.0003480917408363
0.8058417708854426	1.0003331478983886
0.8063419209604802	1.0003185512625175
0.8068420710355176	1.0003042984242299
0.8073422211105552	1.0002903859745322
0.8078423711855928	1.000276810504431
0.8083425212606302	1.0002635686049337
0.8088426713356678	1.0002506568670455
0.8093428214107052	1.0002380718817743
0.8098429714857428	1.0002258102401265
0.8103431215607804	1.0002138685331086
0.8108432716358178	1.000202243351727
0.8113434217108554	1.0001909312869892
0.8118435717858928	1.0001799289299007
0.8123437218609304	1.000169232871469
0.8128438719359679	1.0001588397027008
0.8133440220110054	1.0001487460146026
0.813844172086043	1.0001389483981804
0.8143443221610804	1.0001294434444417
0.814844472236118	1.0001202277443928
0.8153446223111555	1.000111297889041
0.815844772386193	1.0001026504693915
0.8163449224612306	1.0000942820764522
0.816845072536268	1.0000861893012296
0.8173452226113056	1.00007836873473
0.817845372686343	1.0000708169679606
0.8183455227613806	1.0000635305919272
0.8188456728364182	1.000056506197637
0.8193458229114556	1.0000497403760973
0.8198459729864932	1.0000432297183133
0.8203461230615307	1.0000369708152925
0.8208462731365682	1.0000309602580417
0.8213464232116058	1.0000251946375676
0.8218465732866432	1.0000196705448763
0.8223467233616808	1.000014384570975
0.8228468734367183	1.0000093333068698
0.8233470235117558	1.000004513343568
0.8238471735867933	0.9999999212720756
0.8243473236618308	0.9999955536833999
0.8248474737368684	0.9999914071685473
0.8253476238119059	0.9999874783185243
0.8258477738869434	0.9999837637243376
0.8263479239619809	0.9999802599769946
0.8268480740370184	0.9999769636675006
0.827348224112056	0.9999738713868636
0.8278483741870934	0.999970979726089
0.828348524262131	0.9999682852761843
0.8288486743371685	0.9999657846281563
0.829348824412206	0.9999634743730108
0.8298489744872436	0.9999613511017554
0.830349124562281	0.999959411405396
0.8308492746373186	0.9999576518749398
0.8313494247123561	0.9999560691013931
0.8318495747873936	0.999954659675763
0.8323497248624312	0.9999534201890556
0.8328498749374686	0.9999523472322782
0.8333500250125062	0.9999514373964367
0.8338501750875437	0.9999506872725382
0.8343503251625812	0.9999500934515897
0.8348504752376187	0.9999496525245969
0.8353506253126562	0.9999493610825672
0.8358507753876938	0.9999492157165074
0.8363509254627313	0.9999492130174238
0.8368510755377688	0.9999493495763232
0.8373512256128063	0.9999496219842117
0.8378513756878438	0.9999500268320966
0.8383515257628814	0.9999505607109845
0.8388516758379189	0.9999512202118823
0.8393518259129564	0.999952001925796
0.8398519759879939	0.9999529024437325
0.8403521260630314	0.9999539183566986
0.840852276138069	0.9999550462557012
0.8413524262131065	0.9999562827317461
0.841852576288144	0.9999576243758409
0.8423527263631815	0.9999590677789915
0.842852876438219	0.9999606095322054
0.8433530265132565	0.9999622462264887
0.8438531765882941	0.9999639744528481
0.8443533266633316	0.9999657908022899
0.8448534767383691	0.999967691865822
0.8453536268134066	0.9999696742344495
0.8458537768884441	0.9999717344991803
0.8463539269634817	0.9999738692510204
0.8468540770385192	0.9999760750809764
0.8473542271135567	0.9999783485800553
0.8478543771885942	0.9999806863392638
0.8483545272636317	0.9999830849496082
0.8488546773386693	0.9999855410020955
0.8493548274137068	0.9999880510877321
0.8498549774887443	0.9999906117975249
0.8503551275637818	0.9999932197224806
0.8508552776388193	0.9999958714536054
0.8513554277138569	0.9999985635819061
0.8518555777888944	1.0000012926983899
0.8523557278639319	1.000004055394063
0.8528558779389694	1.000006848259932
0.8533560280140069	1.0000096678870036
0.8538561780890445	1.000012510866285
0.8543563281640819	1.0000153737887822
0.8548564782391195	1.000018253245502
0.855356628314157	1.000021145827451
0.8558567783891945	1.0000240481256362
0.8563569284642321	1.0000269567310638
0.8568570785392695	1.0000298682347413
0.8573572286143071	1.0000327792276742
0.8578573786893446	1.0000356863008701
0.8583575287643821	1.0000385860453351
0.8588576788394197	1.000041475052076
0.8593578289144571	1.0000443499120995
0.8598579789894947	1.0000472072164126
0.8603581290645322	1.0000500435560213
0.8608582791395697	1.0000528555219328
0.8613584292146073	1.0000556397051534
0.8618585792896447	1.0000583926966902
0.8623587293646823	1.0000611110875492
0.8628588794397197	1.0000637914687378
0.8633590295147573	1.0000664304312619
0.8638591795897949	1.000069024566129
0.8643593296648323	1.0000715704643452
0.8648594797398699	1.000074064716917
0.8653596298149073	1.0000765039148516
0.8658597798899449	1.0000788846491553
0.8663599299649825	1.0000812035108346
0.8668600800400199	1.000083457090897
0.8673602301150575	1.0000856419803483
0.8678603801900949	1.0000877547701954
0.8683605302651325	1.0000897920514449
0.86886068034017	1.0000917504151037
0.8693608304152075	1.0000936264521783
0.8698609804902451	1.0000954167536755
0.8703611305652825	1.0000971179106013
0.8708612806403201	1.0000987265139636
0.8713614307153577	1.000100239154768
0.8718615807903951	1.0001016524240216
0.8723617308654327	1.0001029629127312
0.8728618809404701	1.0001041672119027
0.8733620310155077	1.0001052619125437
0.8738621810905451	1.0001062436056603
0.8743623311655827	1.0001071088822593
0.8748624812406203	1.0001078543333477
0.8753626313156577	1.0001084765499313
0.8758627813906953	1.0001089721230176
0.8763629314657327	1.000109337643613
0.8768630815407703	1.0001095697027242
0.8773632316158079	1.0001096648913577
0.8778633816908453	1.00010961980052
0.8783635317658829	1.000109431021218
0.8788636818409203	1.000109095144459
0.8793638319159579	1.000108608761248
0.8798639819909955	1.0001079684625933
0.8803641320660329	1.0001071708395008
0.8808642821410705	1.0001062124829776
0.8813644322161079	1.0001050899840296
0.8818645822911455	1.0001037999336644
0.882364732366183	1.0001023389228876
0.8828648824412205	1.0001007035427067
0.8833650325162581	1.0000988903841284
0.8838651825912955	1.0000968960381589
0.8843653326663331	1.000094717095805
0.8848654827413706	1.000092350148073
0.8853656328164081	1.0000897917859704
0.8858657828914457	1.0000870386005032
0.8863659329664831	1.0000840871826782
0.8868660830415207	1.0000809341235024
0.8873662331165582	1.0000775760139817
0.8878663831915957	1.0000740094451237
0.8883665332666333	1.0000702310079344
0.8888666833416707	1.0000662372934206
0.8893668334167083	1.0000620248925889
0.8898669834917458	1.0000575903964466
0.8903671335667833	1.0000529303959993
0.8908672836418209	1.0000480414822546
0.8913674337168583	1.0000429202462187
0.8918675837918959	1.000037563278898
0.8923677338669334	1.0000319671712996
0.8928678839419709	1.00002612851443
0.8933680340170084	1.000020043899296
0.8938681840920459	1.0000137099169046
0.8943683341670835	1.0000071231582612
0.894868484242121	1.000000280214374
0.8953686343171585	0.9999931776762485
0.895868784392196	0.9999858121348919
0.8963689344672335	0.9999781801813108
0.8968690845422711	0.9999702784065116
0.8973692346173086	0.9999621034015013
0.8978693846923461	0.9999536517572866
0.8983695347673836	0.9999449200648739
0.8988696848424211	0.9999359049152698
0.8993698349174587	0.9999266028994813
0.8998699849924962	0.9999170106085149
0.9003701350675337	0.9999944254038653
0.9008702851425712	0.9999947519326703
0.9013704352176087	0.9999950742707112
0.9018705852926462	0.999995392432295
0.9023707353676838	0.9999957064317279
0.9028708854427213	0.9999960162833169
0.9033710355177588	0.9999963220013688
0.9038711855927963	0.9999966236001906
0.9043713356678338	0.9999969210940891
0.9048714857428714	0.9999972144973704
0.9053716358179089	0.9999975038243417
0.9058717858929464	0.9999977890893101
0.9063719359679839	0.9999980703065822
0.9068720860430214	0.9999983474904643
0.907372236118059	0.9999986206552636
0.9078723861930965	0.9999988898152867
0.908372536268134	0.9999991549848405
0.9088726863431715	0.9999994161782318
0.909372836418209	0.9999996734097674
0.9098729864932465	0.9999999266937536
0.9103731365682841	1.0000001760444979
0.9108732866433216	1.0000004214763063
0.9113734367183591	1.0000006630034861
0.9118735867933966	1.0000009006403443
0.9123737368684341	1.000001134401187
0.9128738869434716	1.0000013643003214
0.9133740370185092	1.0000015903520543
0.9138741870935467	1.0000018125706915
0.9143743371685842	1.0000020309705413
0.9148744872436217	1.0000022455659097
0.9153746373186592	1.0000024563711034
0.9158747873936968	1.0000026634004298
0.9163749374687343	1.0000028666681948
0.9168750875437718	1.0000030661887052
0.9173752376188093	1.0000032619762684
0.9178753876938468	1.000003454045191
0.9183755377688844	1.0000036424097796
0.9188756878439219	1.0000038270843412
0.9193758379189594	1.0000040080831818
0.919875987993997	1.0000041854206092
0.9203761380690344	1.0000043591109298
0.920876288144072	1.0000045291684503
0.9213764382191094	1.0000046956074775
0.921876588294147	1.000004858442318
0.9223767383691845	1.0000050176872788
0.922876888444222	1.0000051733566668
0.9233770385192596	1.0000053254647883
0.923877188594297	1.0000054740259503
0.9243773386693346	1.0000056190544597
0.9248774887443721	1.0000057605646233
0.9253776388194096	1.0000058985707476
0.9258777888944472	1.0000060330871396
0.9263779389694846	1.0000061641281062
0.9268780890445222	1.0000062917079535
0.9273782391195597	1.000006415840989
0.9278783891945972	1.0000065365415192
0.9283785392696348	1.0000066538238508
0.9288786893446722	1.0000067677022904
0.9293788394197098	1.0000068781911453
0.9298789894947473	1.0000069853047222
0.9303791395697848	1.0000070890573272
0.9308792896448224	1.0000071894632676
0.9313794397198598	1.0000072865368503
0.9318795897948974	1.000007380292382
0.9323797398699348	1.0000074707441693
0.9328798899449724	1.000007557906519
0.93338004002001	1.0000076417937374
0.9338801900950474	1.000007722420132
0.934380340170085	1.0000077998000094
0.9348804902451224	1.0000078739476765
0.93538064032016	1.0000079448774395
0.9358807903951976	1.0000080126036055
0.936380940470235	1.0000080771404818
0.9368810905452726	1.0000081385023742
0.93738124062031	1.00000819670359
0.9378813906953476	1.0000082517584363
0.9383815407703852	1.000008303681219
0.9388816908454226	1.0000083524862455
0.9393818409204602	1.0000083981878227
0.9398819909954976	1.000008440800257
0.9403821410705352	1.0000084803378553
0.9408822911455726	1.0000085168149242
0.9413824412206102	1.0000085502457705
0.9418825912956478	1.0000085806447012
0.9423827413706852	1.0000086080260229
0.9428828914457228	1.0000086324040427
0.9433830415207602	1.0000086537930668
0.9438831915957978	1.0000086722074024
0.9443833416708354	1.0000086876613559
0.9448834917458728	1.0000087001692344
0.9453836418209104	1.0000087097453447
0.9458837918959478	1.0000087164039935
0.9463839419709854	1.0000087201594872
0.946884092046023	1.0000087210261333
0.9473842421210604	1.0000087190182378
0.947884392196098	1.0000087141501082
0.9483845422711354	1.0000087064360508
0.948884692346173	1.0000086958903724
0.9493848424212106	1.0000086825273797
0.949884992496248	1.0000086663613796
0.9503851425712856	1.000008647406679
0.950885292646323	1.0000086256775846
0.9513854427213606	1.0000086011884033
0.9518855927963981	1.0000085739534414
0.9523857428714356	1.0000085439870057
0.9528858929464732	1.0000085113034038
0.9533860430215106	1.0000084759169416
0.9538861930965482	1.0000084378419263
0.9543863431715857	1.0000083970926645
0.9548864932466232	1.0000083536834632
0.9553866433216608	1.0000083076286284
0.9558867933966982	1.0000082589424684
0.9563869434717358	1.0000082076392884
0.9568870935467733	1.0000081537333958
0.9573872436218108	1.0000080972390977
0.9578873936968484	1.0000080381707
0.9583875437718858	1.0000079765425105
0.9588876938469234	1.0000079123688352
0.9593878439219609	1.0000078456639814
0.9598879939969984	1.0000077764422555
0.9603881440720359	1.0000077047179643
0.9608882941470734	1.0000076305054146
0.961388444222111	1.0000075538189137
0.9618885942971485	1.0000074746727674
0.962388744372186	1.0000073930812834
0.9628888944472235	1.0000073090587676
0.963389044522261	1.0000072226195278
0.9638891945972986	1.0000071337778698
0.9643893446723361	1.0000070425481005
0.9648894947473736	1.0000069489445276
0.9653896448224111	1.0000068529814568
0.9658897948974486	1.0000067546731954
0.9663899449724862	1.0000066540340498
0.9668900950475237	1.0000065510783271
0.9673902451225612	1.0000064458203342
0.9678903951975987	1.0000063382743776
0.9683905452726362	1.0000062284547642
0.9688906953476738	1.0000061163758005
0.9693908454227113	1.0000060020517934
0.9698909954977488	1.0000058854970495
0.9703911455727863	1.0000057667258764
0.9708912956478238	1.0000056457525799
0.9713914457228613	1.0000055225914677
0.9718915957978989	1.0000053972568455
0.9723917458729364	1.0000052697630208
0.9728918959479739	1.0000051401243
0.9733920460230114	1.00000500835499
0.9738921960980489	1.000004874469398
0.9743923461730865	1.0000047384818298
0.974892496248124	1.000004600406593
0.9753926463231615	1.000004460257994
0.975892796398199	1.00000431805034
0.9763929464732365	1.0000041737979373
0.976893096548274	1.000004027515093
0.9773932466233116	1.0000038792161134
0.9778933966983491	1.0000037289153056
0.9783935467733866	1.0000035766269764
0.9788936968484241	1.0000034223654326
0.9793938469234617	1.000003266144981
0.9798939969984992	1.000003107979928
0.9803941470735367	1.0000029478845809
0.9808942971485742	1.0000027858732459
0.9813944472236117	1.00000262196023
0.9818945972986493	1.0000024561598406
0.9823947473736867	1.0000022884863835
0.9828948974487243	1.0000021189541657
0.9833950475237618	1.0000019475774942
0.9838951975987993	1.0000017743706757
0.9843953476738369	1.0000015993480174
0.9848954977488743	1.0000014225238256
0.9853956478239119	1.0000012439124066
0.9858957978989494	1.000001063528068
0.9863959479739869	1.0000008813851162
0.9868960980490245	1.0000006974978584
0.9873962481240619	1.0000005118806008
0.9878963981990995	1.0000003245476503
0.988396548274137	1.0000001355133137
0.9888966983491745	0.9999999447918981
0.989396848424212	0.9999997523977098
0.9898969984992495	0.9999995583450558
0.9903971485742871	0.9999993626482429
0.9908972986493245	0.9999991653215776
0.9913974487243621	0.999998966379367
0.9918975987993996	0.9999987658359178
0.9923977488744371	0.9999985637055366
0.9928978989494747	0.9999983600025304
0.9933980490245121	0.9999981547412057
0.9938981990995497	0.9999979479358697
0.9943983491745872	0.9999977396008286
0.9948984992496247	0.9999975297503897
0.9953986493246623	0.9999973183988594
0.9958987993996997	0.9999971055605451
0.9963989494747373	0.9999968912497526
0.9968990995497748	0.9999966754807891
0.9973992496248123	0.9999964582679616
0.9978993996998499	0.9999962396255765
0.9983995497748873	0.9999960195679412
0.9988996998499249	0.9999957981093617
0.9993998499249624	0.9999955752641448
0.9999	0.9999953510465981
