0.0001	0.999999009276333
0.0006001500750375188	0.9999951653882001
0.0011003001500750375	0.9999914975856726
0.0016004502251125562	0.9999880019650298
0.0021006003001500747	0.9999846746591229
0.0026007503751875934	0.9999815118373754
0.003100900450225112	0.9999785097057827
0.003601050525262631	0.999975664506912
0.00410120060030015	0.9999729725199037
0.004601350675337669	0.999970430060468
0.0051015007503751875	0.9999680334808893
0.005601650825412706	0.999965779170023
0.006101800900450225	0.9999636635532964
0.006601950975487744	0.9999616830927094
0.007102101050525262	0.9999598342868335
0.007602251125562781	0.9999581136708123
0.008102401200600299	0.9999565178163619
0.008602551275637818	0.9999550433317695
0.009102701350675337	0.9999536868618951
0.009602851425712855	0.9999524450881705
0.010103001500750374	0.9999513147285991
0.010603151575787893	0.9999502925377571
0.01110330165082541	0.9999493753067924
0.01160345172586293	0.9999485598634245
0.012103601800900449	0.9999478430719455
0.012603751875937968	0.9999472218332195
0.013103901950975487	0.9999466930846821
0.013604052026013004	0.9999462538003413
0.014104202101050524	0.9999459009907777
0.014604352176088043	0.9999456317031427
0.01510450225112556	0.9999454430211602
0.01560465232616308	0.9999453320651269
0.0161048024012006	0.9999452959919106
0.016604952476238118	0.9999453319949512
0.017105102551275637	0.9999454373042616
0.017605252626313156	0.9999456091864248
0.018105402701350675	0.9999458449445979
0.01860555277638819	0.9999461419185091
0.01910570285142571	0.9999464974844584
0.01960585292646323	0.9999469090553178
0.020106003001500748	0.9999473740805324
0.020606153076538267	0.9999478900461181
0.021106303151575787	0.999948454474663
0.021606453226613306	0.9999490649253276
0.02210660330165082	0.9999497189938447
0.02260675337668834	0.9999504143125186
0.02310690345172586	0.9999511485502256
0.02360705352676338	0.999951919412414
0.024107203601800898	0.9999527246411052
0.024607353676838417	0.9999535620148904
0.025107503751875936	0.999954429348935
0.025607653826913455	0.9999553244949759
0.026107803901950975	0.9999562453413213
0.02660795397698849	0.9999571898128513
0.02710810405202601	0.9999581558710198
0.02760825412706353	0.9999591415138507
0.028108404202101048	0.9999601447759405
0.028608554277138567	0.9999611637284588
0.029108704352176086	0.999962196479146
0.029608854427213605	0.999963241172314
0.03010900450225112	0.9999642959888495
0.03060915457728864	0.9999653591462078
0.03110930465232616	0.9999664288984182
0.031609454727363685	0.9999675035360821
0.0321096048024012	0.9999685813863716
0.03260975487743872	0.9999696608130326
0.03310990495247624	0.9999707402163811
0.033610055027513755	0.9999718180333066
0.03411020510255128	0.9999728927372707
0.03461035517758879	0.9999739628383055
0.035110505252626316	0.9999750268830169
0.03561065532766383	0.9999760834545811
0.036110805402701354	0.9999771311727482
0.03661095547773887	0.9999781686938388
0.037111105552776386	0.9999791947107464
0.03761125562781391	0.9999802079529357
0.038111405702851424	0.9999812071864447
0.038611555777888946	0.9999821912138822
0.03911170585292646	0.9999831588744296
0.039611855927963985	0.9999841090438398
0.0401120060030015	0.9999850406344393
0.040612156078039016	0.9999859525951247
0.04111230615307654	0.9999868439113648
0.041612456228114054	0.9999877136052024
0.04211260630315158	0.9999885607352501
0.04261275637818909	0.9999893843966937
0.043112906453226615	0.9999901837212899
0.04361305652826413	0.9999909578773696
0.04411320660330165	0.9999917060698336
0.04461335667833917	0.9999924275401552
0.045113506753376685	0.9999931215663805
0.04561365682841421	0.9999937874631273
0.04611380690345172	0.9999944245815845
0.046613956978489246	0.9999950323095145
0.04711410705352676	0.9999956100712508
0.047614257128564284	0.999996157327699
0.0481144072036018	0.9999966735763373
0.048614557278639316	0.9999971583512149
0.04911470735367684	0.9999976112229542
0.049614857428714354	0.9999980317987484
0.05011500750375188	0.9999984197223643
0.05061515757878939	0.9999987746741391
0.051115307653826915	0.9999990963709825
0.05161545772886443	0.9999993845663772
0.05211560780390195	0.9999996390503767
0.05261575787893947	0.999999859649607
0.053115907953976985	1.0000000462272665
0.05361605802901451	1.0000001986831248
0.05411620810405202	1.0000003169535243
0.054616358179089546	1.0000004010113792
0.05511650825412706	1.000000450866175
0.055616658329164584	1.000000466563971
0.0561168084042021	1.000000448187396
0.056616958479239615	1.0000003958556531
0.05711710855427714	1.000000309724517
0.057617258629314654	1.0000001899863322
0.058117408704352176	1.000000036870019
0.05861755877938969	0.9999998506410669
0.059117708854427214	0.9999996316015373
0.05961785892946473	0.9999993800900662
0.060118009004502246	0.9999990964818593
0.06061815907953977	0.9999987811886945
0.061118309154577284	0.9999984346589225
0.06161845922961481	0.9999980573774666
0.06211860930465232	0.9999976498658206
0.06261875937968985	0.9999972126820513
0.06311890945472737	0.9999967464207967
0.06361905952976488	0.9999962517132679
0.0641192096048024	0.9999957292272476
0.06461935967983992	0.99999517966709
0.06511950975487743	0.9999946037737218
0.06561965982991495	0.999994002324642
0.06611980990495248	0.9999933761339215
0.06661995997999	0.9999927260522021
0.06712011005502751	0.9999920529666996
0.06762026013006503	0.9999913578012001
0.06812041020510255	0.9999906415160625
0.06862056028014006	0.9999899051082184
0.06912071035517758	0.9999891496111696
0.0696208604302151	0.9999883760949915
0.07012101050525263	0.9999875856663315
0.07062116058029014	0.9999867794684073
0.07112131065532766	0.9999859586810107
0.07162146073036518	0.9999851245205051
0.0721216108054027	0.9999842782398246
0.07262176088044021	0.9999834211284769
0.07312191095547774	0.9999825545125406
0.07362206103051526	0.9999816797546675
0.07412221110555277	0.9999807982540799
0.07462236118059029	0.9999799114465733
0.07512251125562781	0.999979020804515
0.07562266133066534	0.9999781278368441
0.07612281140570284	0.9999772340890718
0.07662296148074037	0.9999763411432816
0.07712311155577789	0.9999754506181282
0.0776232616308154	0.99997456416884
0.07812341170585292	0.9999736834872153
0.07862356178089044	0.9999728103016257
0.07912371185592797	0.9999719463770145
0.07962386193096548	0.9999710935148973
0.080124012006003	0.9999702535533619
0.08062416208104052	0.9999694283670673
0.08112431215607803	0.999968619867245
0.08162446223111555	0.9999678300016986
0.08212461230615307	0.9999670607548039
0.0826247623811906	0.999966314147508
0.0831249124562281	0.9999655922373308
0.08362506253126563	0.9999648971183639
0.08412521260630315	0.9999642309212711
0.08462536268134066	0.9999635958132876
0.08512551275637818	0.9999629939982215
0.0856256628314157	0.9999624277164525
0.08612581290645323	0.9999618992449321
0.08662596298149074	0.9999614108971842
0.08712611305652826	0.9999609650233049
0.08762626313156578	0.9999605640099615
0.08812641320660329	0.9999602102803944
0.08862656328164081	0.9999599062944151
0.08912671335667834	0.9999596545484077
0.08962686343171586	0.999959457575328
0.09012701350675337	0.999959317944704
0.09062716358179089	0.9999592382626359
0.09112731365682841	0.9999592211717957
0.09162746373186594	0.9999592693514272
0.09212761380690344	0.9999593855173462
0.09262776388194097	0.9999595724219411
0.09312791395697849	0.9999598328541727
0.093628064032016	0.9999601696395717
0.09412821410705352	0.9999605856402437
0.09462836418209104	0.999961083754864
0.09512851425712857	0.9999616669186813
0.09562866433216607	0.9999623381035154
0.0961288144072036	0.999963100317759
0.09662896448224112	0.999963956606376
0.09712911455727863	0.999964910050903
0.09762926463231615	0.9999659637694484
0.09812941470735367	0.9999671209166925
0.0986295647823912	0.9999683846838876
0.0991297148574287	0.9999697582988584
0.09962986493246623	0.9999712450260012
0.10013001500750375	0.9999709596802892
0.10063016508254126	0.9999578193558222
0.10113031515757878	0.9999490905106689
0.1016304652326163	0.9999445586458969
0.10213061530765383	0.9999440148908973
0.10263076538269134	0.999947256003384
0.10313091545772886	0.9999540843693964
0.10363106553276638	0.9999643080032967
0.1041312156078039	0.9999777405477721
0.10463136568284141	0.9999942012738314
0.10513151575787893	1.0000135150808092
0.10563166583291646	1.0000355124963622
0.10613181590795397	1.0000600296764737
0.10663196598299149	1.0000869084054482
0.10713211605802901	1.0001159960959145
0.10763226613306653	1.0001471457888265
0.10813241620810404	1.00018021615346
0.10863256628314157	1.000215071487416
0.10913271635817909	1.0002515817166198
0.1096328664332166	1.0002896223953186
0.11013301650825412	1.0003290747060847
0.11063316658329164	1.0003698254598143
0.11113331665832916	1.0004117670957269
0.11163346673336667	1.0004547976813665
0.1121336168084042	1.0004988209125996
0.11263376688344172	1.0005437461136182
0.11313391695847923	1.0005894882369368
0.11363406703351675	1.0006359678633947
0.11413421710855427	1.0006831112021541
0.1146343671835918	1.000730850090701
0.1151345172586293	1.000779121994847
0.11563466733366683	1.000827870008725
0.11613481740870435	1.0008770428547933
0.11663496748374186	1.000926594883834
0.11713511755877938	1.0009764860749524
0.1176352676338169	1.001026682035577
0.11813541770885443	1.0010771540014618
0.11863556778389193	1.001127878836684
0.11913571785892946	1.001178839033644
0.11963586793396698	1.0012300227130664
0.12013601800900449	1.0012814236239993
0.12063616808404201	1.0013330411438162
0.12113631815907953	1.001384880278212
0.12163646823411706	1.0014369516612067
0.12213661830915457	1.0014892715551444
0.12263676838419209	1.0015418618506928
0.12313691845922961	1.0015947500668427
0.12363706853426713	1.0016479693509093
0.12413721860930464	1.001701558478532
0.12463736868434216	1.0017555618536733
0.12513751875937967	1.0018100295086199
0.12563766883441718	1.0018650171039818
0.12613781890945472	1.0019205859286942
0.12663796898449223	1.0019768029000142
0.12713811905952974	1.0020337405635242
0.12763826913456727	1.00209147709313
0.12813841920960478	1.0021500962910608
0.1286385692846423	1.0022096875878699
0.12913871935967983	1.0022703460424343
0.12963886943471734	1.0023321723419558
0.13013901950975484	1.0023952728019583
0.13063916958479238	1.0024597593662905
0.1311393196598299	1.0025257496071256
0.13163946973486743	1.0025933667249587
0.13213961980990493	1.0026627395486112
0.13263976988494244	1.0027340025352254
0.13313991995997998	1.0028072957702705
0.1336400700350175	1.0028827649675367
0.134140220110055	1.0029605614691401
0.13464037018509253	1.00304084224552
0.13514052026013004	1.0031237698954385
0.13564067033516755	1.003209512645983
0.1361408204102051	1.0032982443525644
0.1366409704852426	1.0033901444989164
0.1371411205602801	1.003485398197098
0.13764127063531764	1.0035841961874905
0.13814142071035515	1.0036867348387999
0.1386415707853927	1.0037932161480556
0.1391417208604302	1.0039038477406121
0.1396418709354677	1.004018842870146
0.14014202101050524	1.0041384204186585
0.14064217108554275	1.0042628048964748
0.14114232116058026	1.004392226442243
0.1416424712356178	1.004526920822937
0.1421426213106553	1.0046671294338518
0.1426427713856928	1.0048130992986077
0.14314292146073035	1.00496508306915
0.14364307153576786	1.0051233390257457
0.1441432216108054	1.0052881310769861
0.1446433716858429	1.0054597287597875
0.1451435217608804	1.0056384072393887
0.14564367183591795	1.0058244473093527
0.14614382191095546	1.0060181353915671
0.14664397198599297	1.006219763536242
0.1471441220610305	1.0064296294219124
0.147644272136068	1.0066480363554366
0.14814442221110552	1.0068752932719962
0.14864457228614306	1.0071117147350983
0.14914472236118057	1.0073576209365718
0.14964487243621807	1.007613337696571
0.1501450225112556	1.0078791964635727
0.15064517258629312	1.008155534314379
0.15114532266133066	1.0084426939541147
0.15164547273636816	1.0087410237162286
0.15214562281140567	1.0090508775624936
0.1526457728864432	1.0093726150830058
0.15314592296148072	1.0097066014961864
0.15364607303651823	1.010053207648779
0.15414622311155576	1.0104128100158516
0.15464637318659327	1.0107857907007967
0.15514652326163078	1.0111725374353286
0.15564667333666832	1.0115734435794883
0.15614682341170583	1.0119889081216384
0.15664697348674333	1.0124193356784659
0.15714712356178087	1.0128651364949819
0.15764727363681838	1.013326726444521
0.15814742371185592	1.013804527028742
0.15864757378689343	1.0142989653776269
0.15914772386193093	1.0148104742494821
0.15964787393696847	1.0153394920309378
0.16014802401200598	1.0158864627369473
0.1606481740870435	1.0164518360107888
0.16114832416208102	1.017036067124064
0.16164847423711853	1.0176396169766968
0.16214862431215604	1.0182629520969375
0.16264877438719358	1.0189065446413588
0.1631489244622311	1.0195708723948573
0.16364907453726862	1.0202564187706538
0.16414922461230613	1.0209636728102922
0.16464937468734364	1.0216931291836413
0.16514952476238118	1.0224452881888924
0.1656496748374187	1.0232206557525614
0.1661498249124562	1.0240197434294886
0.16664997498749373	1.0248430684028373
0.16715012506253124	1.025691153484094
0.16765027513756875	1.0265645271130708
0.16815042521260629	1.0274637233579016
0.1686505752876438	1.0283892819150455
0.1691507253626813	1.0293417481092855
0.16965087543771884	1.0303216728937277
0.17015102551275635	1.0313296128498017
0.17065117558779389	1.0323661301872622
0.1711513256628314	1.0334317927441865
0.1716514757378689	1.0345271739869772
0.17215162581290644	1.0356528530103586
0.17265177588794395	1.03680941453738
0.17315192596298146	1.0379974489194155
0.173652076038019	1.039217552136161
0.1741522261130565	1.0404703257956376
0.174652376188094	1.0417563771341898
0.17515252626313155	1.0430763190164862
0.17565267633816906	1.0444307699355184
0.17615282641320656	1.0458203540126025
0.1766529764882441	1.047245700997379
0.1771531265632816	1.0487074462678108
0.17765327663831915	1.0502062308301854
0.17815342671335666	1.051742701319114
0.17865357678839416	1.0533175099975323
0.1791537268634317	1.0549313147566988
0.1796538769384692	1.0565847791161957
0.18015402701350672	1.0582785722239298
0.18065417708854425	1.060013368856132
0.18115432716358176	1.061789849417356
0.18165447723861927	1.0636086999404795
0.1821546273136568	1.0654706120867048
0.18265477738869432	1.067376283145557
0.18315492746373185	1.0693264160348863
0.18365507753876936	1.071321719300865
0.18415522761380687	1.0733629071179909
0.1846553776888444	1.0754506992890844
0.18515552776388192	1.0775858212452907
0.18565567783891943	1.079769004046078
0.18615582791395696	1.0820009843792382
0.18665597798899447	1.0842825045608881
0.18715612806403198	1.0866143125354673
0.18765627813906952	1.08899716187574
0.18815642821410702	1.091431811782793
0.18865657828914453	1.0939190270860384
0.18915672836418207	1.0964595782432114
0.18965687843921958	1.0990542413403706
0.19015702851425711	1.1017037980918998
0.19065717858929462	1.1044090358405043
0.19115732866433213	1.1071707475572157
0.19165747873936967	1.1099897318413878
0.19215762881440718	1.1128667929206988
0.1926577788894447	1.1158027406511508
0.19315792896448222	1.1187983905170698
0.19365807903951973	1.1218545636311046
0.19415822911455724	1.1249720867342294
0.19465837918959478	1.1281517921957414
0.19515852926463229	1.1313945180132607
0.19565867933966982	1.134701107812733
0.19615882941470733	1.1380724108484273
0.19665897948974484	1.141509282002935
0.19715912956478238	1.1450125817871732
0.19765927963981988	1.1485831763403818
0.1981594297148574	1.1522219374301248
0.19865957978989493	1.15592974245229
0.19915972986493244	1.1597074744310882
0.19965987993996995	1.1635560220190564
0.20016003001500748	1.1674204204171241
0.200660180090045	1.1711755973039637
0.2011603301650825	1.17502542838957
0.20166048024012004	1.1789695467913888
0.20216063031515755	1.1830075843483103
0.20266078039019508	1.187139171620673
0.2031609304652326	1.1913639378902592
0.2036610805402701	1.1956815111602987
0.20416123061530764	1.2000915181554674
0.20466138069034515	1.2045935843218853
0.20516153076538265	1.2091873338271206
0.2056616808404202	1.2138723895601875
0.2061618309154577	1.2186483731315427
0.2066619809904952	1.2235149048730942
0.20716213106553275	1.228471603838192
0.20766228114057025	1.2335180878016332
0.2081624312156078	1.2386539732596622
0.2086625812906453	1.243878875429967
0.2091627313656828	1.2491924082516834
0.20966288144072034	1.2545941843853934
0.21016303151575785	1.260083815213123
0.21066318159079536	1.2656609108383465
0.2111633316658329	1.2713250800859832
0.2116634817408704	1.2770759305023978
0.21216363181590792	1.2829130683554018
0.21266378189094545	1.2888360986342526
0.21316393196598296	1.294844625049653
0.21366408204102047	1.3009382500337534
0.214164232116058	1.307116574740148
0.21466438219109552	1.3133791990438783
0.21516453226613305	1.3197257215414322
0.21566468234117056	1.3261557395507424
0.21616483241620807	1.3326688491111875
0.2166649824912456	1.3392646449835948
0.21716513256628311	1.3459427206502335
0.21766528264132062	1.3527026683148213
0.21816543271635816	1.3595440789025224
0.21866558279139567	1.366466542059945
0.21916573286643318	1.3734696461551454
0.2196658829414707	1.3805529782776238
0.22016603301650822	1.387716124238328
0.22066618309154573	1.394958668569651
0.22116633316658327	1.4022801945254328
0.22166648324162078	1.4096802840809577
0.2221666333166583	1.4171585179329578
0.22266678339169582	1.4247144754996086
0.22316693346673333	1.4323477349205351
0.22366708354177087	1.4400578730568065
0.22416723361680838	1.4478444654909377
0.22466738369184588	1.4557070865268882
0.22516753376688342	1.463645309190068
0.22566768384192093	1.471658705227329
0.22616783391695844	1.47974684510697
0.22666798399199597	1.4879092980187374
0.22716813406703348	1.496145631873822
0.22766828414207102	1.5044554133048604
0.22816843421710853	1.512838207665936
0.22866858429214604	1.521293579032578
0.22916873436718357	1.5298210902017624
0.22966888444222108	1.5384203026919092
0.2301690345172586	1.5470907767428865
0.23066918459229613	1.5558320713160072
0.23116933466733364	1.564643744094031
0.23166948474237115	1.5735253514811625
0.23216963481740868	1.582476448603053
0.2326697848924462	1.5914965893067992
0.2331699349674837	1.6005853261609448
0.23367008504252124	1.6097422104554797
0.23417023511755874	1.6189667922018371
0.23467038519259628	1.6282586201329015
0.2351705352676338	1.637617241702996
0.2356706853426713	1.6470422030878973
0.23617083541770884	1.6565330491848225
0.23667098549274634	1.6660893236124366
0.23717113556778385	1.6757105687108527
0.2376712856428214	1.6853963255416264
0.2381714357178589	1.6951461338877611
0.2386715857928964	1.704959532253706
0.23917173586793394	1.7148360578653565
0.23967188594297145	1.724775246670055
0.24017203601800896	1.7347766333365846
0.2406721860930465	1.744839751255184
0.241172336168084	1.7549641325375283
0.24167248624312154	1.7651493080167442
0.24217263631815905	1.775394807247402
0.24267278639319656	1.7857001585055192
0.2431729364682341	1.7960648887885606
0.2436730865432716	1.8064885238154331
0.24417323661830911	1.816970588026492
0.24467338669334665	1.82751060458354
0.24517353676838416	1.8381080953698228
0.24567368684342167	1.8487625809900332
0.2461738369184592	1.8594735807703127
0.2466739869934967	1.8702406127582438
0.24717413706853425	1.8810631937228597
0.24767428714357176	1.8919408391546353
0.24817443721860927	1.9028730632654955
0.2486745872936468	1.9138593789888099
0.2491747373686843	1.9248992979793915
0.24967488744372182	1.9359923306135027
0.25017503751875936	1.9471379859888513
0.25067518759379687	1.958335771924588
0.2511753376688344	1.9695851949613146
0.2516754877438719	1.980885760361074
0.25217563781890945	1.992236972107361
0.25267578789394696	2.0036383329051075
0.25317593796898447	2.0150893441807
0.253676088044022	2.0265895060819665
0.2541762381190595	2.038138317478182
0.254676388194097	2.049735275960068
0.25517653826913456	2.061379877839793
0.25567668834417207	2.073071618150968
0.2561768384192096	2.0848099906486524
0.2566769884942471	2.096594487809351
0.2571771385692846	2.108424600831016
0.25767728864432216	2.120299819633045
0.25817743871935966	2.132219632856279
0.2586775887943972	2.144183527863009
0.2591777388694347	2.1561909907369676
0.2596778889444722	2.1682415062833384
0.2601780390195097	2.1803345580287474
0.26067818909454726	2.1924696282212697
0.2611783391695848	2.20464619783042
0.2616784892446223	2.2168637465471663
0.2621786393196598	2.2291217527839193
0.2626787893946973	2.241419693674536
0.26317893946973486	2.2537570450743205
0.26367908954477237	2.26613328156002
0.2641792396198099	2.2785478764298297
0.2646793896948474	2.291000301703391
0.2651795397698849	2.303490028121793
0.2656796898449224	2.3160165251475653
0.26617983991995997	2.3285792609646903
0.2666799899949975	2.3411777024785905
0.267180140070035	2.353811315316137
0.2676802901450725	2.366479563825648
0.26818044022011	2.379181911076887
0.2686805902951475	2.3919178188610606
0.2691807403701851	2.4046867476908274
0.2696808904452226	2.417488156800285
0.2701810405202601	2.430321504144982
0.2706811905952976	2.443186246401911
0.2711813406703351	2.4560818389695114
0.2716814907453727	2.4690077359676703
0.2721816408204102	2.4819633902377145
0.2726817908954477	2.494948253342422
0.2731819409704852	2.5079617755660184
0.2736820910455227	2.52100340591417
0.2741822411205602	2.534072592113994
0.2746823911955978	2.5471687806140517
0.2751825412706353	2.5602914165843464
0.2756826913456728	2.5734399439163345
0.2761828414207103	2.5866138052229135
0.2766829914957478	2.599812441838429
0.2771831415707854	2.613035293818673
0.2776832916458229	2.6262817999408803
0.2781834417208604	2.6395513977037353
0.2786835917958979	2.6528435233273653
0.2791837418709354	2.6661576117533476
0.27968389194597293	2.6794930966447015
0.2801840420210105	2.6928494103858966
0.280684192096048	2.7062259840828427
0.2811843421710855	2.7196222475628993
0.281684492246123	2.7330376293748726
0.28218464232116053	2.746471556789013
0.2826847923961981	2.7599234557970185
0.2831849424712356	2.7733927511120307
0.2836850925462731	2.7868788661686383
0.2841852426213106	2.800381223122877
0.2846853926963481	2.8138992428522274
0.28518554277138564	2.8274323449556165
0.2856856928464232	2.84097994775342
0.2861858429214607	2.8545414682874517
0.2866859929964982	2.868116322320979
0.2871861430715357	2.8817039243387153
0.28768629314657324	2.8953036875468126
0.2881864432216108	2.908915023872879
0.2886865932966483	2.9225373439659603
0.2891867433716858	2.93617005719655
0.2896868934467233	2.949812571656592
0.29018704352176083	2.9634642941594738
0.29068719359679834	2.9771246302400245
0.2911873436718359	2.9907929841545293
0.2916874937468734	3.004468758880707
0.2921876438219109	3.0181513561177304
0.29268779389694843	3.0318401762862166
0.29318794397198594	3.0455346185282295
0.29368809404702345	3.0592340807072764
0.294188244122061	3.0729379594083146
0.2946883941970985	3.086645649937742
0.29518854427213603	3.100356546323407
0.29568869434717354	3.114070041314603
0.29618884442221105	3.127785526382068
0.2966889944972486	3.1415023917179905
0.2971891445722861	3.1552200262359933
0.29768929464732363	3.1689378175711607
0.29818944472236114	3.182655152080012
0.29868959479739865	3.196371414840518
0.29918974487243616	3.2100859896520926
0.2996898949474737	3.223798259035598
0.30019004502251123	3.2375378755845894
0.30069019509754874	3.251320265251971
0.30119034517258625	3.2651056736387254
0.30169049524762376	3.2788937859342164
0.3021906453226613	3.2926842892374633
0.30269079539769883	3.306476872557136
0.30319094547273634	3.3202712268115615
0.30369109554777385	3.3340670448287195
0.30419124562281136	3.3478640213462447
0.30469139569784887	3.3616618530114235
0.30519154577288643	3.375460238381202
0.30569169584792394	3.3892588779221686
0.30619184592296145	3.403057474010578
0.30669199599799896	3.416855730932332
0.30719214607303647	3.430653354882988
0.30769229614807403	3.44445005396776
0.30819244622311154	3.4582455382015085
0.30869259629814905	3.472039519508755
0.30919274637318656	3.485831711723671
0.30969289644822406	3.4996218305900855
0.3101930465232616	3.5134095937614793
0.31069319659829914	3.5271947208009875
0.31119334667333665	3.5409769331813967
0.31169349674837415	3.5547559542851515
0.31219364682341166	3.568531509404345
0.3126937968984492	3.582303325740731
0.3131939469734867	3.5960711324057133
0.31369409704852425	3.609834660420351
0.31419424712356175	3.623593642715353
0.31469439719859926	3.637347814131087
0.31519454727363677	3.651096911417574
0.3156946973486743	3.664840673234488
0.31619484742371184	3.678578840151156
0.31669499749874935	3.6923111546465583
0.31719514757378686	3.7060373611093334
0.31769529764882437	3.7197572058377673
0.3181954477238619	3.733470437039807
0.3186955977988994	3.747176804833048
0.31919574787393695	3.760876061244743
0.31969589794897446	3.7745679602117943
0.32019604802401197	3.7882522575807642
0.3206961980990495	3.8019287111078635
0.321196348174087	3.81559708045896
0.32169649824912455	3.829257127209575
0.32219664832416206	3.842908614844884
0.32269679839919957	3.8565513087597125
0.3231969484742371	3.870184976258545
0.3236970985492746	3.883809386555518
0.3241972486243121	3.8974243107744226
0.32469739869934966	3.9110295219487043
0.32519754877438717	3.9246247950214577
0.3256976988494247	3.9382099068454375
0.3261978489244622	3.9517846361830484
0.3266979989994997	3.9653487637063503
0.32719814907453726	3.97890207199706
0.32769829914957477	3.992444345546542
0.3281984492246123	4.005975370755819
0.3286985992996498	4.019494935935565
0.3291987493746873	4.033002831306114
0.3296988994497248	4.0464988489974445
0.33019904952476237	4.0599827830492
0.3306991995997999	4.073454429410665
0.3311993496748374	4.0869135859407875
0.3316994997498749	4.100360052408167
0.3321996498249124	4.113793630491057
0.3326997998999499	4.127214123777362
0.3331999499749875	4.140621337764649
0.333700100050025	4.154015079860124
0.3342002501250625	4.167395159380662
0.3347004002001	4.180761387552782
0.3352005502751375	4.194113577512662
0.3357007003501751	4.207451544306136
0.3362008504252126	4.220775104888682
0.3367010005002501	4.23408407812544
0.3372011505752876	4.247378284791206
0.3377013006503251	4.26065754757042
0.3382014507253626	4.273921691057187
0.3387016008004002	4.287170541755261
0.3392017508754377	4.300403928078047
0.3397019009504752	4.313621680348607
0.3402020510255127	4.326823630799656
0.3407022011005502	4.3400096135735655
0.3412023511755878	4.353179464722362
0.3417025012506253	4.366333022207716
0.3422026513256628	4.37947012590096
0.3427028014007003	4.3925906175830844
0.3432029514757378	4.405694340944724
0.3437031015507753	4.418781141586172
0.3442032516258129	4.431850867017379
0.3447034017008504	4.4449033666579405
0.3452035517758879	4.457938491837116
0.3457037018509254	4.4709560957938095
0.3462038519259629	4.48395603367659
0.3467040020010005	4.4969381625436675
0.347204152076038	4.509902341362917
0.3477043021510755	4.522848431011858
0.348204452226113	4.535776294277674
0.3487046023011505	4.5486857958571925
0.34920475237618803	4.561576802356904
0.3497049024512256	4.5744491822929465
0.3502050525262631	4.587303212715227
0.3507052026013006	4.600138871249482
0.3512053526763381	4.612955410110263
0.35170550275137563	4.625752707148677
0.35220565282641314	4.638530641265072
0.3527058029014507	4.651289092409053
0.3532059529764882	4.664027941579468
0.3537061030515257	4.67674707082442
0.35420625312656323	4.689446363241257
0.35470640320160074	4.702125702976582
0.3552065532766383	4.714784975226244
0.3557067033516758	4.72742406623534
0.3562068534267133	4.740042863298219
0.35670700350175083	4.752641254758481
0.35720715357678834	4.765219130008975
0.35770730365182585	4.777776379491796
0.3582074537268634	4.7903128946982925
0.3587076038019009	4.802828568169058
0.35920775387693843	4.815323293493944
0.35970790395197594	4.827796965312044
0.36020805402701345	4.840249479311702
0.360708204102051	4.8526807322305165
0.3612083541770885	4.8650906218553285
0.36170850425212603	4.877479047022234
0.36220865432716354	4.889845907616576
0.36270880440220105	4.9021911045729505
0.36320895447723855	4.9145145398751975
0.3637091045522761	4.92681611655641
0.36420925462731363	4.939095738698932
0.36470940470235114	4.951353311434354
0.36520955477738865	4.963588740943517
0.36570970485242615	4.975801934456512
0.3662098549274637	4.987992800252681
0.3667100050025012	5.000161247660612
0.36721015507753874	5.012307187058147
0.36771030515257624	5.024430529872373
0.36821045522761375	5.03653118857963
0.36871060530265126	5.048609076705508
0.3692107553776888	5.060664108824843
0.36971090545272633	5.0726962005617215
0.37021105552776384	5.084705268589484
0.37071120560280135	5.096691230630715
0.37121135567783886	5.108654005457254
0.3717115057528764	5.120593512890182
0.37221165582791393	5.132509673799839
0.37271180590295144	5.144402410105809
0.37321195597798895	5.1562716447769255
0.37371210605302646	5.1681173018312725
0.37421225612806397	5.1799393063361885
0.37471240620310153	5.191737584408252
0.37521255627813904	5.203512063213297
0.37571270635317655	5.215262670966408
0.37621285642821406	5.226989336931916
0.37671300650325157	5.238691991423404
0.3772131565782891	5.250370565803703
0.37771330665332664	5.2620249924848945
0.37821345672836415	5.273655204928308
0.37871360680340166	5.285261137644524
0.37921375687843917	5.296842726193372
0.3797139069534767	5.308399907183933
0.38021405702851424	5.319932618274537
0.38071420710355175	5.331440798172759
0.38121435717858926	5.34292438663543
0.38171450725362677	5.354383324468626
0.3822146573286643	5.365817553527675
0.3827148074037018	5.377227016717157
0.38321495747873935	5.388611657990895
0.38371510755377686	5.399971422351963
0.38421525762881437	5.411306255852692
0.3847154077038519	5.4226161055946545
0.3852155577788894	5.433900919728678
0.38571570785392695	5.445160647454833
0.38621585792896446	5.456395239022446
0.38671600800400197	5.46760464573009
0.3872161580790395	5.4787888199255885
0.387716308154077	5.489947715006014
0.3882164582291145	5.501081285417691
0.38871660830415206	5.512189486656191
0.38921675837918956	5.523272275266332
0.3897169084542271	5.534329608842189
0.3902170585292646	5.545361446027081
0.3907172086043021	5.556367746513579
0.39121735867933966	5.5673484710435055
0.39171750875437716	5.5783035814079245
0.3922176588294147	5.5892330404471595
0.3927178089044522	5.600136812050778
0.3932179589794897	5.611014861157599
0.3937181090545272	5.62186715375569
0.39421825912956476	5.632693656882368
0.39471840920460227	5.6434943386242
0.3952185592796398	5.654269168117004
0.3957187093546773	5.665018115545845
0.3962188594297148	5.675741152145039
0.3967190095047523	5.686438250198153
0.39721915957978987	5.697109383038003
0.3977193096548274	5.707754525046648
0.3982194597298649	5.7183736516554085
0.3987196098049024	5.728966739344842
0.3992197598799399	5.739533765644769
0.39971990995497747	5.75007470913425
0.400220060030015	5.760592679705519
0.4007202101050525	5.771086934501509
0.40122036018009	5.781552600909712
0.4017205102551275	5.791990013602261
0.402220660330165	5.802399480143593
0.4027208104052026	5.81278128099045
0.4032209604802401	5.82313566949185
0.4037211105552776	5.833462871889127
0.4042212606303151	5.843763087315901
0.4047214107053526	5.854036487798108
0.4052215607803902	5.864283218253952
0.4057217108554277	5.874503396493956
0.4062218609304652	5.884697113220934
0.4067220110055027	5.8948644320299985
0.4072221610805402	5.905005389408557
0.4077223111555777	5.915119994736314
0.4082224612306153	5.9252082302852775
0.4087226113056528	5.935270051219743
0.4092227613806903	5.945305385596311
0.4097229114557278	5.955314134363875
0.4102230615307653	5.965296171363627
0.4107232116058029	5.975251343329058
0.4112233616808404	5.985179469885957
0.4117235117558779	5.995080343552408
0.4122236618309154	6.004953729738785
0.4127238119059529	6.0147993667477735
0.41322396198099043	6.024616965774351
0.413724112056028	6.034406210905789
0.4142242621310655	6.044166759121654
0.414724412206103	6.053898240293817
0.4152245622811405	6.063600257186448
0.41572471235617803	6.073272385456002
0.4162248624312156	6.082914173651241
0.4167250125062531	6.092525143213225
0.4172251625812906	6.102104788475303
0.4177253126563281	6.111652576663129
0.4182254627313656	6.121167947894654
0.41872561280640314	6.130650315180122
0.4192257628814407	6.1400990644220785
0.4197259129564782	6.149513554415363
0.4202260630315157	6.158893116847111
0.4207262131065532	6.1682370562967614
0.42122636318159073	6.177544650236043
0.42172651325662824	6.186815149028989
0.4222266633316658	6.196047775931926
0.4227268134067033	6.20524172709348
0.4232269634817408	6.214396171554567
0.42372711355677833	6.223510251248412
0.42422726363181584	6.232583081000525
0.4247274137068534	6.241613748528728
0.4252275637818909	6.250573598643571
0.4257277138569284	6.259456652677708
0.42622786393196593	6.268295927219426
0.42672801400700344	6.277088235883469
0.42722816408204095	6.2858299420690615
0.4277283141570785	6.294516958959909
0.428228464232116	6.303144749524175
0.42872861430715353	6.311708326514512
0.42922876438219104	6.3202022524680395
0.42972891445722855	6.328620639706352
0.4302290645322661	6.336957150335522
0.4307292146073036	6.345204996246088
0.43122936468234113	6.353356939113069
0.43172951475737864	6.361405290395957
0.43222966483241615	6.369341911338718
0.43272981490745366	6.377158212969784
0.4332299649824912	6.384845156102079
0.43373011505752873	6.392393251332977
0.43423026513256624	6.399792559044353
0.43473041520760375	6.407032689402531
0.43523056528264126	6.414102802358322
0.4357307153576788	6.420991607647017
0.43623086543271633	6.427687364788365
0.43673101550775384	6.434177883086601
0.43723116558279135	6.440450521630428
0.43773131565782886	6.446492189293025
0.43823146573286637	6.452289344732045
0.43873161580790393	6.45782799638962
0.43923176588294144	6.463093702492346
0.43973191595797895	6.468071571051296
0.44023206603301646	6.472746259862028
0.44073221610805396	6.477101976504557
0.4412323661830915	6.481122478343385
0.44173251625812904	6.484791072527481
0.44223266633316655	6.488090615990294
0.44273281640820406	6.491003515449735
0.44323296648324156	6.493511727408204
0.4437331165582791	6.495596758152569
0.44423326663331664	6.497239663754166
0.44473341670835415	6.498421050068817
0.44523356678339165	6.4991210727368
0.44573371685842916	6.499319437182893
0.44623386693346667	6.498995398616324
0.4467340170085042	6.4981277620308076
0.44723416708354174	6.496694882204526
0.44773431715857925	6.4946746637001445
0.44823446723361676	6.49204456086479
0.44873461730865427	6.488781577830072
0.4492347673836918	6.4848622685120745
0.44973491745872934	6.480262736611351
0.45023506753376685	6.475055139562478
0.45073521760880436	6.46928102450425
0.45123536768384187	6.4628490599180095
0.4517355177588794	6.455757905882154
0.4522356678339169	6.4480074123300675
0.45273581790895445	6.439598619050132
0.45323596798399196	6.430533755685716
0.45373611805902947	6.420816241735187
0.454236268134067	6.410450686551892
0.4547364182091045	6.399442889344181
0.45523656828414205	6.387799839175391
0.45573671835917956	6.375529714963854
0.45623686843421707	6.362641885482892
0.4567370185092546	6.349146909360812
0.4572371685842921	6.335056535080929
0.4577373186593296	6.320383700981529
0.45823746873436716	6.305142535255905
0.45873761880940467	6.289348355952337
0.4592377688844422	6.273017670974098
0.4597379189594797	6.256168178079453
0.4602380690345172	6.238818764881655
0.4607382191095547	6.220989508848953
0.46123836918459227	6.202701677304578
0.4617385192596298	6.1839777274267735
0.4622386693346673	6.164841306248753
0.4627388194097048	6.145303666729835
0.4632389694847423	6.125370626605351
0.46373911955977987	6.105070327696219
0.4642392696348174	6.084421806591317
0.4647394197098549	6.063443539037875
0.4652395697848924	6.042153439941493
0.4657397198599299	6.020568863366144
0.4662398699349674	5.998706602534166
0.466740020010005	5.976582889826268
0.4672401700850425	5.954213396781531
0.46774032016008	5.931613234097399
0.4682404702351175	5.908796951629691
0.468740620310155	5.885778538392588
0.4692407703851926	5.862571422558642
0.4697409204602301	5.83918847145878
0.4702410705352676	5.815641991582292
0.4707412206103051	5.791943728576835
0.4712413706853426	5.768104867248441
0.4717415207603801	5.744136031561505
0.4722416708354177	5.720047284638793
0.4727418209104552	5.695848128761445
0.4732419709854927	5.67154750536896
0.4737421210605302	5.647153795059217
0.4742422711355677	5.622674817588455
0.4747424212106053	5.598117831871281
0.4752425712856428	5.573477758273831
0.4757427213606803	5.548768423686783
0.4762428714357178	5.5240103468599075
0.4767430215107553	5.499207367009623
0.4772431715857928	5.474363231594816
0.4777433216608304	5.449481596316833
0.4782434717358679	5.424566025119491
0.4787436218109054	5.39961999018907
0.4792437718859429	5.374646871954313
0.4797439219609804	5.349649959086428
0.48024407203601793	5.324632448499085
0.4807442221110555	5.299597445348424
0.481244372186093	5.274547963033053
0.4817445222611305	5.249486923194035
0.482244672336168	5.224417155714904
0.48274482241120553	5.199341398721654
0.4832449724862431	5.174262298582749
0.4837451225612806	5.14918240990912
0.4842452726363181	5.124104195554155
0.4847454227113556	5.09903002661371
0.48524557278639313	5.073962182426107
0.48574572286143064	5.048902850572134
0.4862458729364682	5.023854126875035
0.4867460230115057	4.998818015400535
0.4872461730865432	4.97379642845681
0.48774632316158073	4.948791186594504
0.48824647323661824	4.923804018606729
0.4887466233116558	4.898836561529058
0.4892467733866933	4.873890360639536
0.4897469234617308	4.848966869458663
0.49024707353676833	4.824067449749408
0.49074722361180584	4.799193371517204
0.49124737368684335	4.774345813009955
0.4917475237618809	4.74952586071802
0.4922476738369184	4.724734509374228
0.49274782391195593	4.699972661953873
0.49324797398699344	4.675241129674713
0.49374812406203095	4.650540631996973
0.4942482741370685	4.625871796623335
0.494748424212106	4.601235159498957
0.49524857428714353	4.576631164811454
0.49574872436218104	4.55206016499091
0.49624887443721855	4.527522420709867
0.49674902451225605	4.5030181008833425
0.4972491745872936	4.4785472826688055
0.4977493246623311	4.454109951466205
0.49824947473736864	4.429706000917943
0.49874962481240614	4.405335232908893
0.49924977488744365	4.380997357566385
0.4997499249624812	4.356691993260223
0.5002500750375187	4.332429704202857
0.5007502251125562	4.308216079826084
0.5012503751875937	4.284043885900944
0.5017505252626313	4.259913626271746
0.5022506753376688	4.235825808113388
0.5027508254127063	4.2117809419313295
0.5032509754877438	4.187779541561641
0.5037511255627813	4.1638221241709505
0.5042512756378189	4.139909210256488
0.5047514257128564	4.116041323646065
0.5052515757878939	4.092218991498067
0.5057517258629314	4.068442744301471
0.5062518759379689	4.044713115875832
0.5067520260130065	4.021030643371295
0.507252176088044	3.99739586726859
0.5077523261630815	3.973809331379017
0.508252476238119	3.9502715828444765
0.5087526263131565	3.9267831721374375
0.509252776388194	3.9033446530609686
0.5097529264632316	3.879956582748702
0.5102530765382691	3.856619521664873
0.5107532266133066	3.833334033604294
0.5112533766883441	3.8101006856923503
0.5117535267633816	3.7869200483850314
0.5122536768384192	3.7637926954688865
0.5127538269134567	3.740719204061064
0.5132539769884942	3.717700154609303
0.5137541270635317	3.6947361308919
0.5142542771385692	3.6718277200177623
0.5147544272136068	3.648975512426361
0.5152545772886443	3.626180101887762
0.5157547273636818	3.603442085502619
0.5162548774387193	3.580762063702148
0.5167550275137568	3.5581406402481774
0.5172551775887944	3.5355784222330913
0.5177553276638318	3.513076020079881
0.5182554777388694	3.4906340475421014
0.5187556278139069	3.468253121703906
0.5192557778889444	3.4459338629800307
0.519755927963982	3.4236768951157788
0.5202560780390194	3.4014828451870622
0.520756228114057	3.3793523436003525
0.5212563781890945	3.357286024092718
0.521756528264132	3.3352845237318154
0.5222566783391696	3.313348482915868
0.522756828414207	3.2914785453737014
0.5232569784892446	3.2696753581647053
0.5237571285642821	3.2479395716788706
0.5242572786393196	3.226271839636768
0.5247574287143572	3.2046728190895384
0.5252575787893946	3.1831431704189272
0.5257577288644322	3.1616835573372413
0.5262578789394697	3.1402946468873894
0.5267580290145072	3.1189771094428616
0.5272581790895448	3.0977316187077153
0.5277583291645822	3.0765588517166123
0.5282584792396198	3.0554594888347815
0.5287586293146572	3.034434213758049
0.5292587793896948	3.013483713512811
0.5297589294647324	2.9926086784560595
0.5302590795397698	2.971809802275367
0.5307592296148074	2.951087781988879
0.5312593796898448	2.930443317945344
0.5317595297648824	2.9098771138240713
0.53225967983992	2.889389876634973
0.5327598299149574	2.86898231671854
0.533259979989995	2.848655147745836
0.5337601300650324	2.828409086718526
0.53426028014007	2.808244853968838
0.5347604302151076	2.7881631731596013
0.535260580290145	2.7681647712842254
0.5357607303651826	2.748250378666692
0.53626088044022	2.7284207289615816
0.5367610305152576	2.708676559154045
0.537261180590295	2.6890186095598296
0.5377613306653326	2.6694476238252522
0.5382614807403702	2.6499643489272238
0.5387616308154076	2.6305695351732394
0.5392617808904452	2.6112639362013677
0.5397619309654826	2.592048308980273
0.5402620810405202	2.5729234138091908
0.5407622311155578	2.553890014317951
0.5412623811905952	2.534948877466966
0.5417625312656328	2.516100773547221
0.5422626813406702	2.497346476180299
0.5427628314157078	2.4786867623183544
0.5432629814907454	2.4601224122441336
0.5437631315657828	2.441654209570968
0.5442632816408204	2.423282941242759
0.5447634317158578	2.405009397534011
0.5452635817908954	2.3868343720497927
0.545763731865933	2.3687586617257694
0.5462638819409704	2.350783066828192
0.546764032016008	2.3329083909538793
0.5472641820910454	2.3151354410302516
0.547764332166083	2.297465027315297
0.5482644822411205	2.279897963397603
0.548764632316158	2.2624350661963257
0.5492647823911956	2.245077155961214
0.549764932466233	2.2278250562726027
0.5502650825412706	2.210692398509186
0.550765232616308	2.1936763995887993
0.5512653826913456	2.1767640690219068
0.5517655327663832	2.1599567705892158
0.5522656828414206	2.1432558417108054
0.5527658329164582	2.1266625934461074
0.5532659829914957	2.110178310493938
0.5537661330665332	2.0938042511924673
0.5542662831415708	2.0775416475192423
0.5547664332166082	2.0613917050911783
0.5552665832916458	2.0453556031645475
0.5557667333666833	2.0294344946350034
0.5562668834417208	2.013629506037555
0.5567670335167583	1.9979417375465893
0.5572671835917958	1.9823722629758513
0.5577673336668334	1.9669221297784611
0.5582674837418709	1.951592359046909
0.5587676338169084	1.9363839455130405
0.5592677838919459	1.921297857548082
0.5597679339669834	1.9063350371626155
0.560268084042021	1.8914964000066021
0.5607682341170585	1.8767828353693663
0.561268384192096	1.8621952061795957
0.5617685342671335	1.847734349005353
0.562268684342171	1.8334010740540607
0.5627688344172086	1.8191961651725153
0.563268984492246	1.805120379846883
0.5637691345672836	1.791174449202686
0.5642692846423211	1.7773590780048298
0.5647694347173586	1.7636749446575704
0.5652695847923962	1.7501227012045473
0.5657697348674336	1.7367029733287613
0.5662698849424712	1.723416360352576
0.5667700350175087	1.7102634352377315
0.5672701850925462	1.6972447445853274
0.5677703351675837	1.6843608086358397
0.5682704852426212	1.671612121269102
0.5687706353176588	1.658999150004323
0.5692707853926963	1.64652233600008
0.5697709354677338	1.6341820940543086
0.5702710855427713	1.6219788126043249
0.5707712356178088	1.6099128537268006
0.5712713856928464	1.5979845531377828
0.5717715357678839	1.586194220192687
0.5722716858429214	1.5745421378862883
0.5727718359179589	1.5630285628527394
0.5732719859929964	1.5516537253655505
0.573772136068034	1.5404178293376076
0.5742722861430715	1.5293210523211658
0.574772436218109	1.5183635455078364
0.5752725862931465	1.507545433728611
0.575772736368184	1.49686681545384
0.5762728864432216	1.486327762793246
0.5767730365182591	1.4759283214959222
0.5772731865932966	1.4656685109503194
0.5777733366683341	1.4555483241842675
0.5782734867433716	1.4455677278649544
0.5787736368184091	1.4357266622989444
0.5792737868934467	1.4260250414321605
0.5797739369684842	1.4164627528499012
0.5802740870435217	1.4070396577768307
0.5807742371185592	1.3977555910769757
0.5812743871935967	1.3886103612537386
0.5817745372686343	1.3796037504498815
0.5822746873436718	1.37073551444754
0.5827748374187093	1.3620053826682184
0.5832749874937468	1.3534130581727806
0.5837751375687843	1.3449582176614678
0.5842752876438219	1.3366405114738802
0.5847754377188594	1.3284595635889929
0.5852755877938969	1.3204149716251463
0.5857757378689344	1.3125063068400447
0.5862758879439719	1.3047331141307663
0.5867760380190095	1.2970949120337514
0.5872761880940469	1.2895911927248127
0.5877763381690845	1.2822214220191257
0.588276488244122	1.274985039371238
0.5887766383191595	1.2678814578750641
0.5892767883941971	1.2609100642638822
0.5897769384692345	1.2540702189103443
0.5902770885442721	1.2473612558264646
0.5907772386193096	1.2407824826636273
0.5912773886943471	1.234333180712587
0.5917775387693847	1.2280126049034592
0.5922776888444221	1.2218199838057353
0.5927778389194597	1.2157545196282662
0.5932779889944972	1.2098153882192764
0.5937781390695347	1.2040017390663573
0.5942782891445723	1.1983126952964642
0.5947784392196097	1.1927473536759252
0.5952785892946473	1.1873047846104312
0.5957787393696848	1.1819840321450443
0.5962788894447223	1.1767841139641946
0.5967790395197599	1.1717040213916747
0.5972791895947973	1.1667427193906525
0.5977793396698349	1.1618991465636566
0.5982794897448723	1.1571722151525887
0.5987796398199099	1.152560811038713
0.5992797898949475	1.148063793742666
0.5997799399699849	1.1436799964244506
0.6002800900450225	1.1394573386151046
0.6007802401200599	1.1353838313375264
0.6012803901950975	1.1314015840399037
0.6017805402701351	1.1275092372482112
0.6022806903451725	1.1237054414634466
0.6027808404202101	1.119988857161628
0.6032809904952475	1.1163581547937986
0.6037811405702851	1.1128120147860212
0.6042812906453227	1.109349127539383
0.6047814407203601	1.105968193429995
0.6052815907953977	1.1026679228089873
0.6057817408704351	1.0994470360025161
0.6062818909454727	1.0963042633117575
0.6067820410205101	1.0932383450129124
0.6072821910955477	1.090248031357202
0.6077823411705853	1.0873320825708723
0.6082824912456227	1.0844892688551906
0.6087826413206603	1.0817183703864464
0.6092827913956977	1.0790181773159542
0.6097829414707353	1.0763874897700465
0.6102830915457729	1.073825117850083
0.6107832416208103	1.0713298816324444
0.6112833916958479	1.0689006111685326
0.6117835417708853	1.0665361464847742
0.6122836918459229	1.0642353375826163
0.6127838419209605	1.06199704443853
0.6132839919959979	1.0598201370040095
0.6137841420710355	1.057703495205569
0.6142842921460729	1.055646008944749
0.6147844422211105	1.053646578098109
0.6152845922961481	1.0517041125172328
0.6157847423711855	1.0498175320287277
0.6162848924462231	1.0479857664342211
0.6167850425212605	1.0462077555103646
0.6172851925962981	1.0444824490088331
0.6177853426713356	1.0428088066563221
0.6182854927463731	1.041185798154551
0.6187856428214107	1.0396124031802616
0.6192857928964481	1.0380876113852182
0.6197859429714857	1.0366104223962065
0.6202860930465232	1.0351798458150376
0.6207862431215607	1.0337949012185421
0.6212863931965983	1.0324546181585752
0.6217865432716357	1.0311580361620138
0.6222866933466733	1.0299042047307578
0.6227868434217108	1.0286921833417293
0.6232869934967483	1.0275210414468727
0.6237871435717859	1.0263898584731561
0.6242872936468233	1.0252977238225693
0.6247874437218609	1.0242437368721244
0.6252875937968984	1.0232270069738574
0.6257877438719359	1.0222466534548253
0.6262878939469734	1.0213018056171088
0.6267880440220109	1.0203916027378104
0.6272881940970485	1.0195151940690552
0.627788344172086	1.0186717388379924
0.6282884942471235	1.0178604062467917
0.628788644322161	1.0170803754726465
0.6292887943971985	1.0163308356677727
0.6297889444722361	1.015610985959408
0.6302890945472736	1.0149200354498142
0.6307892446223111	1.0142572032162742
0.6312893946973486	1.013621718311094
0.6317895447723861	1.0130128197616028
0.6322896948474237	1.0124297565701512
0.6327898449224612	1.0118717877141128
0.6332899949974987	1.011338182145885
0.6337901450725362	1.0108282187928856
0.6342902951475737	1.010341186557557
0.6347904452226113	1.0098763843173624
0.6352905952976488	1.0094331209247889
0.6357907453726863	1.009010715207346
0.6362908954477238	1.0086084959675656
0.6367910455227613	1.008225801983001
0.6372911955977988	1.0078619820062302
0.6377913456728364	1.0075163947648524
0.6382914957478739	1.0071884089614898
0.6387916458229114	1.0068774032737873
0.6392917958979489	1.0065827663544116
0.6397919459729864	1.006303896831053
0.640292096048024	1.006040203306424
0.6407922461230615	1.0057911043582588
0.641292396198099	1.005556028539316
0.6417925462731365	1.0053344143773748
0.642292696348174	1.0051257103752385
0.6427928464232116	1.004929375010733
0.6432929964982491	1.0047448767367047
0.6437931465732866	1.0045716939810252
0.6442932966483241	1.004409315146587
0.6447934467233616	1.0042572386113062
0.6452935967983991	1.00411497272812
0.6457937468734366	1.00398203582499
0.6462938969484742	1.0038579562048995
0.6467940470235117	1.0037422721458542
0.6472941970985492	1.0036345319008824
0.6477943471735867	1.0035342936980356
0.6482944972486242	1.003441125740387
0.6487946473236618	1.0033546062060332
0.6492947973986993	1.0032743232480927
0.6497949474737368	1.003199874994707
0.6502950975487743	1.0031308695490402
0.6507952476238118	1.0030669249892783
0.6512953976988494	1.0030076693686305
0.6517955477738869	1.0029527407153291
0.6522956978489244	1.0029017870326276
0.652795847923962	1.0028544662988033
0.6532959979989994	1.0028104464671557
0.653796148074037	1.0027694054660063
0.6542962981490745	1.0027310311986992
0.654796448224112	1.0026950215436032
0.6552965982991495	1.0026610843541064
0.655796748374187	1.0026289374586215
0.6562968984492246	1.0025983086605836
0.656797048524262	1.0025689357384504
0.6572971985992996	1.0025405664457008
0.6577973486743371	1.0025129585108385
0.6582974987493746	1.0024858796373886
0.6587976488244122	1.002459107503898
0.6592977988994496	1.0024324297639378
0.6597979489744872	1.0024056440461002
0.6602980990495247	1.0023785579540014
0.6607982491245622	1.0023509890662787
0.6612983991995998	1.0023227649365933
0.6617985492746372	1.002293723093628
0.6622986993496748	1.0022637110410888
0.6627988494247123	1.002232586257704
0.6632989994997498	1.0022002161972245
0.6637991495747874	1.0021664782884236
0.6642992996498248	1.002131259935098
0.6647994497248624	1.0020944585160656
0.6652995997998998	1.002055981385168
0.6657997498749374	1.0020157458712686
0.666299899949975	1.0019736792782539
0.6668000500250124	1.0019297188850336
0.66730020010005	1.0018838119455382
0.6678003501750874	1.0018359156887227
0.668300500250125	1.0017859973185628
0.6688006503251626	1.0017340340140584
0.6693008004002	1.0016800129292314
0.6698009504752376	1.0016239311931259
0.670301100550275	1.0015657959098088
0.6708012506253126	1.0015056241583702
0.6713014007003502	1.0014434429929213
0.6718015507753876	1.001379289442598
0.6723017008504252	1.0013132105115563
0.6728018509254626	1.0012452631789772
0.6733020010005002	1.0011755143990626
0.6738021510755378	1.001104041101037
0.6743023011505752	1.0010309301891491
0.6748024512256128	1.0009562785426689
0.6753026013006502	1.0008801930158882
0.6758027513756878	1.000802790438123
0.6763029014507252	1.0007241976137107
0.6768030515257628	1.0006445513220121
0.6773032016008004	1.0005639983174108
0.6778033516758378	1.0004826953293118
0.6783035017508754	1.000400809062143
0.6788036518259128	1.0003185161953558
0.6793038019009504	1.0002360033834234
0.679803951975988	1.0001534672558414
0.6803041020510254	1.0000711144171288
0.680804252126063	0.9999891614468259
0.6813044022011004	0.9999078348994975
0.681804552276138	0.9998273713047289
0.6823047023511756	0.999748017167129
0.682804852426213	0.9996700289663296
0.6833050025012506	0.9995936731569843
0.683805152576288	0.9995192261687695
0.6843053026513256	0.9994469744063851
0.6848054527263631	0.9993772142495517
0.6853056028014006	0.999310252053015
0.6858057528764382	0.99924640414654
0.6863059029514756	0.9991859968349173
0.6868060530265132	0.999129366397959
0.6873062031015507	0.9990768590904989
0.6878063531765882	0.9990288311423948
0.6883065032516258	0.998985648758526
0.6888066533266632	0.9989476881187951
0.6893068034017008	0.998915335378127
0.6898069534767383	0.9988889866664682
0.6903071035517758	0.9988690480887901
0.6908072536268134	0.9988559357250847
0.6913074037018508	0.9988500756303669
0.6918075537768884	0.9988519038346749
0.6923077038519259	0.9988618663430687
0.6928078539269634	0.9988804191356314
0.693308004002001	0.9989080281674684
0.6938081540770384	0.9989451693687077
0.694308304152076	0.9989923286444999
0.6948084542271135	0.9990500018750187
0.695308604302151	0.9991186949154591
0.6958087543771885	0.9991989235960401
0.696308904452226	0.999291213722002
0.6968090545272636	0.9993961010736089
0.6973092046023011	0.9995141314061466
0.6978093546773386	0.999645860449924
0.6983095047523761	0.999791853910272
0.6988096548274136	0.9999526874675446
0.6993098049024512	1.000128946777118
0.6998099549774887	1.0003212274693911
0.7003101050525262	1.0003684136738331
0.7008102551275637	1.0003527228740852
0.7013104052026012	1.0003374819977164
0.7018105552776388	1.0003226831708372
0.7023107053526763	1.0003083185838517
0.7028108554277138	1.0002943804914575
0.7033110055027513	1.0002808612126453
0.7038111555777888	1.0002677531306976
0.7043113056528263	1.000255048693193
0.7048114557278639	1.0002427404119993
0.7053116058029014	1.0002308208632813
0.7058117558779389	1.0002192826874943
0.7063119059529764	1.0002081185893885
0.7068120560280139	1.0001973213380062
0.7073122061030515	1.000186883766683
0.707812356178089	1.0001767987730483
0.7083125062531265	1.0001670593190242
0.708812656328164	1.0001576584308263
0.7093128064032015	1.000148589198963
0.709812956478239	1.000139844778236
0.7103131065532766	1.0001314183877401
0.7108132566283141	1.0001233033108636
0.7113134067033516	1.0001154928952876
0.7118135567783891	1.0001079805529869
0.7123137068534267	1.0001007597602287
0.7128138569284642	1.0000938240575743
0.7133140070035017	1.0000871670498774
0.7138141570785392	1.0000807824062852
0.7143143071535767	1.000074663860238
0.7148144572286143	1.0000688052094695
0.7153146073036517	1.0000632003160062
0.7158147573786893	1.0000578431061677
0.7163149074537268	1.0000527275705684
0.7168150575287643	1.000047847764113
0.7173152076038019	1.0000431978060016
0.7178153576788393	1.0000387718797268
0.7183155077538769	1.0000345642330746
0.7188156578289144	1.0000305691781235
0.7193158079039519	1.0000267810912458
0.7198159579789895	1.0000231944131066
0.7203161080540269	1.0000198036486647
0.7208162581290645	1.000016603367172
0.721316408204102	1.000013588202173
0.7218165582791395	1.000010752851506
0.722316708354177	1.0000080920773022
0.7228168584292145	1.0000056007059854
0.7233170085042521	1.0000032736282738
0.7238171585792896	1.0000011057991778
0.7243173086543271	0.9999990922380017
0.7248174587293646	0.9999972280283423
0.7253176088044021	0.9999955083180899
0.7258177588794397	0.9999939283194283
0.7263179089544771	0.9999924833088338
0.7268180590295147	0.9999911686270762
0.7273182091045522	0.9999899796792191
0.7278183591795897	0.9999889119346177
0.7283185092546273	0.9999879609269219
0.7288186593296647	0.9999871222540745
0.7293188094047023	0.9999863915783107
0.7298189594797398	0.9999857646261598
0.7303191095547773	0.9999852371884438
0.7308192596298149	0.9999848051202777
0.7313194097048523	0.9999844643410701
0.7318195597798899	0.9999842108345225
0.7323197098549274	0.99998404064863
0.7328198599299649	0.9999839498956804
0.7333200100050025	0.9999839347522546
0.7338201600800399	0.9999839914592273
0.7343203101550775	0.9999841163217659
0.7348204602301149	0.9999843057093308
0.7353206103051525	0.9999845560556766
0.7358207603801901	0.9999848638588495
0.7363209104552275	0.99998522568119
0.7368210605302651	0.9999856381493315
0.7373212106053025	0.9999860979542009
0.7378213606803401	0.9999866018510174
0.7383215107553777	0.9999871466592949
0.7388216608304151	0.9999877292628384
0.7393218109054527	0.9999883466097478
0.7398219609804901	0.9999889957124153
0.7403221110555277	0.9999896736475269
0.7408222611305653	0.9999903775560612
0.7413224112056027	0.9999911046432899
0.7418225612806403	0.999991852178779
0.7423227113556777	0.999992617496386
0.7428228614307153	0.9999933979942633
0.7433230115057529	0.9999941911348549
0.7438231615807903	0.9999949944448988
0.7443233116558279	0.9999958055154266
0.7448234617308653	0.9999966220017618
0.7453236118059029	0.9999974416235229
0.7458237618809404	0.9999982621646193
0.7463239119559779	0.9999990814732556
0.7468240620310155	0.9999998974619284
0.7473242121060529	1.0000007081074285
0.7478243621810905	1.0000015114508383
0.748324512256128	1.0000023055975351
0.7488246623311655	1.000003088717188
0.7493248124062031	1.0000038590437599
0.7498249624812405	1.0000046148755077
0.7503251125562781	1.0000053545749796
0.7508252626313155	1.0000060765690189
0.7513254127063531	1.0000067793487601
0.7518255627813907	1.0000074614696328
0.7523257128564281	1.0000081215513588
0.7528258629314657	1.0000087582779533
0.7533260130065031	1.000009370397724
0.7538261630815407	1.0000099567232732
0.7543263131565782	1.000010516131495
0.7548264632316157	1.0000110475635775
0.7553266133066533	1.0000115500250017
0.7558267633816907	1.0000120225855416
0.7563269134567283	1.0000124643792654
0.7568270635317658	1.0000128746045323
0.7573272136068033	1.0000132525239969
0.7578273636818409	1.0000135974646058
0.7583275137568783	1.0000139088175997
0.7588276638319159	1.0000141860385108
0.7593278139069534	1.0000144286471662
0.7598279639819909	1.0000146362276858
0.7603281140570285	1.000014808428482
0.760828264132066	1.0000149449622608
0.7613284142071035	1.0000150456060213
0.761828564282141	1.0000151102010562
0.7623287143571785	1.0000151386529506
0.7628288644322161	1.0000151309315835
0.7633290145072535	1.0000150870711266
0.7638291645822911	1.0000150071700453
0.7643293146573286	1.0000148913910973
0.7648294647323661	1.0000147399613342
0.7653296148074036	1.0000145531721008
0.7658297648824411	1.0000143313790353
0.7663299149574787	1.0000140750020674
0.7668300650325162	1.0000137845254222
0.7673302151075537	1.0000134604976167
0.7678303651825912	1.0000131035314614
0.7683305152576287	1.0000127143040602
0.7688306653326663	1.0000122935568094
0.7693308154077038	1.0000118420953998
0.7698309654827413	1.000011360789814
0.7703311155577788	1.0000108505743286
0.7708312656328163	1.0000103124475128
0.7713314157078539	1.00000974747223
0.7718315657828914	1.000009156775636
0.7723317158579289	1.0000085415491793
0.7728318659329664	1.0000079030486029
0.7733320160080039	1.0000072425939417
0.7738321660830414	1.000006561569525
0.774332316158079	1.000005861423974
0.7748324662331165	1.0000051436702035
0.775332616308154	1.0000044098854222
0.7758327663831915	1.0000036617111314
0.776332916458229	1.0000029008531255
0.7768330665332666	1.0000021290814924
0.7773332166083041	1.0000013482306125
0.7778333666833416	1.0000005601991604
0.7783335167583791	0.9999997669501032
0.7788336668334166	0.9999989705107011
0.7793338169084542	0.9999981729725084
0.7798339669834917	0.9999973764913704
0.7803341170585292	0.9999965832874286
0.7808342671335667	0.9999957956451155
0.7813344172086042	0.9999950159131575
0.7818345672836418	0.9999942465045738
0.7823347173586793	0.9999934898966777
0.7828348674337168	0.9999927486310743
0.7833350175087543	0.9999920253136632
0.7838351675837918	0.9999913226146366
0.7843353176588294	0.9999906432684795
0.7848354677338668	0.999989990073971
0.7853356178089044	0.9999893658941823
0.7858357678839419	0.9999887736564789
0.7863359179589794	0.9999882163525179
0.786836068034017	0.999987697038252
0.7873362181090544	0.9999872188339246
0.787836368184092	0.9999867849240736
0.7883365182591295	0.9999863985575302
0.788836668334167	0.9999860630474178
0.7893368184092046	0.999985781771154
0.789836968484242	0.999985558170449
0.7903371185592796	0.9999853957513063
0.7908372686343171	0.999985298084023
0.7913374187093546	0.9999852688031885
0.7918375687843922	0.9999853116076859
0.7923377188594296	0.9999854302606916
0.7928378689344672	0.9999856285896755
0.7933380190095046	0.9999859104863996
0.7938381690845422	0.9999862799069196
0.7943383191595798	0.9999867408715851
0.7948384692346172	0.9999872974650376
0.7953386193096548	0.9999879538362126
0.7958387693846922	0.999988714198339
0.7963389194597298	0.9999895828289378
0.7968390695347674	0.9999905640698247
0.7973392196098048	0.9999916623271065
0.7978393696848424	0.999992882071186
0.7983395197598798	0.9999942278367565
0.7988396698349174	0.9999957042228056
0.799339819909955	0.9999973158926146
0.7998399699849924	0.9999990675737574
0.80034012006003	0.9999997811134912
0.8008402701350674	0.9999995746216059
0.801340420210105	0.9999993784162516
0.8018405702851426	0.999999192236825
0.80234072036018	0.9999990158254978
0.8028408704352176	0.9999988489272181
0.803341020510255	0.9999986912897112
0.8038411705852926	0.9999985426634789
0.80434132066033	0.9999984028017984
0.8048414707353676	0.9999982714607251
0.8053416208104052	0.9999981483990885
0.8058417708854426	0.999998033378497
0.8063419209604802	0.999997926163333
0.8068420710355176	0.9999978265207579
0.8073422211105552	0.9999977342207077
0.8078423711855928	0.9999976490358947
0.8083425212606302	0.9999975707418094
0.8088426713356678	0.9999974991167174
0.8093428214107052	0.9999974339416606
0.8098429714857428	0.9999973750004582
0.8103431215607804	0.9999973220797055
0.8108432716358178	0.9999972749687731
0.8113434217108554	0.9999972334598111
0.8118435717858928	0.999997197347742
0.8123437218609304	0.9999971664302679
0.8128438719359679	0.9999971405078657
0.8133440220110054	0.99999711938379
0.813844172086043	0.9999971028640705
0.8143443221610804	0.9999970907575138
0.814844472236118	0.9999970828757037
0.8153446223111555	0.9999970790329996
0.815844772386193	0.9999970790465376
0.8163449224612306	0.9999970827362296
0.816845072536268	0.9999970899247658
0.8173452226113056	0.9999971004376105
0.817845372686343	0.9999971141030061
0.8183455227613806	0.9999971307519709
0.8188456728364182	0.9999971502182998
0.8193458229114556	0.9999971723385636
0.8198459729864932	0.9999971969521101
0.8203461230615307	0.9999972239010634
0.8208462731365682	0.9999972530303239
0.8213464232116058	0.9999972841875688
0.8218465732866432	0.9999973172232514
0.8223467233616808	0.9999973519906012
0.8228468734367183	0.999997388345625
0.8233470235117558	0.9999974261471054
0.8238471735867933	0.9999974652566018
0.8243473236618308	0.9999975055384488
0.8248474737368684	0.99999754685976
0.8253476238119059	0.9999975890904229
0.8258477738869434	0.9999976321031028
0.8263479239619809	0.9999976757732407
0.8268480740370184	0.9999977199790548
0.827348224112056	0.99999776460154
0.8278483741870934	0.9999978095244654
0.828348524262131	0.9999978546343798
0.8288486743371685	0.9999978998206056
0.829348824412206	0.9999979449752439
0.8298489744872436	0.9999979899931708
0.830349124562281	0.9999980347720389
0.8308492746373186	0.9999980792122772
0.8313494247123561	0.9999981232170929
0.8318495747873936	0.9999981666924677
0.8323497248624312	0.9999982095471599
0.8328498749374686	0.9999982516927047
0.8333500250125062	0.9999982930434145
0.8338501750875437	0.9999983335163765
0.8343503251625812	0.9999983730314552
0.8348504752376187	0.9999984115112922
0.8353506253126562	0.9999984488813046
0.8358507753876938	0.9999984850696858
0.8363509254627313	0.9999985200074067
0.8368510755377688	0.9999985536282133
0.8373512256128063	0.9999985858686299
0.8378513756878438	0.9999986166679548
0.8383515257628814	0.9999986459682643
0.8388516758379189	0.9999986737144118
0.8393518259129564	0.9999986998540251
0.8398519759879939	0.9999987243375104
0.8403521260630314	0.9999987471180495
0.840852276138069	0.9999987681515995
0.8413524262131065	0.9999987873968967
0.841852576288144	0.9999988048154512
0.8423527263631815	0.9999988203715512
0.842852876438219	0.9999988340322599
0.8433530265132565	0.9999988457674186
0.8438531765882941	0.9999988555496442
0.8443533266633316	0.9999988633543292
0.8448534767383691	0.9999988691596442
0.8453536268134066	0.9999988729465352
0.8458537768884441	0.9999988746987248
0.8463539269634817	0.9999988744027126
0.8468540770385192	0.9999988720477739
0.8473542271135567	0.9999988676259602
0.8478543771885942	0.9999988611321008
0.8483545272636317	0.9999988525637998
0.8488546773386693	0.9999988419214396
0.8493548274137068	0.999998829208177
0.8498549774887443	0.9999988144299466
0.8503551275637818	0.9999987975954592
0.8508552776388193	0.9999987787162021
0.8513554277138569	0.9999987578064378
0.8518555777888944	0.9999987348832081
0.8523557278639319	0.9999987099663277
0.8528558779389694	0.9999986830783905
0.8533560280140069	0.9999986542447656
0.8538561780890445	0.9999986234935992
0.8543563281640819	0.9999985908558126
0.8548564782391195	0.9999985563651052
0.855356628314157	0.999998520057952
0.8558567783891945	0.999998481973604
0.8563569284642321	0.9999984421540902
0.8568570785392695	0.9999984006442144
0.8573572286143071	0.9999983574915575
0.8578573786893446	0.999998312746477
0.8583575287643821	0.999998266462107
0.8588576788394197	0.9999982186943569
0.8593578289144571	0.9999981695019137
0.8598579789894947	0.9999981189462408
0.8603581290645322	0.9999980670915778
0.8608582791395697	0.9999980140049403
0.8613584292146073	0.9999979597561207
0.8618585792896447	0.9999979044176881
0.8623587293646823	0.9999978480649883
0.8628588794397197	0.9999977907761424
0.8633590295147573	0.9999977326320484
0.8638591795897949	0.9999976737163816
0.8643593296648323	0.9999976141155926
0.8648594797398699	0.9999975539189093
0.8653596298149073	0.9999974932183359
0.8658597798899449	0.9999974321086522
0.8663599299649825	0.9999973706874153
0.8668600800400199	0.9999973090549591
0.8673602301150575	0.9999972473143921
0.8678603801900949	0.9999971855716017
0.8683605302651325	0.9999971239352498
0.86886068034017	0.9999970625167762
0.8693608304152075	0.9999970014303954
0.8698609804902451	0.9999969407931005
0.8703611305652825	0.9999968807246592
0.8708612806403201	0.9999968213476167
0.8713614307153577	0.9999967627872939
0.8718615807903951	0.9999967051717892
0.8723617308654327	0.9999966486319761
0.8728618809404701	0.9999965933015055
0.8733620310155077	0.9999965393168049
0.8738621810905451	0.9999964868170769
0.8743623311655827	0.9999964359443024
0.8748624812406203	0.9999963868432374
0.8753626313156577	0.999996339661415
0.8758627813906953	0.9999962945491437
0.8763629314657327	0.9999962516595103
0.8768630815407703	0.9999962111483767
0.8773632316158079	0.9999961731743804
0.8778633816908453	0.999996137898938
0.8783635317658829	0.9999961054862405
0.8788636818409203	0.9999960761032556
0.8793638319159579	0.9999960499197282
0.8798639819909955	0.9999960271081781
0.8803641320660329	0.9999960078439039
0.8808642821410705	0.9999959923049786
0.8813644322161079	0.9999959806722523
0.8818645822911455	0.9999959731293521
0.882364732366183	0.9999959698626802
0.8828648824412205	0.9999959710614175
0.8833650325162581	0.9999959769175188
0.8838651825912955	0.999995987625717
0.8843653326663331	0.99999600338352
0.8848654827413706	0.9999960243912146
0.8853656328164081	0.9999960508518617
0.8858657828914457	0.9999960829712992
0.8863659329664831	0.9999961209581422
0.8868660830415207	0.9999961650237815
0.8873662331165582	0.9999962153823847
0.8878663831915957	0.9999962722508957
0.8883665332666333	0.9999963358490347
0.8888666833416707	0.9999964063992989
0.8893668334167083	0.9999964841269615
0.8898669834917458	0.9999965692600722
0.8903671335667833	0.9999966620294571
0.8908672836418209	0.9999967626687183
0.8913674337168583	0.9999968714142358
0.8918675837918959	0.9999969885051643
0.8923677338669334	0.999997114183436
0.8928678839419709	0.9999972486937592
0.8933680340170084	0.9999973922836191
0.8938681840920459	0.9999975452032762
0.8943683341670835	0.9999977077057691
0.894868484242121	0.999997880046911
0.8953686343171585	0.9999980624852941
0.895868784392196	0.999998255282283
0.8963689344672335	0.999998458702023
0.8968690845422711	0.9999986730114339
0.8973692346173086	0.9999988984802112
0.8978693846923461	0.9999991353808285
0.8983695347673836	0.9999993839885347
0.8988696848424211	0.9999996445813554
0.8993698349174587	0.999999917440093
0.8998699849924962	1.0000002028483261
0.9003701350675337	1.0000000444577781
0.9008702851425712	0.9999998507788913
0.9013704352176087	0.9999996667653944
0.9018705852926462	0.9999994921718288
0.9023707353676838	0.9999993267553455
0.9028708854427213	0.9999991702757101
0.9033710355177588	0.9999990224952984
0.9038711855927963	0.9999988831790988
0.9043713356678338	0.9999987520947119
0.9048714857428714	0.9999986290123504
0.9053716358179089	0.9999985137048387
0.9058717858929464	0.999998405947613
0.9063719359679839	0.9999983055187225
0.9068720860430214	0.9999982121988278
0.907372236118059	0.9999981257712013
0.9078723861930965	0.9999980460217276
0.908372536268134	0.9999979727389037
0.9088726863431715	0.9999979057138381
0.909372836418209	0.9999978447402522
0.9098729864932465	0.9999977896144778
0.9103731365682841	0.9999977401354603
0.9108732866433216	0.9999976961047571
0.9113734367183591	0.9999976573265361
0.9118735867933966	0.9999976236075789
0.9123737368684341	0.9999975947572779
0.9128738869434716	0.9999975705876386
0.9133740370185092	0.9999975509132781
0.9138741870935467	0.9999975355514255
0.9143743371685842	0.9999975243219215
0.9148744872436217	0.9999975170472186
0.9153746373186592	0.9999975135523833
0.9158747873936968	0.9999975136650916
0.9163749374687343	0.9999975172156338
0.9168750875437718	0.9999975240369102
0.9173752376188093	0.9999975339644346
0.9178753876938468	0.9999975468363318
0.9183755377688844	0.9999975624933399
0.9188756878439219	0.9999975807788077
0.9193758379189594	0.9999976015386963
0.919875987993997	0.9999976246215798
0.9203761380690344	0.9999976498786429
0.920876288144072	0.9999976771636837
0.9213764382191094	0.9999977063331112
0.921876588294147	0.9999977372459476
0.9223767383691845	0.9999977697638258
0.922876888444222	0.9999978037509918
0.9233770385192596	0.999997839074303
0.923877188594297	0.999997875603229
0.9243773386693346	0.9999979132098517
0.9248774887443721	0.9999979517688644
0.9253776388194096	0.9999979911575735
0.9258777888944472	0.999998031255896
0.9263779389694846	0.9999980719463624
0.9268780890445222	0.999998113114114
0.9273782391195597	0.9999981546469049
0.9278783891945972	0.9999981964351006
0.9283785392696348	0.9999982383716798
0.9288786893446722	0.9999982803522319
0.9293788394197098	0.9999983222749587
0.9298789894947473	0.9999983640406748
0.9303791395697848	0.9999984055528058
0.9308792896448224	0.9999984467173895
0.9313794397198598	0.9999984874430765
0.9318795897948974	0.999998527641129
0.9323797398699348	0.9999985672254207
0.9328798899449724	0.999998606112438
0.93338004002001	0.9999986442212792
0.9338801900950474	0.9999986814736542
0.934380340170085	0.9999987177938859
0.9348804902451224	0.9999987531089077
0.93538064032016	0.9999987873482671
0.9358807903951976	0.9999988204441213
0.936380940470235	0.9999988523312416
0.9368810905452726	0.9999988829470094
0.93738124062031	0.9999989122314201
0.9378813906953476	0.9999989401270801
0.9383815407703852	0.9999989665792071
0.9388816908454226	0.9999989915356324
0.9393818409204602	0.9999990149467983
0.9398819909954976	0.99999903676576
0.9403821410705352	0.9999990569481827
0.9408822911455726	0.9999990754523466
0.9413824412206102	0.9999990922391413
0.9418825912956478	0.99999910727207
0.9423827413706852	0.9999991205172475
0.9428828914457228	0.9999991319434003
0.9433830415207602	0.9999991415218675
0.9438831915957978	0.9999991492265997
0.9443833416708354	0.9999991550341599
0.9448834917458728	0.9999991589237227
0.9453836418209104	0.9999991608770756
0.9458837918959478	0.9999991608786172
0.9463839419709854	0.9999991589153581
0.946884092046023	0.9999991549769219
0.9473842421210604	0.9999991490555437
0.947884392196098	0.9999991411460705
0.9483845422711354	0.9999991312459606
0.948884692346173	0.999999119355286
0.9493848424212106	0.9999991054767299
0.949884992496248	0.999999089615587
0.9503851425712856	0.9999990717797642
0.950885292646323	0.9999990519797821
0.9513854427213606	0.9999990302287709
0.9518855927963981	0.999999006542474
0.9523857428714356	0.9999989809392471
0.9528858929464732	0.9999989534400574
0.9533860430215106	0.9999989240684842
0.9538861930965482	0.999998892850719
0.9543863431715857	0.9999988598155654
0.9548864932466232	0.9999988249944384
0.9553866433216608	0.9999987884213662
0.9558867933966982	0.9999987501329878
0.9563869434717358	0.9999987101685551
0.9568870935467733	0.9999986685699318
0.9573872436218108	0.9999986253815932
0.9578873936968484	0.9999985806506271
0.9583875437718858	0.999998534426733
0.9588876938469234	0.9999984867622228
0.9593878439219609	0.9999984377120205
0.9598879939969984	0.9999983873336621
0.9603881440720359	0.9999983356872942
0.9608882941470734	0.9999982828356779
0.961388444222111	0.9999982288441842
0.9618885942971485	0.999998173780798
0.962388744372186	0.9999981177161146
0.9628888944472235	0.9999980607233414
0.963389044522261	0.9999980028782995
0.9638891945972986	0.9999979442594201
0.9643893446723361	0.999997884947748
0.9648894947473736	0.9999978250269381
0.9653896448224111	0.9999977645832602
0.9658897948974486	0.9999977037055928
0.9663899449724862	0.9999976424854291
0.9668900950475237	0.999997581016873
0.9673902451225612	0.9999975193966406
0.9678903951975987	0.9999974577240603
0.9683905452726362	0.9999973961010722
0.9688906953476738	0.9999973346322291
0.9693908454227113	0.9999972734246949
0.9698909954977488	0.9999972125882465
0.9703911455727863	0.9999971522352715
0.9708912956478238	0.999997092480771
0.9713914457228613	0.9999970334423566
0.9718915957978989	0.9999969752402539
0.9723917458729364	0.9999969179972991
0.9728918959479739	0.9999968618389403
0.9733920460230114	0.9999968068932384
0.9738921960980489	0.9999967532908661
0.9743923461730865	0.9999967011651081
0.974892496248124	0.9999966506518609
0.9753926463231615	0.9999966018896334
0.975892796398199	0.9999965550195462
0.9763929464732365	0.999996510185332
0.976893096548274	0.9999964675333354
0.9773932466233116	0.9999964272125135
0.9778933966983491	0.9999963893744354
0.9783935467733866	0.9999963541732813
0.9788936968484241	0.9999963217658449
0.9793938469234617	0.9999962923115303
0.9798939969984992	0.9999962659723556
0.9803941470735367	0.9999962429129486
0.9808942971485742	0.9999962233005513
0.9813944472236117	0.9999962073050159
0.9818945972986493	0.9999961950988085
0.9823947473736867	0.9999961868570053
0.9828948974487243	0.9999961827572958
0.9833950475237618	0.9999961829799816
0.9838951975987993	0.999996187707975
0.9843953476738369	0.9999961971268019
0.9848954977488743	0.9999962114245995
0.9853956478239119	0.999996230792117
0.9858957978989494	0.9999962554227158
0.9863959479739869	0.9999962855123692
0.9868960980490245	0.9999963212596623
0.9873962481240619	0.9999963628657932
0.9878963981990995	0.9999964105345708
0.988396548274137	0.9999964644724167
0.9888966983491745	0.9999965248883647
0.989396848424212	0.99999659199406
0.9898969984992495	0.9999966660037601
0.9903971485742871	0.999996747134335
0.9908972986493245	0.999996835605266
0.9913974487243621	0.9999969316386467
0.9918975987993996	0.9999970354591828
0.9923977488744371	0.9999971472941926
0.9928978989494747	0.9999972673736052
0.9933980490245121	0.9999973959299627
0.9938981990995497	0.9999975331984184
0.9943983491745872	0.999997679416739
0.9948984992496247	0.9999978348253018
0.9953986493246623	0.9999979996670967
0.9958987993996997	0.9999981741877254
0.9963989494747373	0.9999983586354027
0.9968990995497748	0.9999985532609533
0.9973992496248123	0.9999987583178166
0.9978993996998499	0.9999989740620415
0.9983995497748873	0.9999992007522909
0.9988996998499249	0.9999994386498386
0.9993998499249624	0.9999996880185706
0.9999	0.9999999491249856
