0.0001	0.9999999999999971
0.0006001500750375188	0.9999999999999971
0.0011003001500750375	0.9999999999999972
0.0016004502251125562	0.9999999999999972
0.0021006003001500747	0.9999999999999972
0.0026007503751875934	0.9999999999999972
0.003100900450225112	0.9999999999999972
0.003601050525262631	0.9999999999999972
0.00410120060030015	0.9999999999999974
0.004601350675337669	0.9999999999999974
0.0051015007503751875	0.9999999999999974
0.005601650825412706	0.9999999999999974
0.006101800900450225	0.9999999999999974
0.006601950975487744	0.9999999999999974
0.007102101050525262	0.9999999999999974
0.007602251125562781	0.9999999999999976
0.008102401200600299	0.9999999999999976
0.008602551275637818	0.9999999999999976
0.009102701350675337	0.9999999999999976
0.009602851425712855	0.9999999999999976
0.010103001500750374	0.9999999999999976
0.010603151575787893	0.9999999999999976
0.01110330165082541	0.9999999999999978
0.01160345172586293	0.9999999999999978
0.012103601800900449	0.9999999999999978
0.012603751875937968	0.9999999999999978
0.013103901950975487	0.9999999999999978
0.013604052026013004	0.9999999999999978
0.014104202101050524	0.9999999999999978
0.014604352176088043	0.9999999999999979
0.01510450225112556	0.9999999999999979
0.01560465232616308	0.9999999999999979
0.0161048024012006	0.9999999999999979
0.016604952476238118	0.9999999999999979
0.017105102551275637	0.9999999999999979
0.017605252626313156	0.9999999999999979
0.018105402701350675	0.9999999999999979
0.01860555277638819	0.9999999999999979
0.01910570285142571	0.999999999999998
0.01960585292646323	0.999999999999998
0.020106003001500748	0.999999999999998
0.020606153076538267	0.999999999999998
0.021106303151575787	0.999999999999998
0.021606453226613306	0.999999999999998
0.02210660330165082	0.999999999999998
0.02260675337668834	0.999999999999998
0.02310690345172586	0.999999999999998
0.02360705352676338	0.999999999999998
0.024107203601800898	0.9999999999999982
0.024607353676838417	0.9999999999999982
0.025107503751875936	0.9999999999999982
0.025607653826913455	0.9999999999999982
0.026107803901950975	0.9999999999999982
0.02660795397698849	0.9999999999999982
0.02710810405202601	0.9999999999999982
0.02760825412706353	0.9999999999999982
0.028108404202101048	0.9999999999999982
0.028608554277138567	0.9999999999999982
0.029108704352176086	0.9999999999999982
0.029608854427213605	0.9999999999999982
0.03010900450225112	0.9999999999999983
0.03060915457728864	0.9999999999999983
0.03110930465232616	0.9999999999999983
0.031609454727363685	0.9999999999999983
0.0321096048024012	0.9999999999999983
0.03260975487743872	0.9999999999999983
0.03310990495247624	0.9999999999999983
0.033610055027513755	0.9999999999999983
0.03411020510255128	0.9999999999999983
0.03461035517758879	0.9999999999999983
0.035110505252626316	0.9999999999999983
0.03561065532766383	0.9999999999999983
0.036110805402701354	0.9999999999999983
0.03661095547773887	0.9999999999999983
0.037111105552776386	0.9999999999999983
0.03761125562781391	0.9999999999999983
0.038111405702851424	0.9999999999999983
0.038611555777888946	0.9999999999999983
0.03911170585292646	0.9999999999999983
0.039611855927963985	0.9999999999999986
0.0401120060030015	0.9999999999999986
0.040612156078039016	0.9999999999999986
0.04111230615307654	0.9999999999999986
0.041612456228114054	0.9999999999999986
0.04211260630315158	0.9999999999999986
0.04261275637818909	0.9999999999999986
0.043112906453226615	0.9999999999999986
0.04361305652826413	0.9999999999999986
0.04411320660330165	0.9999999999999986
0.04461335667833917	0.9999999999999986
0.045113506753376685	0.9999999999999986
0.04561365682841421	0.9999999999999986
0.04611380690345172	0.9999999999999986
0.046613956978489246	0.9999999999999986
0.04711410705352676	0.9999999999999986
0.047614257128564284	0.9999999999999986
0.0481144072036018	0.9999999999999986
0.048614557278639316	0.9999999999999986
0.04911470735367684	0.9999999999999986
0.049614857428714354	0.9999999999999986
0.05011500750375188	0.9999999999999986
0.05061515757878939	0.9999999999999986
0.051115307653826915	0.9999999999999986
0.05161545772886443	0.9999999999999986
0.05211560780390195	0.9999999999999986
0.05261575787893947	0.9999999999999986
0.053115907953976985	0.9999999999999986
0.05361605802901451	0.9999999999999986
0.05411620810405202	0.9999999999999986
0.054616358179089546	0.9999999999999986
0.05511650825412706	0.9999999999999986
0.055616658329164584	0.9999999999999986
0.0561168084042021	0.9999999999999986
0.056616958479239615	0.9999999999999986
0.05711710855427714	0.9999999999999986
0.057617258629314654	0.9999999999999986
0.058117408704352176	0.9999999999999986
0.05861755877938969	0.9999999999999986
0.059117708854427214	0.9999999999999986
0.05961785892946473	0.9999999999999986
0.060118009004502246	0.9999999999999986
0.06061815907953977	0.9999999999999986
0.061118309154577284	0.9999999999999983
0.06161845922961481	0.9999999999999983
0.06211860930465232	0.9999999999999983
0.06261875937968985	0.9999999999999983
0.06311890945472737	0.9999999999999983
0.06361905952976488	0.9999999999999983
0.0641192096048024	0.9999999999999983
0.06461935967983992	0.9999999999999983
0.06511950975487743	0.9999999999999983
0.06561965982991495	0.9999999999999983
0.06611980990495248	0.9999999999999983
0.06661995997999	0.9999999999999983
0.06712011005502751	0.9999999999999983
0.06762026013006503	0.9999999999999983
0.06812041020510255	0.9999999999999983
0.06862056028014006	0.9999999999999983
0.06912071035517758	0.9999999999999983
0.0696208604302151	0.9999999999999983
0.07012101050525263	0.9999999999999982
0.07062116058029014	0.9999999999999982
0.07112131065532766	0.9999999999999982
0.07162146073036518	0.9999999999999982
0.0721216108054027	0.9999999999999982
0.07262176088044021	0.9999999999999982
0.07312191095547774	0.9999999999999982
0.07362206103051526	0.9999999999999982
0.07412221110555277	0.9999999999999982
0.07462236118059029	0.9999999999999982
0.07512251125562781	0.9999999999999982
0.07562266133066534	0.9999999999999982
0.07612281140570284	0.9999999999999982
0.07662296148074037	0.999999999999998
0.07712311155577789	0.999999999999998
0.0776232616308154	0.999999999999998
0.07812341170585292	0.999999999999998
0.07862356178089044	0.999999999999998
0.07912371185592797	0.999999999999998
0.07962386193096548	0.999999999999998
0.080124012006003	0.999999999999998
0.08062416208104052	0.999999999999998
0.08112431215607803	0.999999999999998
0.08162446223111555	0.9999999999999979
0.08212461230615307	0.9999999999999979
0.0826247623811906	0.9999999999999979
0.0831249124562281	0.9999999999999979
0.08362506253126563	0.9999999999999979
0.08412521260630315	0.9999999999999979
0.08462536268134066	0.9999999999999979
0.08512551275637818	0.9999999999999979
0.0856256628314157	0.9999999999999978
0.08612581290645323	0.9999999999999978
0.08662596298149074	0.9999999999999978
0.08712611305652826	0.9999999999999978
0.08762626313156578	0.9999999999999978
0.08812641320660329	0.9999999999999978
0.08862656328164081	0.9999999999999978
0.08912671335667834	0.9999999999999978
0.08962686343171586	0.9999999999999976
0.09012701350675337	0.9999999999999976
0.09062716358179089	0.9999999999999976
0.09112731365682841	0.9999999999999976
0.09162746373186594	0.9999999999999976
0.09212761380690344	0.9999999999999976
0.09262776388194097	0.9999999999999976
0.09312791395697849	0.9999999999999974
0.093628064032016	0.9999999999999974
0.09412821410705352	0.9999999999999974
0.09462836418209104	0.9999999999999974
0.09512851425712857	0.9999999999999974
0.09562866433216607	0.9999999999999974
0.0961288144072036	0.9999999999999972
0.09662896448224112	0.9999999999999972
0.09712911455727863	0.9999999999999972
0.09762926463231615	0.9999999999999972
0.09812941470735367	0.9999999999999972
0.0986295647823912	0.9999999999999972
0.0991297148574287	0.9999999999999971
0.09962986493246623	0.9999999999999971
0.10013001500750375	0.9944916005491939
0.10063016508254126	0.9951801136359296
0.10113031515757878	0.9958425385051286
0.1016304652326163	0.9964792996418829
0.10213061530765383	0.9970908215312853
0.10263076538269134	0.9976775286584288
0.10313091545772886	0.9982398455084064
0.10363106553276638	0.9987781965663101
0.1041312156078039	0.9992930063172326
0.10463136568284141	0.9997846992462668
0.10513151575787893	1.0002536998385056
0.10563166583291646	1.0007004325790414
0.10613181590795397	1.0011253219529666
0.10663196598299149	1.0015287924453746
0.10713211605802901	1.0019112685413578
0.10763226613306653	1.0022731747260087
0.10813241620810404	1.0026149354844198
0.10863256628314157	1.0029369753016844
0.10913271635817909	1.0032397186628945
0.1096328664332166	1.0035235900531434
0.11013301650825412	1.0037890139575234
0.11063316658329164	1.0040364148611276
0.11113331665832916	1.0042662172490482
0.11163346673336667	1.0044788456063778
0.1121336168084042	1.0046747244182095
0.11263376688344172	1.0048542781696357
0.11313391695847923	1.005017931345749
0.11363406703351675	1.0051661084316426
0.11413421710855427	1.0052992339124092
0.1146343671835918	1.0054177322731406
0.1151345172586293	1.0055220279989299
0.11563466733366683	1.0056125455748706
0.11613481740870435	1.0056897094860544
0.11663496748374186	1.005753944217574
0.11713511755877938	1.0058056742545225
0.1176352676338169	1.0058453240819925
0.11813541770885443	1.0058733181850767
0.11863556778389193	1.0058900810488673
0.11913571785892946	1.0058960371584578
0.11963586793396698	1.0058916109989402
0.12013601800900449	1.0058772270554075
0.12063616808404201	1.0058533098129523
0.12113631815907953	1.0058202837566677
0.12163646823411706	1.0057785733716456
0.12213661830915457	1.005728603142979
0.12263676838419209	1.0056707975557606
0.12313691845922961	1.005605581095084
0.12363706853426713	1.00553337824604
0.12413721860930464	1.0054546134937228
0.12463736868434216	1.0053697113232247
0.12513751875937967	1.0052790962196378
0.12563766883441718	1.0051831926680557
0.12613781890945472	1.0050824251535704
0.12663796898449223	1.004977218161275
0.12713811905952974	1.0048679961762614
0.12763826913456727	1.0047551836836235
0.12813841920960478	1.0046392051684532
0.1286385692846423	1.0045204851158436
0.12913871935967983	1.0043994480108869
0.12963886943471734	1.004276518338676
0.13013901950975484	1.0041521205843036
0.13063916958479238	1.0040266792328623
0.1311393196598299	1.0039006187694446
0.13163946973486743	1.0037743636791439
0.13213961980990493	1.0036483384470523
0.13263976988494244	1.0035229675582624
0.13313991995997998	1.0033986754978672
0.1336400700350175	1.0032758867509595
0.134140220110055	1.0031550258026314
0.13464037018509253	1.003036517137976
0.13514052026013004	1.002920785242086
0.13564067033516755	1.002808254600054
0.1361408204102051	1.002699349696973
0.1366409704852426	1.002594495017935
0.1371411205602801	1.0024941150480329
0.13764127063531764	1.0023986342723599
0.13814142071035515	1.002308477176008
0.1386415707853927	1.0022240682440702
0.1391417208604302	1.0021458319616392
0.1396418709354677	1.0020741928138077
0.14014202101050524	1.0020095752856684
0.14064217108554275	1.0019524038623138
0.14114232116058026	1.001903103028837
0.1416424712356178	1.00186209727033
0.1421426213106553	1.0018298110718862
0.1426427713856928	1.0018066689185974
0.14314292146073035	1.0017930952955572
0.14364307153576786	1.001789514687858
0.1441432216108054	1.0017963515805923
0.1446433716858429	1.0018140304588528
0.1451435217608804	1.0018429758077325
0.14564367183591795	1.0018836121123234
0.14614382191095546	1.0019363638577188
0.14664397198599297	1.0020016555290117
0.1471441220610305	1.0020799116112937
0.147644272136068	1.002171556589658
0.14814442221110552	1.0022770149491977
0.14864457228614306	1.0023967111750052
0.14914472236118057	1.002531069752173
0.14964487243621807	1.0026805151657936
0.1501450225112556	1.0028454719009603
0.15064517258629312	1.0030263644427653
0.15114532266133066	1.0032236172763016
0.15164547273636816	1.0034376548866613
0.15214562281140567	1.003668901758938
0.1526457728864432	1.0039177823782237
0.15314592296148072	1.004184721229611
0.15364607303651823	1.0044701427981935
0.15414622311155576	1.004774471569063
0.15464637318659327	1.0050981320273122
0.15514652326163078	1.0054415486580341
0.15564667333666832	1.0058051459463215
0.15614682341170583	1.0061893483772664
0.15664697348674333	1.0065945804359622
0.15714712356178087	1.0070212666075014
0.15764727363681838	1.0074698313769765
0.15814742371185592	1.0079406992294804
0.15864757378689343	1.0084342946501055
0.15914772386193093	1.0089510421239447
0.15964787393696847	1.0094913661360907
0.16014802401200598	1.010055691171636
0.1606481740870435	1.0106444417156735
0.16114832416208102	1.011258042253296
0.16164847423711853	1.011896917269596
0.16214862431215604	1.0125614912496657
0.16264877438719358	1.0132521886785983
0.1631489244622311	1.0139694340414867
0.16364907453726862	1.0147136518234232
0.16414922461230613	1.0154852665095007
0.16464937468734364	1.0162847025848116
0.16514952476238118	1.0171123845344487
0.1656496748374187	1.0179687368435046
0.1661498249124562	1.0188541839970722
0.16664997498749373	1.0197691504802446
0.16715012506253124	1.0207140607781133
0.16765027513756875	1.021689339375772
0.16815042521260629	1.022695410758313
0.1686505752876438	1.023732699410829
0.1691507253626813	1.0248016298184126
0.16965087543771884	1.0259026264661566
0.17015102551275635	1.027036113839154
0.17065117558779389	1.0282025164224964
0.1711513256628314	1.0294022587012777
0.1716514757378689	1.0306357651605904
0.17215162581290644	1.0319034602855266
0.17265177588794395	1.033205768561179
0.17315192596298146	1.034543114472641
0.173652076038019	1.035915922505005
0.1741522261130565	1.037324617143363
0.174652376188094	1.0387696228728083
0.17515252626313155	1.0402513641784337
0.17565267633816906	1.0417702655453316
0.17615282641320656	1.0433267514585947
0.1766529764882441	1.0449212464033157
0.1771531265632816	1.0465541748645875
0.17765327663831915	1.0482259613275022
0.17815342671335666	1.0499370302771531
0.17865357678839416	1.0516878061986326
0.1791537268634317	1.0534787135770338
0.1796538769384692	1.0553101768974489
0.18015402701350672	1.0571826206449704
0.18065417708854425	1.0590964693046916
0.18115432716358176	1.0610521473617047
0.18165447723861927	1.0630500793011026
0.1821546273136568	1.065090689607978
0.18265477738869432	1.0671744027674235
0.18315492746373185	1.0693016432645315
0.18365507753876936	1.0714728355843954
0.18415522761380687	1.0736884042121073
0.1846553776888444	1.07594877363276
0.18515552776388192	1.0782543683314463
0.18565567783891943	1.0806056127932588
0.18615582791395696	1.0830029315032905
0.18665597798899447	1.0854467489466335
0.18715612806403198	1.0879374896083804
0.18765627813906952	1.0904755779736248
0.18815642821410702	1.0930614385274586
0.18865657828914453	1.0956954957549747
0.18915672836418207	1.0983781741412657
0.18965687843921958	1.1011098981714242
0.19015702851425711	1.1038910923305438
0.19065717858929462	1.1067221811037158
0.19115732866433213	1.1096035889760336
0.19165747873936967	1.1125357404325902
0.19215762881440718	1.1155190599584774
0.1926577788894447	1.1185539720387885
0.19315792896448222	1.1216409011586161
0.19365807903951973	1.1247802718030528
0.19415822911455724	1.1279725084571914
0.19465837918959478	1.1312180356061246
0.19515852926463229	1.1345172777349444
0.19565867933966982	1.1378706593287446
0.19615882941470733	1.1412786048726173
0.19665897948974484	1.144741538851655
0.19715912956478238	1.1482598857509507
0.19765927963981988	1.151834070055597
0.1981594297148574	1.1554645162506865
0.19865957978989493	1.1591516488213123
0.19915972986493244	1.1628958922525663
0.19965987993996995	1.1666976710295414
0.20016003001500748	1.1709738099773654
0.200660180090045	1.1742503896845582
0.2011603301650825	1.177637710983178
0.20166048024012004	1.1811351761532842
0.20216063031515755	1.1847421874749369
0.20266078039019508	1.1884581472281956
0.2031609304652326	1.1922824576931208
0.2036610805402701	1.1962145211497717
0.20416123061530764	1.2002537398782087
0.20466138069034515	1.2043995161584906
0.20516153076538265	1.208651252270678
0.2056616808404202	1.213008350494831
0.2061618309154577	1.2174702131110084
0.2066619809904952	1.2220362423992712
0.20716213106553275	1.2267058406396787
0.20766228114057025	1.2314784101122902
0.2081624312156078	1.2363533530971664
0.2086625812906453	1.2413300718743665
0.2091627313656828	1.2464079687239504
0.20966288144072034	1.2515864459259785
0.21016303151575785	1.25686490576051
0.21066318159079536	1.2622427505076046
0.2111633316658329	1.267719382447323
0.2116634817408704	1.2732942038597237
0.21216363181590792	1.2789666170248675
0.21266378189094545	1.2847360242228145
0.21316393196598296	1.2906018277336238
0.21366408204102047	1.296563429837355
0.214164232116058	1.3026202328140692
0.21466438219109552	1.3087716389438244
0.21516453226613305	1.3150170505066823
0.21566468234117056	1.3213558697827013
0.21616483241620807	1.3277874990519418
0.2166649824912456	1.3343113405944638
0.21716513256628311	1.3409267966903269
0.21766528264132062	1.3476332696195905
0.21816543271635816	1.3544301616623153
0.21866558279139567	1.3613168750985603
0.21916573286643318	1.3682928122083855
0.2196658829414707	1.375357375271852
0.22016603301650822	1.3825099665690173
0.22066618309154573	1.3897499883799427
0.22116633316658327	1.3970768429846885
0.22166648324162078	1.404489932663313
0.2221666333166583	1.4119886596958773
0.22266678339169582	1.4195724263624407
0.22316693346673333	1.4272406349430626
0.22366708354177087	1.4349926877178039
0.22416723361680838	1.4428279869667233
0.22466738369184588	1.4507459349698812
0.22516753376688342	1.458745934007337
0.22566768384192093	1.4668273863591508
0.22616783391695844	1.4749896943053828
0.22666798399199597	1.4832322601260937
0.22716813406703348	1.4915544861013406
0.22766828414207102	1.4999557745111853
0.22816843421710853	1.5084355276356873
0.22866858429214604	1.5169931477549066
0.22916873436718357	1.525628037148902
0.22966888444222108	1.5343395980977343
0.2301690345172586	1.5431272328814634
0.23066918459229613	1.5519903437801488
0.23116933466733364	1.560928333073849
0.23166948474237115	1.5699406030426264
0.23216963481740868	1.57902655596654
0.2326697848924462	1.5881855941256482
0.2331699349674837	1.597417119800011
0.23367008504252124	1.606720535269691
0.23417023511755874	1.616095242814745
0.23467038519259628	1.6255406447152343
0.2351705352676338	1.6350561432512176
0.2356706853426713	1.6446411407027555
0.23617083541770884	1.6542950393499085
0.23667098549274634	1.6640172414727348
0.23717113556778385	1.6738071493512947
0.2376712856428214	1.6836641652656499
0.2381714357178589	1.693587691495858
0.2386715857928964	1.7035771303219787
0.23917173586793394	1.7136318840240738
0.23967188594297145	1.7237513548822012
0.24017203601800896	1.7339349451764219
0.2406721860930465	1.7441820571867956
0.241172336168084	1.7544920931933814
0.24167248624312154	1.7648644554762403
0.24217263631815905	1.7752985463154303
0.24267278639319656	1.7857937679910123
0.2431729364682341	1.796349522783047
0.2436730865432716	1.8069652129715925
0.24417323661830911	1.8176402408367098
0.24467338669334665	1.8283740086584592
0.24517353676838416	1.8391659187168987
0.24567368684342167	1.8500153732920894
0.2461738369184592	1.8609217746640907
0.2466739869934967	1.8718845251129628
0.24717413706853425	1.882903026918766
0.24767428714357176	1.893976682361559
0.24817443721860927	1.905104893721401
0.2486745872936468	1.9162870632783537
0.2491747373686843	1.9275225933124758
0.24967488744372182	1.9388108861038273
0.25017503751875936	1.950151343932469
0.25067518759379687	1.9615433690784592
0.2511753376688344	1.9729863638218588
0.2516754877438719	1.9844797304427262
0.25217563781890945	1.9960228712211237
0.25267578789394696	2.0076151884371094
0.25317593796898447	2.0192560843707423
0.253676088044022	2.0309449613020836
0.2541762381190595	2.0426812215111934
0.254676388194097	2.05446426727813
0.25517653826913456	2.066293500882955
0.25567668834417207	2.078168324605727
0.2561768384192096	2.090088140726506
0.2566769884942471	2.1020523515253524
0.2571771385692846	2.114060359282325
0.25767728864432216	2.126111566277486
0.25817743871935966	2.1382053747908922
0.2586775887943972	2.1503411871026046
0.2591777388694347	2.162518405492683
0.2596778889444722	2.1747364322411875
0.2601780390195097	2.1869946696281777
0.26067818909454726	2.1992925199337154
0.2611783391695848	2.211629385437856
0.2616784892446223	2.2240046684206627
0.2621786393196598	2.236417771162194
0.2626787893946973	2.2488680959425102
0.26317893946973486	2.261355045041673
0.26367908954477237	2.2738780207397387
0.2641792396198099	2.286436425316769
0.2646793896948474	2.2990296610528227
0.2651795397698849	2.311657130227961
0.2656796898449224	2.324318235122243
0.26617983991995997	2.3370123780157304
0.2666799899949975	2.3497389611884794
0.267180140070035	2.3624973869205514
0.2676802901450725	2.375287057492007
0.26818044022011	2.388107375182905
0.2686805902951475	2.4009577422733064
0.2691807403701851	2.4138375610432714
0.2696808904452226	2.426746233772857
0.2701810405202601	2.4396831627421256
0.2706811905952976	2.4526477502311357
0.2711813406703351	2.465639398519948
0.2716814907453727	2.478657509888624
0.2721816408204102	2.4917014866172185
0.2726817908954477	2.5047707309857956
0.2731819409704852	2.517864645274413
0.2736820910455227	2.5309826317631314
0.2741822411205602	2.544124092732011
0.2746823911955978	2.5572884304611128
0.2751825412706353	2.5704750472304934
0.2756826913456728	2.583683345320214
0.2761828414207103	2.5969127270103347
0.2766829914957478	2.6101625945809155
0.2771831415707854	2.6234323503120174
0.2776832916458229	2.6367213964836975
0.2781834417208604	2.650029135376017
0.2786835917958979	2.6633549692690357
0.2791837418709354	2.676698300442813
0.27968389194597293	2.690058531177409
0.2801840420210105	2.703435063752886
0.280684192096048	2.716827300449299
0.2811843421710855	2.7302346435467113
0.281684492246123	2.7436564953251814
0.28218464232116053	2.7570922580647688
0.2826847923961981	2.770541334045536
0.2831849424712356	2.7840031255475393
0.2836850925462731	2.7974770348508393
0.2841852426213106	2.8109624642354976
0.2846853926963481	2.824458815981573
0.28518554277138564	2.8379654923691233
0.2856856928464232	2.8514818956782135
0.2861858429214607	2.8650074281888993
0.2866859929964982	2.87854149218124
0.2871861430715357	2.8920834899352976
0.28768629314657324	2.9056328237311306
0.2881864432216108	2.9191888958488015
0.2886865932966483	2.9327511085683655
0.2891867433716858	2.9463188641698856
0.2896868934467233	2.9598915649334216
0.29018704352176083	2.9734686131390315
0.29068719359679834	2.9870494110667782
0.2911873436718359	3.0006333609967193
0.2916874937468734	3.014219865208914
0.2921876438219109	3.027808325983423
0.29268779389694843	3.041398145600306
0.29318794397198594	3.054988726339624
0.29368809404702345	3.068579470481435
0.294188244122061	3.082169780305801
0.2946883941970985	3.095759058092779
0.29518854427213603	3.1093467061224316
0.29568869434717354	3.122932126674815
0.29618884442221105	3.1365147220299936
0.2966889944972486	3.1500938944680255
0.2971891445722861	3.163669046268969
0.29768929464732363	3.1772395797128836
0.29818944472236114	3.1908048970798313
0.29868959479739865	3.204364400649871
0.29918974487243616	3.2179174927030627
0.2996898949474737	3.231463575519468
0.30019004502251123	3.2451239591284913
0.30069019509754874	3.2589421770311175
0.30119034517258625	3.2727609188896114
0.30169049524762376	3.2865799727339926
0.3021906453226613	3.300399126594287
0.30269079539769883	3.3142181685005156
0.30319094547273634	3.3280368864827024
0.30369109554777385	3.3418550685708737
0.30419124562281136	3.35567250279505
0.30469139569784887	3.3694889771852568
0.30519154577288643	3.383304279771518
0.30569169584792394	3.3971181985838554
0.30619184592296145	3.4109305216522934
0.30669199599799896	3.424741037006855
0.30719214607303647	3.4385495326775652
0.30769229614807403	3.4523557966944485
0.30819244622311154	3.4661596170875244
0.30869259629814905	3.4799607818868203
0.30919274637318656	3.493759079122357
0.30969289644822406	3.5075542968241615
0.3101930465232616	3.521346223022253
0.31069319659829914	3.53513464574666
0.31119334667333665	3.5489193530274026
0.31169349674837415	3.5627001328945047
0.31219364682341166	3.5764767733779914
0.3126937968984492	3.590249062507885
0.3131939469734867	3.6040167883142087
0.31369409704852425	3.6177797388269903
0.31419424712356175	3.631537702076247
0.31469439719859926	3.6452904660920047
0.31519454727363677	3.65903781890429
0.3156946973486743	3.6727795485431223
0.31619484742371184	3.686515443038531
0.31669499749874935	3.7002452904205323
0.31719514757378686	3.7139688787191534
0.31769529764882437	3.727685995964418
0.3181954477238619	3.74139643018635
0.3186955977988994	3.7550999694149723
0.31919574787393695	3.76879640168031
0.31969589794897446	3.7824855150123837
0.32019604802401197	3.7961670974412187
0.3206961980990495	3.8098409369968382
0.321196348174087	3.8235068217092665
0.32169649824912455	3.837164539608529
0.32219664832416206	3.850813878724645
0.32269679839919957	3.86445462708764
0.3231969484742371	3.878086572727537
0.3236970985492746	3.891709503674362
0.3241972486243121	3.9053232079581375
0.32469739869934966	3.918927473608885
0.32519754877438717	3.9325220886566306
0.3256976988494247	3.9461068411313964
0.3261978489244622	3.959681519063207
0.3266979989994997	3.973245910482085
0.32719814907453726	3.9867998034180556
0.32769829914957477	4.000342985901141
0.3281984492246123	4.013875245961364
0.3286985992996498	4.027396371628749
0.3291987493746873	4.0409061509333215
0.3296988994497248	4.054404371905102
0.33019904952476237	4.0678908225741175
0.3306991995997999	4.081365290970387
0.3311993496748374	4.094827565123938
0.3316994997498749	4.108277433064794
0.3321996498249124	4.121714682822976
0.3326997998999499	4.135139102428509
0.3331999499749875	4.148550479911418
0.333700100050025	4.161948603301725
0.3342002501250625	4.175333260629452
0.3347004002001	4.1887042399246255
0.3352005502751375	4.202061329217268
0.3357007003501751	4.215404316537405
0.3362008504252126	4.228732989915056
0.3367010005002501	4.242047137380245
0.3372011505752876	4.255346546963
0.3377013006503251	4.268631006693341
0.3382014507253626	4.281900304601292
0.3387016008004002	4.295154228716879
0.3392017508754377	4.308392567070122
0.3397019009504752	4.321615107691048
0.3402020510255127	4.334821638609677
0.3407022011005502	4.348011947856033
0.3412023511755878	4.361185823460147
0.3417025012506253	4.374343053452032
0.3422026513256628	4.387483425861718
0.3427028014007003	4.400606728719225
0.3432029514757378	4.413712750054579
0.3437031015507753	4.4268012778978045
0.3442032516258129	4.439872100278923
0.3447034017008504	4.452925005227959
0.3452035517758879	4.465959780774934
0.3457037018509254	4.478976214949874
0.3462038519259629	4.491974095782804
0.3467040020010005	4.504953211303744
0.347204152076038	4.517913349542719
0.3477043021510755	4.530854298529753
0.348204452226113	4.54377584629487
0.3487046023011505	4.556677780868092
0.34920475237618803	4.569559890279443
0.3497049024512256	4.58242196255895
0.3502050525262631	4.595272109039174
0.3507052026013006	4.6081141043086795
0.3512053526763381	4.620935702348067
0.35170550275137563	4.633736835759273
0.35220565282641314	4.646517437144245
0.3527058029014507	4.659277439104926
0.3532059529764882	4.672016774243257
0.3537061030515257	4.684735375161183
0.35420625312656323	4.697433174460647
0.35470640320160074	4.71011010474359
0.3552065532766383	4.722766098611958
0.3557067033516758	4.735401088667694
0.3562068534267133	4.748015007512738
0.35670700350175083	4.760607787749037
0.35720715357678834	4.7731793619785305
0.35770730365182585	4.785729662803164
0.3582074537268634	4.798258622824883
0.3587076038019009	4.810766174645625
0.35920775387693843	4.823252250867338
0.35970790395197594	4.835716784091961
0.36020805402701345	4.848159706921441
0.360708204102051	4.86058095195772
0.3612083541770885	4.872980451802739
0.36170850425212603	4.885358139058444
0.36220865432716354	4.8977139463267765
0.36270880440220105	4.910047806209681
0.36320895447723855	4.922359651309098
0.3637091045522761	4.934649414226976
0.36420925462731363	4.946917027565251
0.36470940470235114	4.959162423925871
0.36520955477738865	4.971385535910779
0.36570970485242615	4.983586296121914
0.3662098549274637	4.995764637161225
0.3667100050025012	5.007920491630652
0.36721015507753874	5.020053792132138
0.36771030515257624	5.0321644712676274
0.36821045522761375	5.044252461639061
0.36871060530265126	5.056317695848385
0.3692107553776888	5.068360106497543
0.36971090545272633	5.080379626188473
0.37021105552776384	5.092376187523124
0.37071120560280135	5.104349723103434
0.37121135567783886	5.11630016553135
0.3717115057528764	5.128227447408816
0.37221165582791393	5.140131501337771
0.37271180590295144	5.15201225992016
0.37321195597798895	5.163869655757928
0.37371210605302646	5.175703621453015
0.37421225612806397	5.187514089607365
0.37471240620310153	5.199300992822926
0.37521255627813904	5.2110642637016324
0.37571270635317655	5.2228038348454335
0.37621285642821406	5.234519638856272
0.37671300650325157	5.246211608336089
0.3772131565782891	5.257879675886827
0.37771330665332664	5.269523774110435
0.37821345672836415	5.28114383560885
0.37871360680340166	5.292739792984015
0.37921375687843917	5.304311578837878
0.3797139069534767	5.315859125772379
0.38021405702851424	5.327382366389461
0.38071420710355175	5.338881233291068
0.38121435717858926	5.350355659079142
0.38171450725362677	5.3618055763556285
0.3822146573286643	5.373230917722468
0.3827148074037018	5.384631615781605
0.38321495747873935	5.396007603134984
0.38371510755377686	5.407358812384546
0.38421525762881437	5.418685176132233
0.3847154077038519	5.429986626979993
0.3852155577788894	5.441263097529763
0.38571570785392695	5.452514520383492
0.38621585792896446	5.463740828143119
0.38671600800400197	5.474941953410589
0.3872161580790395	5.486117828787844
0.387716308154077	5.497268386876828
0.3882164582291145	5.508393560279485
0.38871660830415206	5.519493281597758
0.38921675837918956	5.530567483433588
0.3897169084542271	5.5416160983889196
0.3902170585292646	5.5526390590656955
0.3907172086043021	5.563636298065861
0.39121735867933966	5.574607747991356
0.39171750875437716	5.585553341444125
0.3922176588294147	5.596473011026111
0.3927178089044522	5.607366689339259
0.3932179589794897	5.61823430898551
0.3937181090545272	5.629075802566809
0.39421825912956476	5.639891102685096
0.39471840920460227	5.650680141942316
0.3952185592796398	5.6614428529404135
0.3957187093546773	5.67217916828133
0.3962188594297148	5.682889020567009
0.3967190095047523	5.693572342399392
0.39721915957978987	5.704229066380427
0.3977193096548274	5.714859125112051
0.3982194597298649	5.725462451196212
0.3987196098049024	5.736038977234852
0.3992197598799399	5.746588635829912
0.39971990995497747	5.757111359583338
0.400220060030015	5.767610374255214
0.4007202101050525	5.778086294005678
0.40122036018009	5.788535805098869
0.4017205102551275	5.798958901575617
0.402220660330165	5.809355577476742
0.4027208104052026	5.8197258268430705
0.4032209604802401	5.830069643715426
0.4037211105552776	5.84038702213464
0.4042212606303151	5.8506779561415305
0.4047214107053526	5.860942439776929
0.4052215607803902	5.871180467081657
0.4057217108554277	5.881392032096544
0.4062218609304652	5.891577128862409
0.4067220110055027	5.901735751420083
0.4072221610805402	5.911867893810388
0.4077223111555777	5.921973550074155
0.4082224612306153	5.9320527142522055
0.4087226113056528	5.942105380385364
0.4092227613806903	5.952131542514455
0.4097229114557278	5.962131194680306
0.4102230615307653	5.972104330923744
0.4107232116058029	5.982050945285595
0.4112233616808404	5.991971031806677
0.4117235117558779	6.001864584527823
0.4122236618309154	6.011731597489856
0.4127238119059529	6.021572064733601
0.41322396198099043	6.031385980299882
0.413724112056028	6.041173338229529
0.4142242621310655	6.0509341325633645
0.414724412206103	6.060668357342215
0.4152245622811405	6.070376006606902
0.41572471235617803	6.0800570743982565
0.4162248624312156	6.089711554757101
0.4167250125062531	6.099339441724262
0.4172251625812906	6.108940729340563
0.4177253126563281	6.11851541164683
0.4182254627313656	6.1280634826838885
0.41872561280640314	6.1375849364925665
0.4192257628814407	6.147079767113688
0.4197259129564782	6.156547968588077
0.4202260630315157	6.16598953495656
0.4207262131065532	6.175404460259961
0.42122636318159073	6.18479273853911
0.42172651325662824	6.194154363834825
0.4222266633316658	6.203489330187938
0.4227268134067033	6.21279763163927
0.4232269634817408	6.222079262229652
0.42372711355677833	6.231334215999903
0.42422726363181584	6.240562486990851
0.4247274137068534	6.249764069243322
0.4252275637818909	6.258939239197792
0.4257277138569284	6.268088132977249
0.42622786393196593	6.277210455449574
0.42672801400700344	6.286306221409093
0.42722816408204095	6.295375445650136
0.4277283141570785	6.304418142967032
0.428228464232116	6.313434328154103
0.42872861430715353	6.322424016005682
0.42922876438219104	6.3313872213160955
0.42972891445722855	6.34032395887967
0.4302290645322661	6.349234243490739
0.4307292146073036	6.358118089943625
0.43122936468234113	6.366975513032654
0.43172951475737864	6.37580652755216
0.43222966483241615	6.384611148296467
0.43272981490745366	6.393389390059905
0.4332299649824912	6.402141267636802
0.43373011505752873	6.410866795821482
0.43423026513256624	6.419565989408278
0.43473041520760375	6.428238863191515
0.43523056528264126	6.436885431965522
0.4357307153576788	6.4455057105246265
0.43623086543271633	6.4540997136631555
0.43673101550775384	6.462667456175439
0.43723116558279135	6.471208952855801
0.43773131565782886	6.4797242512251625
0.43823146573286637	6.488213389306118
0.43873161580790393	6.496676359904338
0.43923176588294144	6.505113186221518
0.43973191595797895	6.5135238914593545
0.44023206603301646	6.521908498819547
0.44073221610805396	6.530267031503789
0.4412323661830915	6.538599512713793
0.44173251625812904	6.546905965651239
0.44223266633316655	6.555186413517836
0.44273281640820406	6.563440879515278
0.44323296648324156	6.571669386845262
0.4437331165582791	6.579871958709486
0.44423326663331664	6.588048631242035
0.44473341670835415	6.596199420300497
0.44523356678339165	6.604324353531598
0.44573371685842916	6.6124234590861946
0.44623386693346667	6.62049676511515
0.4467340170085042	6.62854429976932
0.44723416708354174	6.636566091199577
0.44773431715857925	6.644562167556773
0.44823446723361676	6.6525325569917655
0.44873461730865427	6.660477287655415
0.4492347673836918	6.6683963876985795
0.44973491745872934	6.676289885272124
0.45023506753376685	6.684157812199512
0.45073521760880436	6.692000202105299
0.45123536768384187	6.69981708351085
0.4517355177588794	6.707608487751664
0.4522356678339169	6.715374446163231
0.45273581790895445	6.723114990081027
0.45323596798399196	6.730693635009417
0.45373611805902947	6.732458815655966
0.454236268134067	6.705527619440715
0.4547364182091045	6.678829363071501
0.45523656828414205	6.652145264103248
0.45573671835917956	6.625474698191474
0.45623686843421707	6.598817866138902
0.4567370185092546	6.572175007257487
0.4572371685842921	6.545546352067
0.4577373186593296	6.5189321378936
0.45823746873436716	6.492332602503829
0.45873761880940467	6.4657479836642375
0.4592377688844422	6.439178519141359
0.4597379189594797	6.412624452730404
0.4602380690345172	6.386086026337365
0.4607382191095547	6.359563486795448
0.46123836918459227	6.333057082976343
0.4617385192596298	6.306567063751739
0.4622386693346673	6.280093677993331
0.4627388194097048	6.2536371883880255
0.4632389694847423	6.2271978373289505
0.46373911955977987	6.200775870027263
0.4642392696348174	6.174371552907353
0.4647394197098549	6.147985152393596
0.4652395697848924	6.121616934910375
0.4657397198599299	6.095267166882076
0.4662398699349674	6.068936114733078
0.466740020010005	6.042624044887762
0.4672401700850425	6.016331223770513
0.46774032016008	5.990057917805715
0.4682404702351175	5.963804393417748
0.468740620310155	5.937570917030993
0.4692407703851926	5.911357822854818
0.4697409204602301	5.885165334924276
0.4702410705352676	5.8589937439507835
0.4707412206103051	5.832843341859458
0.4712413706853426	5.806714420575415
0.4717415207603801	5.780607272023774
0.4722416708354177	5.75452218812964
0.4727418209104552	5.728459460818141
0.4732419709854927	5.702419382014389
0.4737421210605302	5.676402243643498
0.4742422711355677	5.650408337630586
0.4747424212106053	5.624437955900766
0.4752425712856428	5.598491535121088
0.4757427213606803	5.572569318684072
0.4762428714357178	5.546671455319096
0.4767430215107553	5.520798280080793
0.4772431715857928	5.494950128023794
0.4777433216608304	5.469127334202725
0.4782434717358679	5.443330233672223
0.4787436218109054	5.417559161486916
0.4792437718859429	5.391814452701432
0.4797439219609804	5.366096442370404
0.48024407203601793	5.340405465548461
0.4807442221110555	5.314741857290231
0.481244372186093	5.28910595265035
0.4817445222611305	5.2634980866834455
0.482244672336168	5.237918594444149
0.48274482241120553	5.2123678109870895
0.4832449724862431	5.186846071366894
0.4837451225612806	5.161353710638201
0.4842452726363181	5.1358910638556345
0.4847454227113556	5.110458466073829
0.48524557278639313	5.085056252347412
0.48574572286143064	5.0596847577310164
0.4862458729364682	5.034344317279266
0.4867460230115057	5.0090352660468005
0.4872461730865432	4.983757939088246
0.48774632316158073	4.958513014378395
0.48824647323661824	4.933300865327541
0.4887466233116558	4.908121538537023
0.4892467733866933	4.88297543795279
0.4897469234617308	4.857862967520783
0.49024707353676833	4.83278453118694
0.49074722361180584	4.8077405328972045
0.49124737368684335	4.782731376597519
0.4917475237618809	4.757757466233822
0.4922476738369184	4.732819205752061
0.49274782391195593	4.707916999098177
0.49324797398699344	4.683051250218109
0.49374812406203095	4.658222363057802
0.4942482741370685	4.633430741563193
0.494748424212106	4.60867678968023
0.49524857428714353	4.5839609113548505
0.49574872436218104	4.5592835105330005
0.49624887443721855	4.5346449911606195
0.49674902451225605	4.510045757183647
0.4972491745872936	4.485486212548027
0.4977493246623311	4.460966761199705
0.49824947473736864	4.436487807084619
0.49874962481240614	4.412049754148712
0.49924977488744365	4.387653006337927
0.4997499249624812	4.363297967598201
0.5002500750375187	4.338986881981661
0.5007502251125562	4.314719774600018
0.5012503751875937	4.29049509010546
0.5017505252626313	4.266313364613139
0.5022506753376688	4.242175134238208
0.5027508254127063	4.218080935095799
0.5032509754877438	4.194031303301067
0.5037511255627813	4.170026774969148
0.5042512756378189	4.146067886215194
0.5047514257128564	4.122155173154353
0.5052515757878939	4.09828917190176
0.5057517258629314	4.074470418572571
0.5062518759379689	4.050699449281922
0.5067520260130065	4.02697680014496
0.507252176088044	4.003303007276838
0.5077523261630815	3.9796786067926906
0.508252476238119	3.9561041348076738
0.5087526263131565	3.9325801274369194
0.509252776388194	3.909107120795586
0.5097529264632316	3.8856856509988082
0.5102530765382691	3.862316254161735
0.5107532266133066	3.838999466399518
0.5112533766883441	3.8157358238272905
0.5117535267633816	3.792525862560209
0.5122536768384192	3.769370118713409
0.5127538269134567	3.7462691284020395
0.5132539769884942	3.723223427741251
0.5137541270635317	3.700233552846178
0.5142542771385692	3.6773000398319775
0.5147544272136068	3.6544234248137846
0.5152545772886443	3.631604243906747
0.5157547273636818	3.6088430332260173
0.5162548774387193	3.586140328886729
0.5167550275137568	3.563496667004039
0.5172551775887944	3.5409125836930793
0.5177553276638318	3.5183886150690094
0.5182554777388694	3.4959252972469614
0.5187556278139069	3.473523166342086
0.5192557778889444	3.451182758469534
0.519755927963982	3.4289046097444404
0.5202560780390194	3.4066892562819606
0.520756228114057	3.384537234197228
0.5212563781890945	3.362449079605395
0.521756528264132	3.3404253286216115
0.5222566783391696	3.318466517361012
0.522756828414207	3.29657318193875
0.5232569784892446	3.2747458584699647
0.5237571285642821	3.2529850830698015
0.5242572786393196	3.2312913918534156
0.5247574287143572	3.209665320935938
0.5252575787893946	3.188112016814365
0.5257577288644322	3.1666319574149107
0.5262578789394697	3.145221585955743
0.5267580290145072	3.12388165903443
0.5272581790895448	3.1026129332485226
0.5277583291645822	3.0814161651955936
0.5282584792396198	3.0602921114731925
0.5287586293146572	3.0392415286788914
0.5292587793896948	3.0182651734102435
0.5297589294647324	2.9973638022648137
0.5302590795397698	2.9765381718401698
0.5307592296148074	2.9557890387338612
0.5312593796898448	2.9351171595434624
0.5317595297648824	2.914523290866524
0.53225967983992	2.894008189300612
0.5327598299149574	2.8735726114432922
0.533259979989995	2.853217313892118
0.5337601300650324	2.8329430532446587
0.53426028014007	2.8127505860984687
0.5347604302151076	2.792640669051113
0.535260580290145	2.772614058700159
0.5357607303651826	2.7526715116431566
0.53626088044022	2.732813784477679
0.5367610305152576	2.7130416338012773
0.537261180590295	2.6933558162115228
0.5377613306653326	2.6737570883059676
0.5382614807403702	2.6542462066821786
0.5387616308154076	2.6348239279377204
0.5392617808904452	2.6154910086701473
0.5397619309654826	2.596248205477029
0.5402620810405202	2.5770962749559176
0.5407622311155578	2.55803597370438
0.5412623811905952	2.539068058319982
0.5417625312656328	2.5201932854002767
0.5422626813406702	2.501412411542834
0.5427628314157078	2.482726193345206
0.5432629814907454	2.4641353874049603
0.5437631315657828	2.445640750319661
0.5442632816408204	2.4272430386868638
0.5447634317158578	2.408943009104135
0.5452635817908954	2.3907414181690307
0.545763731865933	2.372639022479116
0.5462638819409704	2.3546365786319567
0.546764032016008	2.3367348432251056
0.5472641820910454	2.3189345728561324
0.547764332166083	2.301236524122591
0.5482644822411205	2.283641453622051
0.548764632316158	2.2661501179520656
0.5492647823911956	2.2487632737102015
0.549764932466233	2.2314816774940223
0.5502650825412706	2.214236575417065
0.550765232616308	2.1970403308576767
0.5512653826913456	2.1799689512652645
0.5517655327663832	2.1630226096836527
0.5522656828414206	2.1462014791566637
0.5527658329164582	2.1295057327281093
0.5532659829914957	2.112935543441817
0.5537661330665332	2.0964910843415994
0.5542662831415708	2.080172528471277
0.5547664332166082	2.0639800488746762
0.5552665832916458	2.0479138185956063
0.5557667333666833	2.031974010677895
0.5562668834417208	2.016160798165354
0.5567670335167583	2.000474354101811
0.5572671835917958	1.9849148515310773
0.5577673336668334	1.9694824634969754
0.5582674837418709	1.954177363043329
0.5587676338169084	1.9389997232139502
0.5592677838919459	1.9239497170526656
0.5597679339669834	1.9090275176032876
0.560268084042021	1.894233297909638
0.5607682341170585	1.8795672310155407
0.561268384192096	1.8650294899648077
0.5617685342671335	1.8506202478012654
0.562268684342171	1.8363396775687264
0.5627688344172086	1.822187952311014
0.563268984492246	1.8081652450719496
0.5637691345672836	1.794271728895347
0.5642692846423211	1.7805075768250311
0.5647694347173586	1.7668729619048154
0.5652695847923962	1.753368057178523
0.5657697348674336	1.739993035689976
0.5662698849424712	1.726748070482987
0.5667700350175087	1.7136333346013815
0.5672701850925462	1.7006490010889739
0.5677703351675837	1.6877952429895884
0.5682704852426212	1.675072233347039
0.5687706353176588	1.662480145205148
0.5692707853926963	1.6500191516077376
0.5697709354677338	1.6376894255986212
0.5702710855427713	1.6254911402216239
0.5707712356178088	1.61342446852056
0.5712713856928464	1.6014895835392509
0.5717715357678839	1.5896866583215192
0.5722716858429214	1.5780158659111783
0.5727718359179589	1.5664773793520534
0.5732719859929964	1.555071371687959
0.573772136068034	1.5437980159627156
0.5742722861430715	1.5326574852201464
0.574772436218109	1.5216499525040657
0.5752725862931465	1.5107755908582976
0.575772736368184	1.5000345733266556
0.5762728864432216	1.489427072952963
0.5767730365182591	1.4789532627810402
0.5772731865932966	1.468613315854703
0.5777733366683341	1.4584074052177747
0.5782734867433716	1.4483357039140705
0.5787736368184091	1.4383983849874138
0.5792737868934467	1.4285956214816198
0.5797739369684842	1.4189275864405098
0.5802740870435217	1.409394452907906
0.5807742371185592	1.3999963939276232
0.5812743871935967	1.3907335825434843
0.5817745372686343	1.3816061917993052
0.5822746873436718	1.3726143947389073
0.5827748374187093	1.3637583644061118
0.5832749874937468	1.355038273844734
0.5837751375687843	1.3464542960985975
0.5842752876438219	1.3380066042115173
0.5847754377188594	1.329695371227315
0.5852755877938969	1.3215207701898117
0.5857757378689344	1.3134829741428236
0.5862758879439719	1.3055821561301728
0.5867760380190095	1.2978184891956757
0.5872761880940469	1.2901921463831547
0.5877763381690845	1.2827033007364266
0.588276488244122	1.2753521252993114
0.5887766383191595	1.268138793115631
0.5892767883941971	1.2610634772292006
0.5897769384692345	1.2541263506838434
0.5902770885442721	1.2473275865233755
0.5907772386193096	1.2406673577916179
0.5912773886943471	1.234145837532391
0.5917775387693847	1.2277631987895121
0.5922776888444221	1.2215196146068026
0.5927778389194597	1.2154152580280795
0.5932779889944972	1.2094503020971632
0.5937781390695347	1.2036249198578748
0.5942782891445723	1.1979392843540304
0.5947784392196097	1.1923935686294527
0.5952785892946473	1.186987945727958
0.5957787393696848	1.1817225886933673
0.5962788894447223	1.1765976705695012
0.5967790395197599	1.1716133644001756
0.5972791895947973	1.1667698432292137
0.5977793396698349	1.1620672801004317
0.5982794897448723	1.1575058480576517
0.5987796398199099	1.1530857201446902
0.5992797898949475	1.1488070694053683
0.5997799399699849	1.1446700688835059
0.6002800900450225	1.1398540448341314
0.6007802401200599	1.136208072533248
0.6012803901950975	1.1326231388673937
0.6017805402701351	1.1290987607427827
0.6022806903451725	1.1256344550656283
0.6027808404202101	1.1222297387421423
0.6032809904952475	1.1188841286785391
0.6037811405702851	1.11559714178103
0.6042812906453227	1.1123682949558293
0.6047814407203601	1.1091971051091503
0.6052815907953977	1.1060830891472042
0.6057817408704351	1.103025763976206
0.6062818909454727	1.100024646502367
0.6067820410205101	1.0970792536319018
0.6072821910955477	1.0941891022710217
0.6077823411705853	1.091353709325941
0.6082824912456227	1.0885725917028723
0.6087826413206603	1.0858452663080282
0.6092827913956977	1.0831712500476225
0.6097829414707353	1.080550059827867
0.6102830915457729	1.0779812125549757
0.6107832416208103	1.0754642251351614
0.6112833916958479	1.0729986144746368
0.6117835417708853	1.0705838974796158
0.6122836918459229	1.06821959105631
0.6127838419209605	1.0659052121109327
0.6132839919959979	1.0636402775496978
0.6137841420710355	1.0614243042788172
0.6142842921460729	1.0592568092045054
0.6147844422211105	1.057137309232973
0.6152845922961481	1.0550653212704348
0.6157847423711855	1.0530403622231042
0.6162848924462231	1.0510619489971926
0.6167850425212605	1.049129598498914
0.6172851925962981	1.0472428276344812
0.6177853426713356	1.0454011533101073
0.6182854927463731	1.0436040924320047
0.6187856428214107	1.0418511619063868
0.6192857928964481	1.040141878639467
0.6197859429714857	1.0384757595374574
0.6202860930465232	1.0368523215065717
0.6207862431215607	1.0352710814530228
0.6212863931965983	1.0337315562830232
0.6217865432716357	1.0322332629027868
0.6222866933466733	1.0307757182185255
0.6227868434217108	1.0293584391364532
0.6232869934967483	1.0279809425627822
0.6237871435717859	1.026642745403726
0.6242872936468233	1.0253433645654972
0.6247874437218609	1.024082316954309
0.6252875937968984	1.0228591194763745
0.6257877438719359	1.0216732890379068
0.6262878939469734	1.0205243425451183
0.6267880440220109	1.0194117969042222
0.6272881940970485	1.018335169021432
0.627788344172086	1.01729397580296
0.6282884942471235	1.0162877341550196
0.628788644322161	1.0153159609838238
0.6292887943971985	1.0143781731955854
0.6297889444722361	1.0134738876965175
0.6302890945472736	1.0126026213928332
0.6307892446223111	1.0117638911907452
0.6312893946973486	1.0109572139964667
0.6317895447723861	1.0101821067162107
0.6322896948474237	1.0094380862561896
0.6327898449224612	1.0087246695226175
0.6332899949974987	1.0080413734217066
0.6337901450725362	1.0073877148596702
0.6342902951475737	1.006763210742721
0.6347904452226113	1.006167377977072
0.6352905952976488	1.0055997334689368
0.6357907453726863	1.0050597941245274
0.6362908954477238	1.0045470768500577
0.6367910455227613	1.0040610985517402
0.6372911955977988	1.0036013761357883
0.6377913456728364	1.0031674265084143
0.6382914957478739	1.0027587665758317
0.6387916458229114	1.0023749132442534
0.6392917958979489	1.0020153834198926
0.6397919459729864	1.0016796940089618
0.640292096048024	1.0013673619176746
0.6407922461230615	1.0010779040522428
0.641292396198099	1.000810837318881
0.6417925462731365	1.000565678623801
0.642292696348174	1.0003419448732165
0.6427928464232116	1.00013915297334
0.6432929964982491	0.999956819830385
0.6437931465732866	0.999794462350564
0.6442932966483241	0.9996515974400898
0.6447934467233616	0.9995277420051761
0.6452935967983991	0.9994224129520354
0.6457937468734366	0.9993351271868811
0.6462938969484742	0.9992654016159257
0.6467940470235117	0.9992127531453826
0.6472941970985492	0.9991766986814643
0.6477943471735867	0.9991567551303843
0.6482944972486242	0.9991524393983552
0.6487946473236618	0.9991632683915902
0.6492947973986993	0.9991887590163022
0.6497949474737368	0.9992284281787043
0.6502950975487743	0.9992817927850096
0.6507952476238118	0.9993483697414309
0.6512953976988494	0.9994276759541812
0.6517955477738869	0.9995192283294733
0.6522956978489244	0.9996225437735203
0.652795847923962	0.9997371391925357
0.6532959979989994	0.9998625314927317
0.653796148074037	0.9999982375803219
0.6542962981490745	1.000143774361519
0.654796448224112	1.0002986587425358
0.6552965982991495	1.0004624076295856
0.655796748374187	1.0006345379288815
0.6562968984492246	1.0008145665466361
0.656797048524262	1.001002010389063
0.6572971985992996	1.0011963863623745
0.6577973486743371	1.0013972113727838
0.6582974987493746	1.0016040023265038
0.6587976488244122	1.0018162761297478
0.6592977988994496	1.0020335496887287
0.6597979489744872	1.0022553399096596
0.6602980990495247	1.0024811636987532
0.6607982491245622	1.0027105379622225
0.6612983991995998	1.0029429796062808
0.6617985492746372	1.0031780055371402
0.6622986993496748	1.003415132661015
0.6627988494247123	1.0036538778841175
0.6632989994997498	1.0038937581126608
0.6637991495747874	1.004134290252858
0.6642992996498248	1.0043749912109217
0.6647994497248624	1.004615377893065
0.6652995997998998	1.0048549672055012
0.6657997498749374	1.0050932760544429
0.666299899949975	1.0053298213461033
0.6668000500250124	1.0055641199866958
0.66730020010005	1.0057956888824324
0.6678003501750874	1.006024044939527
0.668300500250125	1.0062487050641922
0.6688006503251626	1.006469186162641
0.6693008004002	1.0066850051410863
0.6698009504752376	1.0068956789057415
0.670301100550275	1.0071007243628187
0.6708012506253126	1.0072996584185323
0.6713014007003502	1.007491997979094
0.6718015507753876	1.0076772599507176
0.6723017008504252	1.0078549612396155
0.6728018509254626	1.0080246187520008
0.6733020010005002	1.008185749394087
0.6738021510755378	1.0083378700720866
0.6743023011505752	1.0084804976922126
0.6748024512256128	1.008613149160678
0.6753026013006502	1.0087353413836964
0.6758027513756878	1.0088465912674798
0.6763029014507252	1.0089464157182417
0.6768030515257628	1.009034331642195
0.6773032016008004	1.0091098559455531
0.6778033516758378	1.0091725055345286
0.6783035017508754	1.0092217973153343
0.6788036518259128	1.0092572481941837
0.6793038019009504	1.0092783750772893
0.679803951975988	1.0092846948708643
0.6803041020510254	1.0092757244811215
0.680804252126063	1.0092509808142747
0.6813044022011004	1.0092099807765356
0.681804552276138	1.0091522412741183
0.6823047023511756	1.009077279213235
0.682804852426213	1.0089846115000993
0.6833050025012506	1.008873755040924
0.683805152576288	1.0087442267419218
0.6843053026513256	1.008595543509306
0.6848054527263631	1.0084272222492892
0.6853056028014006	1.0082387798680847
0.6858057528764382	1.0080297332719061
0.6863059029514756	1.0077995993669653
0.6868060530265132	1.0075478950594758
0.6873062031015507	1.0072741372556506
0.6878063531765882	1.0069778428617022
0.6883065032516258	1.0066585287838445
0.6888066533266632	1.00631571192829
0.6893068034017008	1.0059489092012515
0.6898069534767383	1.0055576375089423
0.6903071035517758	1.0051414137575754
0.6908072536268134	1.0046997548533632
0.6913074037018508	1.0042321777025198
0.6918075537768884	1.0037381992112568
0.6923077038519259	1.0032173362857886
0.6928078539269634	1.0026691058323272
0.693308004002001	1.002093024757086
0.6938081540770384	1.0014886099662776
0.694308304152076	1.0008553783661156
0.6948084542271135	1.000192846862813
0.695308604302151	0.9995005323625817
0.6958087543771885	0.9987779517716361
0.696308904452226	0.998024621996188
0.6968090545272636	0.9972400599424515
0.6973092046023011	0.9964237825166385
0.6978093546773386	0.9955753066249629
0.6983095047523761	0.9946941491736371
0.6988096548274136	0.9937798270688744
0.6993098049024512	0.9928318572168875
0.6998099549774887	0.9918497565238901
0.7003101050525262	0.9996979310438763
0.7008102551275637	0.9997133382405721
0.7013104052026012	0.999728589572813
0.7018105552776388	0.9997436850405987
0.7023107053526763	0.9997586246439297
0.7028108554277138	0.9997734083828055
0.7033110055027513	0.9997880362572267
0.7038111555777888	0.9998025082671926
0.7043113056528263	0.9998168244127037
0.7048114557278639	0.9998309846937598
0.7053116058029014	0.999844989110361
0.7058117558779389	0.9998588376625074
0.7063119059529764	0.9998725303501985
0.7068120560280139	0.9998860671734349
0.7073122061030515	0.9998994481322162
0.707812356178089	0.9999126732265425
0.7083125062531265	0.999925742456414
0.708812656328164	0.9999386558218304
0.7093128064032015	0.9999514133227919
0.709812956478239	0.9999640149592985
0.7103131065532766	0.9999764607313502
0.7108132566283141	0.9999887506389468
0.7113134067033516	1.0000008846820885
0.7118135567783891	1.0000128628607752
0.7123137068534267	1.000024685175007
0.7128138569284642	1.0000363516247837
0.7133140070035017	1.0000478622101054
0.7138141570785392	1.0000592169309723
0.7143143071535767	1.0000704157873843
0.7148144572286143	1.0000814587793412
0.7153146073036517	1.0000923459068434
0.7158147573786893	1.0001030771698902
0.7163149074537268	1.0001136525684824
0.7168150575287643	1.0001240721026194
0.7173152076038019	1.0001343357723016
0.7178153576788393	1.0001444435775289
0.7183155077538769	1.000154395518301
0.7188156578289144	1.0001641915946182
0.7193158079039519	1.0001738318064808
0.7198159579789895	1.000183316153888
0.7203161080540269	1.0001926446368403
0.7208162581290645	1.000201817255338
0.721316408204102	1.0002108340093805
0.7218165582791395	1.000219694898968
0.722316708354177	1.0002283999241004
0.7228168584292145	1.000236949084778
0.7233170085042521	1.0002453423810007
0.7238171585792896	1.0002535798127685
0.7243173086543271	1.0002616613800812
0.7248174587293646	1.000269587082939
0.7253176088044021	1.0002773569213417
0.7258177588794397	1.0002849708952897
0.7263179089544771	1.0002924290047825
0.7268180590295147	1.0002997312498205
0.7273182091045522	1.0003068776304036
0.7278183591795897	1.0003138681465316
0.7283185092546273	1.0003207027982044
0.7288186593296647	1.0003273815854228
0.7293188094047023	1.0003339045081858
0.7298189594797398	1.0003402715664942
0.7303191095547773	1.0003464827603472
0.7308192596298149	1.0003525380897456
0.7313194097048523	1.0003584375546888
0.7318195597798899	1.0003641811551773
0.7323197098549274	1.0003697688912105
0.7328198599299649	1.000375200762789
0.7333200100050025	1.0003804767699127
0.7338201600800399	1.0003855969125812
0.7343203101550775	1.0003905611907948
0.7348204602301149	1.0003953696045533
0.7353206103051525	1.000400022153857
0.7358207603801901	1.0004045188387056
0.7363209104552275	1.0004088596590994
0.7368210605302651	1.000413044615038
0.7373212106053025	1.000417073706522
0.7378213606803401	1.0004209469335508
0.7383215107553777	1.0004246642961248
0.7388216608304151	1.0004282257942436
0.7393218109054527	1.0004316314279076
0.7398219609804901	1.0004348811971167
0.7403221110555277	1.0004379751018706
0.7408222611305653	1.0004409131421699
0.7413224112056027	1.0004436953180138
0.7418225612806403	1.0004463216294033
0.7423227113556777	1.0004487920763374
0.7428228614307153	1.0004511066588166
0.7433230115057529	1.0004532653768408
0.7438231615807903	1.0004552682304102
0.7443233116558279	1.0004571152195247
0.7448234617308653	1.0004588063441842
0.7453236118059029	1.0004603416043885
0.7458237618809404	1.000461721000138
0.7463239119559779	1.0004629445314326
0.7468240620310155	1.0004640121982722
0.7473242121060529	1.000464924000657
0.7478243621810905	1.0004656799385867
0.748324512256128	1.0004662800120614
0.7488246623311655	1.0004667242210812
0.7493248124062031	1.0004670125656459
0.7498249624812405	1.0004671450457556
0.7503251125562781	1.0004671216614107
0.7508252626313155	1.0004669424126105
0.7513254127063531	1.0004666072993555
0.7518255627813907	1.0004661163216455
0.7523257128564281	1.0004654694794803
0.7528258629314657	1.0004646667728607
0.7533260130065031	1.0004637082017858
0.7538261630815407	1.000462593766256
0.7543263131565782	1.0004613234662711
0.7548264632316157	1.0004598973018315
0.7553266133066533	1.0004583152729367
0.7558267633816907	1.000456577379587
0.7563269134567283	1.0004546836217825
0.7568270635317658	1.000452633999523
0.7573272136068033	1.0004504285128082
0.7578273636818409	1.000448067161639
0.7583275137568783	1.0004455499460145
0.7588276638319159	1.000442876865935
0.7593278139069534	1.0004400479214006
0.7598279639819909	1.0004370631124113
0.7603281140570285	1.0004339224389671
0.760828264132066	1.0004306259010678
0.7613284142071035	1.0004271734987136
0.761828564282141	1.0004235652319045
0.7623287143571785	1.0004198011006402
0.7628288644322161	1.000415881104921
0.7633290145072535	1.0004118052447473
0.7638291645822911	1.000407573520118
0.7643293146573286	1.0004031859310343
0.7648294647323661	1.0003986424774953
0.7653296148074036	1.0003939431595015
0.7658297648824411	1.0003890879770525
0.7663299149574787	1.0003840769301489
0.7668300650325162	1.0003789100187899
0.7673302151075537	1.0003735872429762
0.7678303651825912	1.0003681086027076
0.7683305152576287	1.0003624740979842
0.7688306653326663	1.0003566837288056
0.7693308154077038	1.000350737495172
0.7698309654827413	1.0003446353970835
0.7703311155577788	1.00033837743454
0.7708312656328163	1.0003319636075416
0.7713314157078539	1.000325393916088
0.7718315657828914	1.00031866836018
0.7723317158579289	1.0003117869398164
0.7728318659329664	1.0003047496549982
0.7733320160080039	1.000297556505725
0.7738321660830414	1.0002902074919968
0.774332316158079	1.0002827026138137
0.7748324662331165	1.0002750418711757
0.775332616308154	1.0002672252640825
0.7758327663831915	1.0002592527925345
0.776332916458229	1.0002511244565317
0.7768330665332666	1.0002428402560737
0.7773332166083041	1.0002344001911607
0.7778333666833416	1.0002258042617929
0.7783335167583791	1.00021705246797
0.7788336668334166	1.0002081448096924
0.7793338169084542	1.0001990812869597
0.7798339669834917	1.000189861899772
0.7803341170585292	1.0001804866481294
0.7808342671335667	1.0001709555320317
0.7813344172086042	1.0001612685514794
0.7818345672836418	1.0001514257064716
0.7823347173586793	1.0001414269970093
0.7828348674337168	1.0001312724230917
0.7833350175087543	1.0001209619847196
0.7838351675837918	1.000110495681892
0.7843353176588294	1.0000998735146098
0.7848354677338668	1.0000890954828725
0.7853356178089044	1.0000781615866803
0.7858357678839419	1.0000670718260332
0.7863359179589794	1.000055826200931
0.786836068034017	1.0000444247113738
0.7873362181090544	1.0000328673573617
0.787836368184092	1.0000211541388948
0.7883365182591295	1.0000092850559728
0.788836668334167	0.9999972601085959
0.7893368184092046	0.999985079296764
0.789836968484242	0.9999727426204772
0.7903371185592796	0.9999602500797352
0.7908372686343171	0.9999476016745386
0.7913374187093546	0.9999347974048869
0.7918375687843922	0.9999218372707802
0.7923377188594296	0.9999087212722185
0.7928378689344672	0.9998954494092018
0.7933380190095046	0.9998820216817303
0.7938381690845422	0.9998684380898037
0.7943383191595798	0.9998546986334224
0.7948384692346172	0.999840803312586
0.7953386193096548	0.9998267521272945
0.7958387693846922	0.999812545077548
0.7963389194597298	0.9997981821633467
0.7968390695347674	0.9997836633846904
0.7973392196098048	0.9997689887415793
0.7978393696848424	0.9997541582340133
0.7983395197598798	0.999739171861992
0.7988396698349174	0.999724029625516
0.799339819909955	0.9997087315245847
0.7998399699849924	0.9996932775591988
0.80034012006003	1.0005175161277706
0.8008402701350674	1.0004989120379526
0.801340420210105	1.0004806892741336
0.8018405702851426	1.0004628444271644
0.80234072036018	1.0004453740878958
0.8028408704352176	1.0004282748471778
0.803341020510255	1.0004115432958616
0.8038411705852926	1.0003951760247967
0.80434132066033	1.0003791696248343
0.8048414707353676	1.0003635206868247
0.8053416208104052	1.000348225801618
0.8058417708854426	1.0003332815600656
0.8063419209604802	1.0003186845530174
0.8068420710355176	1.000304431371324
0.8073422211105552	1.0002905186058353
0.8078423711855928	1.0002769428474025
0.8083425212606302	1.000263700686876
0.8088426713356678	1.0002507887151064
0.8093428214107052	1.0002382035229433
0.8098429714857428	1.0002259417012385
0.8103431215607804	1.0002139998408415
0.8108432716358178	1.000202374532603
0.8113434217108554	1.0001910623673738
0.8118435717858928	1.0001800599360042
0.8123437218609304	1.0001693638293447
0.8128438719359679	1.0001589706382454
0.8133440220110054	1.0001488769535576
0.813844172086043	1.0001390793661311
0.8143443221610804	1.0001295744668164
0.814844472236118	1.0001203588464644
0.8153446223111555	1.0001114290959252
0.815844772386193	1.0001027818060495
0.8163449224612306	1.000094413567688
0.816845072536268	1.0000863209716906
0.8173452226113056	1.0000785006089086
0.817845372686343	1.0000709490701916
0.8183455227613806	1.0000636629463904
0.8188456728364182	1.0000566388283556
0.8193458229114556	1.000049873306938
0.8198459729864932	1.0000433629729875
0.8203461230615307	1.0000371044173548
0.8208462731365682	1.0000310942308903
0.8213464232116058	1.0000253290044447
0.8218465732866432	1.0000198053288687
0.8223467233616808	1.0000145197950119
0.8228468734367183	1.0000094689937258
0.8233470235117558	1.0000046495158603
0.8238471735867933	1.0000000579522659
0.8243473236618308	0.9999956908937933
0.8248474737368684	0.9999915449312928
0.8253476238119059	0.9999876166556151
0.8258477738869434	0.9999839026576104
0.8263479239619809	0.9999803995281294
0.8268480740370184	0.9999771038580229
0.827348224112056	0.9999740122381405
0.8278483741870934	0.9999711212593331
0.828348524262131	0.999968427512452
0.8288486743371685	0.9999659275883463
0.829348824412206	0.9999636180778674
0.8298489744872436	0.9999614955718658
0.830349124562281	0.9999595566611914
0.8308492746373186	0.9999577979366947
0.8313494247123561	0.999956215989227
0.8318495747873936	0.9999548074096383
0.8323497248624312	0.9999535687887788
0.8328498749374686	0.9999524967174993
0.8333500250125062	0.9999515877866502
0.8338501750875437	0.9999508385870824
0.8343503251625812	0.9999502457096455
0.8348504752376187	0.9999498057451907
0.8353506253126562	0.9999495152845683
0.8358507753876938	0.9999493709186289
0.8363509254627313	0.9999493692382224
0.8368510755377688	0.9999495068341999
0.8373512256128063	0.999949780297412
0.8378513756878438	0.9999501862187086
0.8383515257628814	0.9999507211889407
0.8388516758379189	0.9999513817989584
0.8393518259129564	0.9999521646396126
0.8398519759879939	0.9999530663017531
0.8403521260630314	0.9999540833762314
0.840852276138069	0.999955212453897
0.8413524262131065	0.9999564501256009
0.841852576288144	0.9999577929821933
0.8423527263631815	0.9999592376145252
0.842852876438219	0.9999607806134465
0.8433530265132565	0.9999624185698079
0.8438531765882941	0.9999641480744602
0.8443533266633316	0.9999659657182534
0.8448534767383691	0.9999678680920384
0.8453536268134066	0.9999698517866654
0.8458537768884441	0.9999719133929849
0.8463539269634817	0.9999740495018473
0.8468540770385192	0.9999762567041032
0.8473542271135567	0.9999785315906033
0.8478543771885942	0.9999808707521981
0.8483545272636317	0.9999832707797376
0.8488546773386693	0.9999857282640724
0.8493548274137068	0.9999882397960536
0.8498549774887443	0.9999908019665309
0.8503551275637818	0.9999934113663552
0.8508552776388193	0.9999960645863771
0.8513554277138569	0.999998758217447
0.8518555777888944	1.000001488850415
0.8523557278639319	1.0000042530761315
0.8528558779389694	1.0000070474854479
0.8533560280140069	1.0000098686692143
0.8538561780890445	1.0000127132182806
0.8543563281640819	1.0000155777234976
0.8548564782391195	1.0000184587757162
0.855356628314157	1.0000213529657864
0.8558567783891945	1.0000242568845592
0.8563569284642321	1.0000271671228844
0.8568570785392695	1.000030080271613
0.8573572286143071	1.0000329929215952
0.8578573786893446	1.0000359016636815
0.8583575287643821	1.0000388030887228
0.8588576788394197	1.000041693787569
0.8593578289144571	1.000044570351071
0.8598579789894947	1.0000474293700792
0.8603581290645322	1.0000502674354437
0.8608582791395697	1.0000530811380157
0.8613584292146073	1.0000558670686452
0.8618585792896447	1.0000586218181828
0.8623587293646823	1.000061341977479
0.8628588794397197	1.000064024137384
0.8633590295147573	1.0000666648887486
0.8638591795897949	1.0000692608224235
0.8643593296648323	1.0000718085292588
0.8648594797398699	1.0000743046001048
0.8653596298149073	1.0000767456258124
0.8658597798899449	1.000079128197232
0.8663599299649825	1.0000814489052146
0.8668600800400199	1.0000837043406092
0.8673602301150575	1.0000858910942678
0.8678603801900949	1.0000880057570403
0.8683605302651325	1.0000900449197767
0.86886068034017	1.0000920051733284
0.8693608304152075	1.0000938831085455
0.8698609804902451	1.0000956753162784
0.8703611305652825	1.0000973783873772
0.8708612806403201	1.0000989889126932
0.8713614307153577	1.0001005034830766
0.8718615807903951	1.0001019186893778
0.8723617308654327	1.0001032311224471
0.8728618809404701	1.0001044373731351
0.8733620310155077	1.0001055340322926
0.8738621810905451	1.0001065176907693
0.8743623311655827	1.0001073849394166
0.8748624812406203	1.0001081323690846
0.8753626313156577	1.0001087565706237
0.8758627813906953	1.0001092541348844
0.8763629314657327	1.0001096216527174
0.8768630815407703	1.000109855714973
0.8773632316158079	1.0001099529125017
0.8778633816908453	1.0001099098361539
0.8783635317658829	1.0001097230767804
0.8788636818409203	1.0001093892252315
0.8793638319159579	1.0001089048723575
0.8798639819909955	1.0001082666090089
0.8803641320660329	1.0001074710260365
0.8808642821410705	1.0001065147142907
0.8813644322161079	1.0001053942646216
0.8818645822911455	1.0001041062678802
0.882364732366183	1.0001026473149168
0.8828648824412205	1.0001010139965818
0.8833650325162581	1.000099202903726
0.8838651825912955	1.0000972106271995
0.8843653326663331	1.0000950337578525
0.8848654827413706	1.0000926688865361
0.8853656328164081	1.0000901126041009
0.8858657828914457	1.0000873615013968
0.8863659329664831	1.0000844121692745
0.8868660830415207	1.0000812611985845
0.8873662331165582	1.0000779051801774
0.8878663831915957	1.0000743407049035
0.8883665332666333	1.0000705643636136
0.8888666833416707	1.000066572747158
0.8893668334167083	1.0000623624463871
0.8898669834917458	1.0000579300521515
0.8903671335667833	1.0000532721553015
0.8908672836418209	1.0000483853466877
0.8913674337168583	1.0000432662171608
0.8918675837918959	1.0000379113575706
0.8923677338669334	1.0000323173587686
0.8928678839419709	1.0000264808116046
0.8933680340170084	1.0000203983069293
0.8938681840920459	1.0000140664355928
0.8943683341670835	1.0000074817884463
0.894868484242121	1.0000006409563398
0.8953686343171585	0.9999935405301239
0.895868784392196	0.9999861771006491
0.8963689344672335	0.9999785472587656
0.8968690845422711	0.9999706475953244
0.8973692346173086	0.9999624747011754
0.8978693846923461	0.9999540251671697
0.8983695347673836	0.9999452955841575
0.8988696848424211	0.999936282542989
0.8993698349174587	0.9999269826345152
0.8998699849924962	0.9999173924495863
0.9003701350675337	0.9999945110440924
0.9008702851425712	0.9999948345417744
0.9013704352176087	0.9999951538994011
0.9018705852926462	0.9999954691310009
0.9023707353676838	0.9999957802506014
0.9028708854427213	0.9999960872722313
0.9033710355177588	0.9999963902099185
0.9038711855927963	0.9999966890776909
0.9043713356678338	0.9999969838895768
0.9048714857428714	0.9999972746596041
0.9053716358179089	0.9999975614018015
0.9058717858929464	0.9999978441301963
0.9063719359679839	0.9999981228588172
0.9068720860430214	0.9999983976016917
0.907372236118059	0.9999986683728488
0.9078723861930965	0.999998935186316
0.908372536268134	0.9999991980561217
0.9088726863431715	0.9999994569962937
0.909372836418209	0.99999971202086
0.9098729864932465	0.9999999631438492
0.9103731365682841	1.000000210379289
0.9108732866433216	1.000000453741208
0.9113734367183591	1.0000006932436338
0.9118735867933966	1.0000009289005949
0.9123737368684341	1.0000011607261188
0.9128738869434716	1.0000013887342343
0.9133740370185092	1.0000016129389693
0.9138741870935467	1.0000018333543514
0.9143743371685842	1.0000020499944093
0.9148744872436217	1.000002262873171
0.9153746373186592	1.0000024720046652
0.9158747873936968	1.0000026774029185
0.9163749374687343	1.0000028790819602
0.9168750875437718	1.000003077055818
0.9173752376188093	1.0000032713385205
0.9178753876938468	1.0000034619440947
0.9183755377688844	1.00000364888657
0.9188756878439219	1.0000038321799738
0.9193758379189594	1.0000040118383342
0.919875987993997	1.0000041878756796
0.9203761380690344	1.0000043603060378
0.920876288144072	1.000004529143437
0.9213764382191094	1.0000046944019054
0.921876588294147	1.0000048560954713
0.9223767383691845	1.0000050142381627
0.922876888444222	1.0000051688440073
0.9233770385192596	1.0000053199270331
0.923877188594297	1.0000054675012693
0.9243773386693346	1.000005611580743
0.9248774887443721	1.0000057521794827
0.9253776388194096	1.0000058893115165
0.9258777888944472	1.0000060229908725
0.9263779389694846	1.0000061532315785
0.9268780890445222	1.000006280047663
0.9273782391195597	1.0000064034531542
0.9278783891945972	1.0000065234620796
0.9283785392696348	1.0000066400884682
0.9288786893446722	1.0000067533463473
0.9293788394197098	1.0000068632497454
0.9298789894947473	1.0000069698126903
0.9303791395697848	1.0000070730492105
0.9308792896448224	1.0000071729733337
0.9313794397198598	1.0000072695990885
0.9318795897948974	1.0000073629405029
0.9323797398699348	1.000007453011605
0.9328798899449724	1.0000075398264223
0.93338004002001	1.0000076233989834
0.9338801900950474	1.0000077037433164
0.934380340170085	1.0000077808734498
0.9348804902451224	1.0000078548034113
0.93538064032016	1.0000079255472287
0.9358807903951976	1.0000079931189305
0.936380940470235	1.0000080575325447
0.9368810905452726	1.0000081188020997
0.93738124062031	1.0000081769416231
0.9378813906953476	1.0000082319651433
0.9383815407703852	1.0000082838866886
0.9388816908454226	1.0000083327202864
0.9393818409204602	1.0000083784799658
0.9398819909954976	1.0000084211797544
0.9403821410705352	1.0000084608336801
0.9408822911455726	1.000008497455771
0.9413824412206102	1.000008531060056
0.9418825912956478	1.0000085616605623
0.9423827413706852	1.0000085892713184
0.9428828914457228	1.0000086139063522
0.9433830415207602	1.0000086355796922
0.9438831915957978	1.0000086543053661
0.9443833416708354	1.0000086700974025
0.9448834917458728	1.0000086829698287
0.9453836418209104	1.0000086929366738
0.9458837918959478	1.000008700011965
0.9463839419709854	1.000008704209731
0.946884092046023	1.000008705544
0.9473842421210604	1.0000087040287995
0.947884392196098	1.000008699678158
0.9483845422711354	1.0000086925061036
0.948884692346173	1.0000086825266647
0.9493848424212106	1.0000086697538686
0.949884992496248	1.000008654201744
0.9503851425712856	1.0000086358843188
0.950885292646323	1.0000086148156213
0.9513854427213606	1.0000085910096796
0.9518855927963981	1.0000085644805217
0.9523857428714356	1.0000085352421757
0.9528858929464732	1.0000085033086699
0.9533860430215106	1.0000084686940318
0.9538861930965482	1.0000084314122901
0.9543863431715857	1.0000083914774733
0.9548864932466232	1.0000083489036087
0.9553866433216608	1.0000083037047243
0.9558867933966982	1.0000082558948489
0.9563869434717358	1.0000082054880104
0.9568870935467733	1.0000081524982365
0.9573872436218108	1.0000080969395557
0.9578873936968484	1.0000080388259962
0.9583875437718858	1.000007978171586
0.9588876938469234	1.000007914990353
0.9593878439219609	1.0000078492963256
0.9598879939969984	1.0000077811035315
0.9603881440720359	1.0000077104259992
0.9608882941470734	1.0000076372777567
0.961388444222111	1.0000075616728323
0.9618885942971485	1.0000074836252537
0.962388744372186	1.0000074031490491
0.9628888944472235	1.000007320258247
0.963389044522261	1.0000072349668747
0.9638891945972986	1.0000071472889613
0.9643893446723361	1.0000070572385344
0.9648894947473736	1.0000069648296224
0.9653896448224111	1.0000068700762528
0.9658897948974486	1.000006772992454
0.9663899449724862	1.0000066735922546
0.9668900950475237	1.0000065718896818
0.9673902451225612	1.0000064678987646
0.9678903951975987	1.0000063616335304
0.9683905452726362	1.0000062531080078
0.9688906953476738	1.0000061423362248
0.9693908454227113	1.0000060293322093
0.9698909954977488	1.0000059141099893
0.9703911455727863	1.0000057966835938
0.9708912956478238	1.00000567706705
0.9713914457228613	1.000005555274386
0.9718915957978989	1.0000054313196307
0.9723917458729364	1.0000053052168112
0.9728918959479739	1.0000051769799563
0.9733920460230114	1.0000050466230939
0.9738921960980489	1.000004914160252
0.9743923461730865	1.000004779605459
0.974892496248124	1.0000046429727427
0.9753926463231615	1.0000045042761314
0.975892796398199	1.0000043635296534
0.9763929464732365	1.000004220747336
0.976893096548274	1.0000040759432083
0.9773932466233116	1.000003929131298
0.9778933966983491	1.000003780325633
0.9783935467733866	1.0000036295402421
0.9788936968484241	1.0000034767891524
0.9793938469234617	1.0000033220863924
0.9798939969984992	1.0000031654459904
0.9803941470735367	1.000003006881975
0.9808942971485742	1.0000028464083732
0.9813944472236117	1.0000026840392138
0.9818945972986493	1.0000025197885247
0.9823947473736867	1.0000023536703342
0.9828948974487243	1.0000021856986703
0.9833950475237618	1.000002015887561
0.9838951975987993	1.0000018442510346
0.9843953476738369	1.000001670803119
0.9848954977488743	1.0000014955578425
0.9853956478239119	1.000001318529233
0.9858957978989494	1.0000011397313189
0.9863959479739869	1.0000009591781278
0.9868960980490245	1.0000007768836887
0.9873962481240619	1.0000005928620288
0.9878963981990995	1.0000004071271769
0.988396548274137	1.0000002196931603
0.9888966983491745	1.000000030574008
0.989396848424212	0.9999998397837473
0.9898969984992495	0.999999647336407
0.9903971485742871	0.9999994532460151
0.9908972986493245	0.9999992575265992
0.9913974487243621	0.9999990601921879
0.9918975987993996	0.9999988612568089
0.9923977488744371	0.9999986607344907
0.9928978989494747	0.9999984586392614
0.9933980490245121	0.9999982549851488
0.9938981990995497	0.9999980497861812
0.9943983491745872	0.9999978430563868
0.9948984992496247	0.9999976348097936
0.9953986493246623	0.9999974250604299
0.9958987993996997	0.9999972138223232
0.9963989494747373	0.9999970011095021
0.9968990995497748	0.999996786935995
0.9973992496248123	0.9999965713158294
0.9978993996998499	0.9999963542630338
0.9983995497748873	0.9999961357916359
0.9988996998499249	0.9999959159156641
0.9993998499249624	0.9999956946491464
0.9999	0.9999954720061113
