0.0001	0.20000003076848114
0.0006001500750375188	0.20000026559203718
0.0011003001500750375	0.20000048635401263
0.0016004502251125562	0.20000069346402485
0.0021006003001500747	0.20000088732648183
0.0026007503751875934	0.20000106834058182
0.003100900450225112	0.20000123690031327
0.003601050525262631	0.20000139339445505
0.00410120060030015	0.20000153820657668
0.004601350675337669	0.20000167171503766
0.0051015007503751875	0.20000179429298798
0.005601650825412706	0.20000190630836812
0.006101800900450225	0.20000200812390853
0.006601950975487744	0.20000210009713046
0.007102101050525262	0.20000218258034538
0.007602251125562781	0.200002255920655
0.008102401200600299	0.2000023204599515
0.008602551275637818	0.20000237653491731
0.009102701350675337	0.20000242447702538
0.009602851425712855	0.20000246461253887
0.010103001500750374	0.2000024972625113
0.010603151575787893	0.2000025227427867
0.01110330165082541	0.20000254136399923
0.01160345172586293	0.20000255343157358
0.012103601800900449	0.2000025592457248
0.012603751875937968	0.20000255910145828
0.013103901950975487	0.20000255328856958
0.013604052026013004	0.20000254209164478
0.014104202101050524	0.20000252579006045
0.014604352176088043	0.2000025046579833
0.01510450225112556	0.20000247896437046
0.01560465232616308	0.2000024489729695
0.0161048024012006	0.2000024149423181
0.016604952476238118	0.20000237712574456
0.017105102551275637	0.20000233577136753
0.017605252626313156	0.2000022911220958
0.018105402701350675	0.20000224341562875
0.01860555277638819	0.20000219288445592
0.01910570285142571	0.20000213975585743
0.01960585292646323	0.20000208425190358
0.020106003001500748	0.20000202658945504
0.020606153076538267	0.20000196698016293
0.021106303151575787	0.20000190563046855
0.021606453226613306	0.20000184274160387
0.02210660330165082	0.20000177850959086
0.02260675337668834	0.20000171312524218
0.02310690345172586	0.20000164677416052
0.02360705352676338	0.2000015796367392
0.024107203601800898	0.20000151188816162
0.024607353676838417	0.20000144369840198
0.025107503751875936	0.20000137523222428
0.025607653826913455	0.20000130664918334
0.026107803901950975	0.20000123810362405
0.02660795397698849	0.2000011697446818
0.02710810405202601	0.20000110171628235
0.02760825412706353	0.20000103415714163
0.028108404202101048	0.20000096720076616
0.028608554277138567	0.20000090097545273
0.029108704352176086	0.20000083560428839
0.029608854427213605	0.2000007712051507
0.03010900450225112	0.20000070789070762
0.03060915457728864	0.2000006457684171
0.03110930465232616	0.20000058494052786
0.031609454727363685	0.20000052550407874
0.0321096048024012	0.20000046755089912
0.03260975487743872	0.20000041116760858
0.03310990495247624	0.20000035643561712
0.033610055027513755	0.20000030343112496
0.03411020510255128	0.20000025222512302
0.03461035517758879	0.20000020288339238
0.035110505252626316	0.20000015546650426
0.03561065532766383	0.20000011002982046
0.036110805402701354	0.20000006662349323
0.03661095547773887	0.2000000252924649
0.037111105552776386	0.19999998607646854
0.03761125562781391	0.1999999490100273
0.038111405702851424	0.19999991412245455
0.038611555777888946	0.1999998814378543
0.03911170585292646	0.19999985097512094
0.039611855927963985	0.199999822747939
0.0401120060030015	0.1999997967647834
0.040612156078039016	0.19999977302891975
0.04111230615307654	0.1999997515384034
0.041612456228114054	0.19999973228608062
0.04211260630315158	0.19999971525958793
0.04261275637818909	0.19999970044135182
0.043112906453226615	0.19999968780858965
0.04361305652826413	0.1999996773333088
0.04411320660330165	0.1999996689823071
0.04461335667833917	0.19999966271717282
0.045113506753376685	0.19999965849428453
0.04561365682841421	0.19999965626481103
0.04611380690345172	0.19999965597471175
0.046613956978489246	0.19999965756473612
0.04711410705352676	0.19999966097042435
0.047614257128564284	0.19999966612210662
0.0481144072036018	0.19999967294490376
0.048614557278639316	0.19999968135872653
0.04911470735367684	0.19999969127827688
0.049614857428714354	0.19999970261304612
0.05011500750375188	0.19999971526731655
0.05061515757878939	0.1999997291401606
0.051115307653826915	0.19999974412544116
0.05161545772886443	0.19999976011181134
0.05211560780390195	0.19999977698271498
0.05261575787893947	0.19999979461638567
0.053115907953976985	0.19999981288584784
0.05361605802901451	0.19999983165891602
0.05411620810405202	0.19999985079819524
0.054616358179089546	0.19999987016108087
0.05511650825412706	0.19999988959975865
0.055616658329164584	0.19999990896120445
0.0561168084042021	0.19999992808718492
0.056616958479239615	0.1999999468142567
0.05711710855427714	0.1999999649737669
0.057617258629314654	0.19999998239185304
0.058117408704352176	0.19999999888944306
0.05861755877938969	0.2000000142822549
0.059117708854427214	0.2000000283807974
0.05961785892946473	0.2000000409903693
0.060118009004502246	0.20000005191105985
0.06061815907953977	0.20000006093774883
0.061118309154577284	0.2000000678601061
0.06161845922961481	0.20000007246259202
0.06211860930465232	0.20000007452445726
0.06261875937968985	0.20000007381974297
0.06311890945472737	0.20000007011728047
0.06361905952976488	0.20000006318069155
0.0641192096048024	0.20000005276838834
0.06461935967983992	0.20000003863357335
0.06511950975487743	0.20000002052423935
0.06561965982991495	0.19999999818316963
0.06611980990495248	0.1999999713479376
0.06661995997999	0.19999993975090732
0.06712011005502751	0.199999903119233
0.06762026013006503	0.19999986117485918
0.06812041020510255	0.1999998136345211
0.06862056028014006	0.1999997602097438
0.06912071035517758	0.19999970060684308
0.0696208604302151	0.19999963452692496
0.07012101050525263	0.19999956166588595
0.07062116058029014	0.19999948171441284
0.07112131065532766	0.19999939435798253
0.07162146073036518	0.19999929927686272
0.0721216108054027	0.19999919614611114
0.07262176088044021	0.19999908463557597
0.07312191095547774	0.19999896440989598
0.07362206103051526	0.19999883512849964
0.07412221110555277	0.1999986964456066
0.07462236118059029	0.19999854801022632
0.07512251125562781	0.19999838946615878
0.07562266133066534	0.19999822045199442
0.07612281140570284	0.1999980406011138
0.07662296148074037	0.19999784954168803
0.07712311155577789	0.19999764689667857
0.0776232616308154	0.19999743228383704
0.07812341170585292	0.1999972053157058
0.07862356178089044	0.19999696559961702
0.07912371185592797	0.19999671273769376
0.07962386193096548	0.1999964463268491
0.080124012006003	0.19999616595878666
0.08062416208104052	0.1999958712200003
0.08112431215607803	0.19999556169177424
0.08162446223111555	0.19999523695018329
0.08212461230615307	0.1999948965660922
0.0826247623811906	0.19999454010515635
0.0831249124562281	0.19999416712782167
0.08362506253126563	0.19999377718932385
0.08412521260630315	0.19999336983968946
0.08462536268134066	0.19999294462373524
0.08512551275637818	0.19999250108106847
0.0856256628314157	0.19999203874608634
0.08612581290645323	0.19999155714797687
0.08662596298149074	0.1999910558107182
0.08712611305652826	0.19999053425307892
0.08762626313156578	0.19998999198861786
0.08812641320660329	0.19998942852568424
0.08862656328164081	0.1999888433674179
0.08912671335667834	0.19998823601174856
0.08962686343171586	0.1999876059513967
0.09012701350675337	0.1999869526738729
0.09062716358179089	0.19998627566147828
0.09112731365682841	0.19998557439130432
0.09162746373186594	0.1999848483352326
0.09212761380690344	0.19998409695993538
0.09262776388194097	0.1999833197268751
0.09312791395697849	0.19998251609230452
0.093628064032016	0.199981685507267
0.09412821410705352	0.1999808274175958
0.09462836418209104	0.19997994126391502
0.09512851425712857	0.1999790264816389
0.09562866433216607	0.19997808250097202
0.0961288144072036	0.1999771087469094
0.09662896448224112	0.19997610463923632
0.09712911455727863	0.19997506959252853
0.09762926463231615	0.19997400301615206
0.09812941470735367	0.19997290431426318
0.0986295647823912	0.19997177288580878
0.0991297148574287	0.19997060812452588
0.09962986493246623	0.19996940941894212
0.10013001500750375	0.19996968324326625
0.10063016508254126	0.19997657303690022
0.10113031515757878	0.1999830005673799
0.1016304652326163	0.1999889803446191
0.10213061530765383	0.19999452661498482
0.10263076538269134	0.19999965336129727
0.10313091545772886	0.20000437430283016
0.10363106553276638	0.20000870289531028
0.1041312156078039	0.20001265233091772
0.10463136568284141	0.20001623553828582
0.10513151575787893	0.20001946518250108
0.10563166583291646	0.20002235366510343
0.10613181590795397	0.20002491312408607
0.10663196598299149	0.20002715543389518
0.10713211605802901	0.20002909220543064
0.10763226613306653	0.2000307347860451
0.10813241620810404	0.2000320942595448
0.10863256628314157	0.20003318144618923
0.10913271635817909	0.20003400690269088
0.1096328664332166	0.20003458092221582
0.11013301650825412	0.20003491353438316
0.11063316658329164	0.2000350145052653
0.11113331665832916	0.20003489333738808
0.11163346673336667	0.20003455926973038
0.1121336168084042	0.20003402127772435
0.11263376688344172	0.20003328807325546
0.11313391695847923	0.20003236810466257
0.11363406703351675	0.20003126955673756
0.11413421710855427	0.2000300003507257
0.1146343671835918	0.20002856814432554
0.1151345172586293	0.2000269803316888
0.11563466733366683	0.20002524404342045
0.11613481740870435	0.20002336614657878
0.11663496748374186	0.20002135324467554
0.11713511755877938	0.20001921167767517
0.1176352676338169	0.20001694752199595
0.11813541770885443	0.20001456659050917
0.11863556778389193	0.20001207443253943
0.11913571785892946	0.20000947633386446
0.11963586793396698	0.20000677731671535
0.12013601800900449	0.20000398213977646
0.12063616808404201	0.20000109529818555
0.12113631815907953	0.19999812102353334
0.12163646823411706	0.19999506328386385
0.12213661830915457	0.19999192578367467
0.12263676838419209	0.1999887119639163
0.12313691845922961	0.19998542500199262
0.12363706853426713	0.1999820678117608
0.12413721860930464	0.19997864304353138
0.12463736868434216	0.19997515308406796
0.12513751875937967	0.19997160005658735
0.12563766883441718	0.19996798582075978
0.12613781890945472	0.19996431197270886
0.12663796898449223	0.19996057984501106
0.12713811905952974	0.19995679050669649
0.12763826913456727	0.19995294476324837
0.12813841920960478	0.1999490431566031
0.1286385692846423	0.19994508596515037
0.12913871935967983	0.1999410732037334
0.12963886943471734	0.19993700462364816
0.13013901950975484	0.19993287971264428
0.13063916958479238	0.19992869769492455
0.1311393196598299	0.19992445753114507
0.13163946973486743	0.19992015791841497
0.13213961980990493	0.19991579729029688
0.13263976988494244	0.19991137381680654
0.13313991995997998	0.19990688540441312
0.1336400700350175	0.1999023296960388
0.134140220110055	0.19989770407105925
0.13464037018509253	0.19989300564530327
0.13514052026013004	0.19988823127105296
0.13564067033516755	0.1998833775370436
0.1361408204102051	0.19987844076846392
0.1366409704852426	0.19987341702695577
0.1371411205602801	0.19986830211061418
0.13764127063531764	0.1998630915539876
0.13814142071035515	0.19985778062807763
0.1386415707853927	0.1998523643403392
0.1391417208604302	0.19984683743468046
0.1396418709354677	0.1998411943914628
0.14014202101050524	0.199835429427501
0.14064217108554275	0.1998295364960629
0.14114232116058026	0.19982350928686965
0.1416424712356178	0.1998173412260958
0.1421426213106553	0.1998110254763689
0.1426427713856928	0.19980455493677024
0.14314292146073035	0.19979792224283374
0.14364307153576786	0.1997911197665469
0.1441432216108054	0.19978413961635055
0.1446433716858429	0.1997769736371386
0.1451435217608804	0.19976961341025848
0.14564367183591795	0.19976205025351063
0.14614382191095546	0.19975427522114872
0.14664397198599297	0.1997462791038799
0.1471441220610305	0.19973805242886433
0.147644272136068	0.19972958545971561
0.14814442221110552	0.19972086819650073
0.14864457228614306	0.19971189037573953
0.14914472236118057	0.19970264147040537
0.14964487243621807	0.19969311068992482
0.1501450225112556	0.19968328698017784
0.15064517258629312	0.1996731590234974
0.15114532266133066	0.1996627152386699
0.15164547273636816	0.199651943780935
0.15214562281140567	0.19964083254198542
0.1526457728864432	0.19962936914996748
0.15314592296148072	0.19961754096948048
0.15364607303651823	0.19960533510157705
0.15414622311155576	0.19959273838376312
0.15464637318659327	0.1995797373899978
0.15514652326163078	0.19956631843069356
0.15564667333666832	0.19955246755271608
0.15614682341170583	0.19953817053938433
0.15664697348674333	0.1995234129104704
0.15714712356178087	0.19950817992219985
0.15764727363681838	0.19949245656725142
0.15814742371185592	0.19947622757475683
0.15864757378689343	0.19945947741030168
0.15914772386193093	0.19944219027592422
0.15964787393696847	0.19942435011011614
0.16014802401200598	0.19940594058782263
0.1606481740870435	0.19938694512044186
0.16114832416208102	0.19936734685582536
0.16164847423711853	0.1993471286782779
0.16214862431215604	0.19932627320855745
0.16264877438719358	0.19930476280387538
0.1631489244622311	0.19928257955789633
0.16364907453726862	0.19925970530073797
0.16414922461230613	0.19923612159897144
0.16464937468734364	0.19921180975562094
0.16514952476238118	0.1991867508101642
0.1656496748374187	0.19916092553853212
0.1661498249124562	0.1991343144531086
0.16664997498749373	0.19910689780273116
0.16715012506253124	0.1990786555726903
0.16765027513756875	0.19904956748473
0.16815042521260629	0.1990196129970473
0.1686505752876438	0.19898877130429268
0.1691507253626813	0.1989570213375698
0.16965087543771884	0.19892434176443544
0.17015102551275635	0.19889071098889993
0.17065117558779389	0.1988561071514266
0.1711513256628314	0.1988205081289321
0.1716514757378689	0.19878389153478646
0.17215162581290644	0.1987462347188128
0.17265177588794395	0.19870751476728774
0.17315192596298146	0.19866770850294074
0.173652076038019	0.19862679248495502
0.1741522261130565	0.1985847430089666
0.174652376188094	0.19854153610706518
0.17515252626313155	0.1984971475477934
0.17565267633816906	0.19845155283614735
0.17615282641320656	0.19840472721357608
0.1766529764882441	0.1983566456579822
0.1771531265632816	0.19830728288372168
0.17765327663831915	0.19825661334160347
0.17815342671335666	0.19820461121888977
0.17865357678839416	0.19815125043929624
0.1791537268634317	0.19809650466299153
0.1796538769384692	0.19804034728659797
0.18015402701350672	0.19798275144319077
0.18065417708854425	0.19792369000229848
0.18115432716358176	0.19786313556990304
0.18165447723861927	0.19780106048843943
0.1821546273136568	0.19773743683679598
0.18265477738869432	0.19767223643031454
0.18315492746373185	0.19760543082078985
0.18365507753876936	0.19753699129647015
0.18415522761380687	0.1974668888820566
0.1846553776888444	0.19739509433870403
0.18515552776388192	0.19732157816402043
0.18565567783891943	0.1972463105920669
0.18615582791395696	0.1971692615933578
0.18665597798899447	0.1970904008748608
0.18715612806403198	0.19700969787999706
0.18765627813906952	0.19692712178864047
0.18815642821410702	0.19684264151711875
0.18865657828914453	0.19675622571821258
0.18915672836418207	0.1966678427811558
0.18965687843921958	0.19657746083163588
0.19015702851425711	0.19648504773179304
0.19065717858929462	0.19639057108022123
0.19115732866433213	0.19629399821196755
0.19165747873936967	0.19619529619853196
0.19215762881440718	0.1960944318478682
0.1926577788894447	0.19599137170438302
0.19315792896448222	0.1958860820489366
0.19365807903951973	0.1957785288988419
0.19415822911455724	0.19566867800786572
0.19465837918959478	0.19555649486622792
0.19515852926463229	0.19544194470060156
0.19565867933966982	0.19532499247411292
0.19615882941470733	0.19520560288634156
0.19665897948974484	0.1950837403733204
0.19715912956478238	0.1949593691075355
0.19765927963981988	0.19483245299792631
0.1981594297148574	0.1947029556898854
0.19865957978989493	0.19457084056525867
0.19915972986493244	0.19443607074234515
0.19965987993996995	0.1942986090758975
0.20016003001500748	0.19416191271118444
0.200660180090045	0.19403165720364116
0.2011603301650825	0.19389806870389786
0.20166048024012004	0.19376116077869102
0.20216063031515755	0.1936209470317954
0.20266078039019508	0.19347744110402498
0.2031609304652326	0.193330656673233
0.2036610805402701	0.19318060745431084
0.20416123061530764	0.19302730719918912
0.20466138069034515	0.1928707696968375
0.20516153076538265	0.1927110087732642
0.2056616808404202	0.1925480382915164
0.2061618309154577	0.19238187215168023
0.2066619809904952	0.1922125242908805
0.20716213106553275	0.19204000868328114
0.20766228114057025	0.19186433934008484
0.2081624312156078	0.19168553030953298
0.2086625812906453	0.19150359567690622
0.2091627313656828	0.1913185495645237
0.20966288144072034	0.19113040613174348
0.21016303151575785	0.19093917957496281
0.21066318159079536	0.19074488412761748
0.2111633316658329	0.1905475340601821
0.2116634817408704	0.19034714368017053
0.21216363181590792	0.1901437273321351
0.21266378189094545	0.18993729939766724
0.21316393196598296	0.18972787429539725
0.21366408204102047	0.18951546648099407
0.214164232116058	0.18930009044716575
0.21466438219109552	0.1890817607236592
0.21516453226613305	0.1888604918772601
0.21566468234117056	0.18863629851179295
0.21616483241620807	0.1884091952681213
0.2166649824912456	0.18817919682414733
0.21716513256628311	0.18794631789481225
0.21766528264132062	0.18771057323209633
0.21816543271635816	0.18747197762501827
0.21866558279139567	0.18723054589963595
0.21916573286643318	0.186986292919046
0.2196658829414707	0.18673923358338393
0.22016603301650822	0.18648938282982422
0.22066618309154573	0.18623675563258005
0.22116633316658327	0.18598136700290355
0.22166648324162078	0.18572323198908575
0.2221666333166583	0.18546236567645655
0.22266678339169582	0.18519878318738464
0.22316693346673333	0.18493249968127776
0.22366708354177087	0.1846635303545823
0.22416723361680838	0.18439189044078352
0.22466738369184588	0.18411759521040574
0.22516753376688342	0.183840659971012
0.22566768384192093	0.18356110006720425
0.22616783391695844	0.18327893088062344
0.22666798399199597	0.1829941678299491
0.22716813406703348	0.1827068263708999
0.22766828414207102	0.18241692199623333
0.22816843421710853	0.18212447023574543
0.22866858429214604	0.18182948665627158
0.22916873436718357	0.18153198686168567
0.22966888444222108	0.18123198649290082
0.2301690345172586	0.18092950122786866
0.23066918459229613	0.18062454678157988
0.23116933466733364	0.1803171389060639
0.23166948474237115	0.18000729339038923
0.23216963481740868	0.17969502606066304
0.2326697848924462	0.17938035278003145
0.2331699349674837	0.1790632894486795
0.23367008504252124	0.17874385200383106
0.23417023511755874	0.1784220564197488
0.23467038519259628	0.17809791870773423
0.2351705352676338	0.17777145491612797
0.2356706853426713	0.17744268113030928
0.23617083541770884	0.17711161347269636
0.23667098549274634	0.17677826810274627
0.23717113556778385	0.176442661216955
0.2376712856428214	0.1761048090488574
0.2381714357178589	0.17576472786902697
0.2386715857928964	0.17542243398507637
0.23917173586793394	0.17507794374165703
0.23967188594297145	0.1747312735204592
0.24017203601800896	0.17438243974021203
0.2406721860930465	0.17403145885668353
0.241172336168084	0.17367834736268062
0.24167248624312154	0.17332312178804904
0.24217263631815905	0.17296579869967346
0.24267278639319656	0.17260639470147726
0.2431729364682341	0.17224492643442293
0.2436730865432716	0.17188141057651168
0.24417323661830911	0.17151586384278353
0.24467338669334665	0.17114830298531755
0.24517353676838416	0.17077874479323152
0.24567368684342167	0.17040720609268217
0.2461738369184592	0.17003370374686505
0.2466739869934967	0.16965825465601472
0.24717413706853425	0.1692808757574043
0.24767428714357176	0.1689015840253461
0.24817443721860927	0.16852039647119124
0.2486745872936468	0.1681373301433295
0.2491747373686843	0.1677524021271897
0.24967488744372182	0.1673656295452396
0.25017503751875936	0.1669770295569856
0.25067518759379687	0.16658661935897315
0.2511753376688344	0.16619441618478653
0.2516754877438719	0.16580043730504887
0.25217563781890945	0.16540470002742214
0.25267578789394696	0.1650072216966073
0.25317593796898447	0.164608019694344
0.253676088044022	0.16420711143941086
0.2541762381190595	0.16380451438762547
0.254676388194097	0.16340024603184405
0.25517653826913456	0.1629943239019618
0.25567668834417207	0.16258676556491292
0.2561768384192096	0.1621775886246703
0.2566769884942471	0.16176681072224577
0.2571771385692846	0.16135444953569006
0.25767728864432216	0.1609405227800926
0.25817743871935966	0.16052504820758198
0.2586775887943972	0.16010804360732547
0.2591777388694347	0.1596895268055292
0.2596778889444722	0.15926951566543815
0.2601780390195097	0.1588480280873363
0.26067818909454726	0.1584250820085464
0.2611783391695848	0.15800069540343015
0.2616784892446223	0.15757488628338803
0.2621786393196598	0.15714767269685934
0.2626787893946973	0.15671907272932245
0.26317893946973486	0.1562891045032944
0.26367908954477237	0.15585778617833118
0.2641792396198099	0.15542513595102764
0.2646793896948474	0.15499117205501767
0.2651795397698849	0.1545559127609736
0.2656796898449224	0.1541193763766071
0.26617983991995997	0.15368158124666836
0.2666799899949975	0.15324254575294666
0.267180140070035	0.15280228831427006
0.2676802901450725	0.15236082738650553
0.26818044022011	0.15191818146255878
0.2686805902951475	0.15147436907237458
0.2691807403701851	0.1510294087829364
0.2696808904452226	0.15058331919826673
0.2701810405202601	0.15013611895942677
0.2706811905952976	0.14968782674451675
0.2711813406703351	0.14923846126867565
0.2716814907453727	0.14878804128408132
0.2721816408204102	0.1483365855799506
0.2726817908954477	0.14788411298253915
0.2731819409704852	0.1474306423551413
0.2736820910455227	0.14697619259809055
0.2741822411205602	0.1465207826487591
0.2746823911955978	0.14606443148155795
0.2751825412706353	0.14560715810793728
0.2756826913456728	0.14514898157638578
0.2761828414207103	0.1446899209724312
0.2766829914957478	0.14422999541864015
0.2771831415707854	0.14376922407461792
0.2776832916458229	0.14330762613700898
0.2781834417208604	0.14284522083949658
0.2786835917958979	0.1423820274528026
0.2791837418709354	0.141918065284688
0.27968389194597293	0.14145335367995268
0.2801840420210105	0.14098791202043512
0.280684192096048	0.140521759725013
0.2811843421710855	0.14005491624960273
0.281684492246123	0.13958740108715942
0.28218464232116053	0.13911923376767732
0.2826847923961981	0.13865043385818937
0.2831849424712356	0.1381810209627676
0.2836850925462731	0.13771101472252256
0.2841852426213106	0.13724043481560397
0.2846853926963481	0.13676930095720025
0.28518554277138564	0.1362976328995388
0.2856856928464232	0.1358254504318857
0.2861858429214607	0.1353527733805463
0.2866859929964982	0.1348796216088643
0.2871861430715357	0.1344060150172227
0.28768629314657324	0.13393197354304304
0.2881864432216108	0.13345751716078594
0.2886865932966483	0.13298266588195087
0.2891867433716858	0.13250743975507623
0.2896868934467233	0.13203185886573893
0.29018704352176083	0.13155594333655518
0.29068719359679834	0.13107971332717983
0.2911873436718359	0.1306031890343066
0.2916874937468734	0.1301263906916683
0.2921876438219109	0.12964933857003633
0.29268779389694843	0.129172052977221
0.29318794397198594	0.12869455425807172
0.29368809404702345	0.12821686279447655
0.294188244122061	0.12773899900536234
0.2946883941970985	0.12726098334669514
0.29518854427213603	0.12678283631147966
0.29568869434717354	0.12630457842975934
0.29618884442221105	0.1258262302686168
0.2966889944972486	0.12534781243217327
0.2971891445722861	0.12486934556158893
0.29768929464732363	0.12439085033506299
0.29818944472236114	0.12391234746783333
0.29868959479739865	0.12343385771217665
0.29918974487243616	0.12295540185740875
0.2996898949474737	0.12247700072988407
0.30019004502251123	0.12199779332222394
0.30069019509754874	0.12151733161234173
0.30119034517258625	0.12103676425055392
0.30169049524762376	0.12055610223305778
0.3021906453226613	0.12007535648903175
0.30269079539769883	0.11959453788063501
0.30319094547273634	0.11911365720300751
0.30369109554777385	0.11863272518426998
0.30419124562281136	0.11815175248552427
0.30469139569784887	0.1176707497008527
0.30519154577288643	0.11718972735731867
0.30569169584792394	0.1167086959149664
0.30619184592296145	0.116227665766821
0.30669199599799896	0.11574664723888824
0.30719214607303647	0.1152656505901548
0.30769229614807403	0.11478468601258816
0.30819244622311154	0.11430376363113699
0.30869259629814905	0.11382289350373027
0.30919274637318656	0.1133420856212782
0.30969289644822406	0.11286134990767165
0.3101930465232616	0.11238069621978239
0.31069319659829914	0.111900134347463
0.31119334667333665	0.11141967401354685
0.31169349674837415	0.11093932487384839
0.31219364682341166	0.11045909651716262
0.3126937968984492	0.1099789984652655
0.3131939469734867	0.10949904017291386
0.31369409704852425	0.10901923102784525
0.31419424712356175	0.10853958035077836
0.31469439719859926	0.10806009739541235
0.31519454727363677	0.1075807913484274
0.3156946973486743	0.10710167132948455
0.31619484742371184	0.10662274639122563
0.31669499749874935	0.10614402551927332
0.31719514757378686	0.10566551763223118
0.31769529764882437	0.10518723158168355
0.3181954477238619	0.10470917615219566
0.3186955977988994	0.10423136006131349
0.31919574787393695	0.103753791959564
0.31969589794897446	0.10327648043045494
0.32019604802401197	0.10279943399047488
0.3206961980990495	0.10232266108909313
0.321196348174087	0.10184617010876006
0.32169649824912455	0.10136996936490668
0.32219664832416206	0.100894067105945
0.32269679839919957	0.1004184715132678
0.3231969484742371	0.09994319070124866
0.3236970985492746	0.09946823271724202
0.3241972486243121	0.0989936055415832
0.32469739869934966	0.0985193170875883
0.32519754877438717	0.09804537520155443
0.3256976988494247	0.09757178766275931
0.3261978489244622	0.09709856218346158
0.3266979989994997	0.09662570640890085
0.32719814907453726	0.0961532279172973
0.32769829914957477	0.09568113421985232
0.3281984492246123	0.09520943276074775
0.3286985992996498	0.09473813091714658
0.3291987493746873	0.09426723599919247
0.3296988994497248	0.09379675525001002
0.33019904952476237	0.09332669584570447
0.3306991995997999	0.09285706489536226
0.3311993496748374	0.09238786944105033
0.3316994997498749	0.09191911645781663
0.3321996498249124	0.0914508128536899
0.3326997998999499	0.09098296546967974
0.3331999499749875	0.09051558107977654
0.333700100050025	0.09004866639095165
0.3342002501250625	0.08958222804315719
0.3347004002001	0.08911627260932606
0.3352005502751375	0.08865080659537211
0.3357007003501751	0.08818583644018989
0.3362008504252126	0.08772136851565498
0.3367010005002501	0.0872574091266237
0.3372011505752876	0.08679396451093317
0.3377013006503251	0.08633104083940137
0.3382014507253626	0.08586864421582721
0.3387016008004002	0.0854067806769903
0.3392017508754377	0.08494545619265122
0.3397019009504752	0.08448467666555134
0.3402020510255127	0.08402444793141285
0.3407022011005502	0.08356477575893877
0.3412023511755878	0.08310566584981297
0.3417025012506253	0.0826471238387003
0.3422026513256628	0.08218915529324625
0.3427028014007003	0.08173176571407724
0.3432029514757378	0.08127496053480052
0.3437031015507753	0.0808187451220042
0.3442032516258129	0.0803631247752571
0.3447034017008504	0.0799081047271092
0.3452035517758879	0.079453690143091
0.3457037018509254	0.07899988612171395
0.3462038519259629	0.07854669769447035
0.3467040020010005	0.07809412982583334
0.347204152076038	0.07764218741325693
0.3477043021510755	0.07719087528717594
0.348204452226113	0.07674019821100603
0.3487046023011505	0.07629016088114367
0.34920475237618803	0.0758407679269662
0.3497049024512256	0.07539202391083179
0.3502050525262631	0.07494392192450536
0.3507052026013006	0.07449646380488718
0.3512053526763381	0.07404967178286931
0.35170550275137563	0.07360355014264996
0.35220565282641314	0.07315810313119553
0.3527058029014507	0.07271333495824062
0.3532059529764882	0.07226924979628821
0.3537061030515257	0.07182585178060921
0.35420625312656323	0.07138314500924299
0.35470640320160074	0.07094113354299691
0.3552065532766383	0.07049982140544665
0.3557067033516758	0.07005921258293611
0.3562068534267133	0.06961931102457737
0.35670700350175083	0.06918012064225072
0.35720715357678834	0.06874164531060459
0.35770730365182585	0.0683038888670557
0.3582074537268634	0.06786685511178893
0.3587076038019009	0.06743054780775747
0.35920775387693843	0.06699497068068253
0.35970790395197594	0.06656012741905366
0.36020805402701345	0.06612602167412863
0.360708204102051	0.06569265705993325
0.3612083541770885	0.06526003715326179
0.36170850425212603	0.06482816549367652
0.36220865432716354	0.06439704558350798
0.36270880440220105	0.0639666808878549
0.36320895447723855	0.06353707483458432
0.3637091045522761	0.06310823081433128
0.36420925462731363	0.06268015218049924
0.36470940470235114	0.062252842249259775
0.36520955477738865	0.06182630429955263
0.36570970485242615	0.0614005415730858
0.3662098549274637	0.060975557274335436
0.3667100050025012	0.06055135457054598
0.36721015507753874	0.06012793659173007
0.36771030515257624	0.05970530643066846
0.36821045522761375	0.059283467142910135
0.36871060530265126	0.058862421746772364
0.3692107553776888	0.058442173223340554
0.36971090545272633	0.05802272451646835
0.37021105552776384	0.05760407853277759
0.37071120560280135	0.05718623814165829
0.37121135567783886	0.05676920617526874
0.3717115057528764	0.05635298542853529
0.37221165582791393	0.055937578659152755
0.37271180590295144	0.05552298858758392
0.37321195597798895	0.055109217897059845
0.37371210605302646	0.05469626923357983
0.37421225612806397	0.05428414520591132
0.37471240620310153	0.053872848385590005
0.37521255627813904	0.053462381306919854
0.37571270635317655	0.05305274646697289
0.37621285642821406	0.0526439463255895
0.37671300650325157	0.052235983305378104
0.3772131565782891	0.05182885979171546
0.37771330665332664	0.051422578132746435
0.37821345672836415	0.05101714063938428
0.37871360680340166	0.05061254958531024
0.37921375687843917	0.05020880720697388
0.3797139069534767	0.049805915703592926
0.38021405702851424	0.0494038772371533
0.38071420710355175	0.049002693932409254
0.38121435717858926	0.04860236787688311
0.38171450725362677	0.04820290112086541
0.3822146573286643	0.04780429567741492
0.3827148074037018	0.047406553522358695
0.38321495747873935	0.04700967659429179
0.38371510755377686	0.046613666794577735
0.38421525762881437	0.04621852598734809
0.3847154077038519	0.04582425599950261
0.3852155577788894	0.045430858620709315
0.38571570785392695	0.04503833560340442
0.38621585792896446	0.04464668866279239
0.38671600800400197	0.04425591947684583
0.3872161580790395	0.04386602968630557
0.387716308154077	0.04347702089468064
0.3882164582291145	0.04308889466824828
0.38871660830415206	0.0427016525360539
0.38921675837918956	0.04231529598991125
0.3897169084542271	0.04192982648440214
0.3902170585292646	0.041545245436876634
0.3907172086043021	0.04116155422745302
0.39121735867933966	0.040778754199017705
0.39171750875437716	0.040396846657225476
0.3922176588294147	0.04001583287049918
0.3927178089044522	0.039635714070029915
0.3932179589794897	0.039256491449776956
0.3937181090545272	0.03887816616646786
0.39421825912956476	0.03850073933959824
0.39471840920460227	0.038124212051432134
0.3952185592796398	0.037748585347001616
0.3957187093546773	0.03737386023410702
0.3962188594297148	0.03700003768331687
0.3967190095047523	0.036627118627967914
0.39721915957978987	0.036255103964165064
0.3977193096548274	0.035883994550781555
0.3982194597298649	0.03551379120945868
0.3987196098049024	0.03514449472460603
0.3992197598799399	0.034776105843401364
0.39971990995497747	0.034408625275790604
0.400220060030015	0.03404203426403302
0.4007202101050525	0.03367634208350341
0.40122036018009	0.03331158111474732
0.4017205102551275	0.032947749426534015
0.402220660330165	0.03258484527534633
0.4027208104052026	0.032222867105380575
0.4032209604802401	0.031861813548546794
0.4037211105552776	0.03150168342446847
0.4042212606303151	0.031142475740482636
0.4047214107053526	0.030784189691639943
0.4052215607803902	0.030426824660704527
0.4057217108554277	0.030070380218154256
0.4062218609304652	0.029714856122180368
0.4067220110055027	0.029360252318687777
0.4072221610805402	0.029006568941294893
0.4077223111555777	0.028653806311333727
0.4082224612306153	0.02830196493784982
0.4087226113056528	0.027951045517602358
0.4092227613806903	0.027601048935063998
0.4097229114557278	0.027251976262421006
0.4102230615307653	0.026903828759573173
0.4107232116058029	0.02655660787413384
0.4112233616808404	0.02621031524143004
0.4117235117558779	0.025864952684502212
0.4122236618309154	0.025520522214104422
0.4127238119059529	0.02517702602870431
0.41322396198099043	0.02483446651448304
0.413724112056028	0.024492846245335355
0.4142242621310655	0.02415216798286959
0.414724412206103	0.023812434676407614
0.4152245622811405	0.023473649462984855
0.41572471235617803	0.02313581566735031
0.4162248624312156	0.022798936801966495
0.4167250125062531	0.022463016567009622
0.4172251625812906	0.022128058850369305
0.4177253126563281	0.021794067727648827
0.4182254627313656	0.02146104746216496
0.41872561280640314	0.021129002504948095
0.4192257628814407	0.02079793749474211
0.4197259129564782	0.02046785725800459
0.4202260630315157	0.020138766808906545
0.4207262131065532	0.019810671349332586
0.42122636318159073	0.019483576268880903
0.42172651325662824	0.019157487144863223
0.4222266633316658	0.018832409742304827
0.4227268134067033	0.018508350013944654
0.4232269634817408	0.01818531410023509
0.42372711355677833	0.017863308329342117
0.42422726363181584	0.017542339217145295
0.4247274137068534	0.017222413467237706
0.4252275637818909	0.0169037596867946
0.4257277138569284	0.016586419571651738
0.42622786393196593	0.016270126307063933
0.42672801400700344	0.015954905328959604
0.42722816408204095	0.015640785356661722
0.4277283141570785	0.015327798392887842
0.428228464232116	0.015015979723750201
0.42872861430715353	0.014705367918755537
0.42922876438219104	0.014396004830805222
0.42972891445722855	0.01408793559619519
0.4302290645322661	0.013781208634615967
0.4307292146073036	0.013475875649152756
0.43122936468234113	0.013171991626285254
0.43172951475737864	0.01286961483588779
0.43222966483241615	0.012568806831229285
0.43272981490745366	0.012269632448973241
0.4332299649824912	0.011972159809177745
0.43373011505752873	0.011676460315295543
0.43423026513256624	0.011382608654173908
0.43473041520760375	0.011090682796054711
0.43523056528264126	0.010800763994574438
0.4357307153576788	0.010512936786764125
0.43623086543271633	0.010227288993049493
0.43673101550775384	0.00994391171725077
0.43723116558279135	0.009662899346582805
0.43773131565782886	0.009384349551655036
0.43823146573286637	0.0091083632864715
0.43873161580790393	0.008835044788430795
0.43923176588294144	0.008564501578326196
0.43973191595797895	0.008296844460345495
0.44023206603301646	0.008032187522071098
0.44073221610805396	0.007770648134479989
0.4412323661830915	0.007512346951943783
0.44173251625812904	0.007257407912228618
0.44223266633316655	0.007005958236495339
0.44273281640820406	0.00675812842929929
0.44323296648324156	0.006514052278590427
0.4437331165582791	0.0062738668557133165
0.44423326663331664	0.006037712515407074
0.44473341670835415	0.005805732895805504
0.44523356678339165	0.005578074918436908
0.44573371685842916	0.005354888788224219
0.44623386693346667	0.0051363279934849605
0.4467340170085042	0.004922549305931245
0.44723416708354174	0.004713712780669759
0.44773431715857925	0.004509981756201849
0.44823446723361676	0.004311522854423386
0.44873461730865427	0.004118505980624858
0.4492347673836918	0.0039311043234913435
0.44973491745872934	0.003749494355102497
0.45023506753376685	0.003573091675554454
0.45073521760880436	0.0034015593385045
0.45123536768384187	0.0032356105431217827
0.4517355177588794	0.00307524457149932
0.4522356678339169	0.002920451657893624
0.45273581790895445	0.0027712129887246715
0.45323596798399196	0.0026275007025759792
0.45373611805902947	0.0024892778901944965
0.454236268134067	0.0023564985944906835
0.4547364182091045	0.0022291078105384837
0.45523656828414205	0.002107041485575314
0.45573671835917956	0.0019902265190021194
0.45623686843421707	0.0018785807623832918
0.4567370185092546	0.0017720130194467253
0.4572371685842921	0.0016704230460837983
0.4577373186593296	0.001573701550349378
0.45823746873436716	0.001481730192461809
0.45873761880940467	0.0013943815848029525
0.4592377688844422	0.0013115192919181278
0.4597379189594797	0.0012329978305161496
0.4602380690345172	0.001158662669469322
0.4607382191095547	0.0010883502298134338
0.46123836918459227	0.001021887884747756
0.4617385192596298	0.000959093959635068
0.4622386693346673	0.000899777732001613
0.4627388194097048	0.0008438485477372921
0.4632389694847423	0.0007912570420586477
0.46373911955977987	0.0007417764310737013
0.4642392696348174	0.000695254285983617
0.4647394197098549	0.0006515427830684306
0.4652395697848924	0.0006104987036870723
0.4657397198599299	0.0005719834342773617
0.4662398699349674	0.000535862966356007
0.466740020010005	0.000502007896518602
0.4672401700850425	0.00047029342643964064
0.46774032016008	0.0004405993628724941
0.4682404702351175	0.00041281011764942715
0.468740620310155	0.0003868147076815925
0.4692407703851926	0.00036250675495903037
0.4697409204602301	0.0003397844865506769
0.4702410705352676	0.0003185507346043497
0.4707412206103051	0.000298712936346758
0.4712413706853426	0.00028018313408350004
0.4717415207603801	0.00026287797519906274
0.4722416708354177	0.0002467187121568208
0.4727418209104552	0.00023163120249904267
0.4732419709854927	0.00021754590884688063
0.4737421210605302	0.00020439789890037776
0.4742422711355677	0.00019212684543846632
0.4747424212106053	0.00018067702631896574
0.4752425712856428	0.00017008960659725157
0.4757427213606803	0.00016025516694794369
0.4762428714357178	0.0001510133943439091
0.4767430215107553	0.0001423357595338538
0.4772431715857928	0.0001341944963054724
0.4777433216608304	0.00012656260148544756
0.4782434717358679	0.0001194138349394527
0.4787436218109054	0.00011272271957214751
0.4792437718859429	0.00010646454132718122
0.4797439219609804	0.00010061534918719152
0.48024407203601793	9.515195517380489E-05
0.4807442221110555	9.005193434763582E-05
0.481244372186093	8.52936248082891E-05
0.4817445222611305	8.08561276943565E-05
0.482244672336168	7.671930718341882E-05
0.48274482241120553	7.286379049204579E-05
0.4832449724862431	6.927096787579506E-05
0.4837451225612806	6.592299262921428E-05
0.4842452726363181	6.280278108583855E-05
0.4847454227113556	5.989401261819184E-05
0.48524557278639313	5.7181129637786874E-05
0.48574572286143064	5.464933759512503E-05
0.4862458729364682	5.228460497969591E-05
0.4867460230115057	5.007366331997869E-05
0.4872461730865432	4.800400718344031E-05
0.48774632316158073	4.6063894176536555E-05
0.48824647323661824	4.424234494471192E-05
0.4887466233116558	4.2529143172399316E-05
0.4892467733866933	4.0914835583020807E-05
0.4897469234617308	3.939073193898658E-05
0.49024707353676833	3.794890504169558E-05
0.49074722361180584	3.658219073153545E-05
0.49124737368684335	3.528418788788235E-05
0.4917475237618809	3.404925842910109E-05
0.4922476738369184	3.287252731254537E-05
0.49274782391195593	3.174988253455718E-05
0.49324797398699344	3.067797513046725E-05
0.49374812406203095	2.9654219174594968E-05
0.4942482741370685	2.8676791780248216E-05
0.494748424212106	2.7744633099723824E-05
0.49524857428714353	2.6857446324306954E-05
0.49574872436218104	2.6015697684271488E-05
0.49624887443721855	2.5220616448879904E-05
0.49674902451225605	2.4474194926383374E-05
0.4972491745872936	2.3779188464021567E-05
0.4977493246623311	2.3139115448023042E-05
0.49824947473736864	2.2558257303604716E-05
0.49874962481240614	2.204165849497226E-05
0.49924977488744365	2.1595126525319934E-05
0.4997499249624812	2.1225231936830606E-05
0.5002500750375187	2.085212810463829E-05
0.5007502251125562	2.0434292405842335E-05
0.5012503751875937	2.00317597503455E-05
0.5017505252626313	1.9644037255703514E-05
0.5022506753376688	1.9270639908456295E-05
0.5027508254127063	1.891109056412771E-05
0.5032509754877438	1.8564919947226155E-05
0.5037511255627813	1.823166665124389E-05
0.5042512756378189	1.7910877138657622E-05
0.5047514257128564	1.7602105740928226E-05
0.5052515757878939	1.7304914658500563E-05
0.5057517258629314	1.701887396080399E-05
0.5062518759379689	1.674356158625177E-05
0.5067520260130065	1.647856334224156E-05
0.507252176088044	1.6223472905155204E-05
0.5077523261630815	1.5977891820358582E-05
0.508252476238119	1.5741429502201983E-05
0.5087526263131565	1.5513703234019664E-05
0.509252776388194	1.5294338168130315E-05
0.5097529264632316	1.5082967325836601E-05
0.5102530765382691	1.4879231597425517E-05
0.5107532266133066	1.468277974216828E-05
0.5112533766883441	1.4493268388320142E-05
0.5117535267633816	1.4310362033120745E-05
0.5122536768384192	1.4133733042793741E-05
0.5127538269134567	1.396306165254711E-05
0.5132539769884942	1.3798035966573033E-05
0.5137541270635317	1.3638351958047739E-05
0.5142542771385692	1.3483713469131844E-05
0.5147544272136068	1.333383221096999E-05
0.5152545772886443	1.3188427763691122E-05
0.5157547273636818	1.3047227576408382E-05
0.5162548774387193	1.290996696721901E-05
0.5167550275137568	1.2776389123204571E-05
0.5172551775887944	1.2646245100430692E-05
0.5177553276638318	1.2519293823947325E-05
0.5182554777388694	1.2395302087788497E-05
0.5187556278139069	1.2274044554972513E-05
0.5192557778889444	1.2155303757501877E-05
0.519755927963982	1.203887009636321E-05
0.5202560780390194	1.1924541841527422E-05
0.520756228114057	1.181212513194952E-05
0.5212563781890945	1.1701433975568797E-05
0.521756528264132	1.1592290249308725E-05
0.5222566783391696	1.1484523699076896E-05
0.522756828414207	1.1377971939765197E-05
0.5232569784892446	1.1272480455249626E-05
0.5237571285642821	1.1167902598390433E-05
0.5242572786393196	1.106409959103207E-05
0.5247574287143572	1.0960940524003107E-05
0.5252575787893946	1.0858302357116417E-05
0.5257577288644322	1.0756069919168964E-05
0.5262578789394697	1.0654135907941971E-05
0.5267580290145072	1.0552400890200871E-05
0.5272581790895448	1.0450773301695219E-05
0.5277583291645822	1.0349169447158843E-05
0.5282584792396198	1.0247513500309697E-05
0.5287586293146572	1.0145737503850006E-05
0.5292587793896948	1.0043781369466104E-05
0.5297589294647324	9.941592877828585E-06
0.5302590795397698	9.839127678592244E-06
0.5307592296148074	9.736349290395996E-06
0.5312593796898448	9.633229100863056E-06
0.5317595297648824	9.529746366600725E-06
0.53225967983992	9.42588821320058E-06
0.5327598299149574	9.321649635238383E-06
0.533259979989995	9.217033496274036E-06
0.5337601300650324	9.112050528851718E-06
0.53426028014007	9.00671933449971E-06
0.5347604302151076	8.90106638373057E-06
0.535260580290145	8.795126016041033E-06
0.5357607303651826	8.688940439911977E-06
0.53626088044022	8.58255973280856E-06
0.5367610305152576	8.476041841180035E-06
0.537261180590295	8.369452580459956E-06
0.5377613306653326	8.262865635065972E-06
0.5382614807403702	8.1563625584E-06
0.5387616308154076	8.050032772848155E-06
0.5392617808904452	7.94397356978067E-06
0.5397619309654826	7.838290109552063E-06
0.5402620810405202	7.733095421500972E-06
0.5407622311155578	7.628510403950287E-06
0.5412623811905952	7.524663824207082E-06
0.5417625312656328	7.421692318562589E-06
0.5422626813406702	7.319740392292296E-06
0.5427628314157078	7.218960419655812E-06
0.5432629814907454	7.119512643897001E-06
0.5437631315657828	7.021565177243927E-06
0.5442632816408204	6.925294000908782E-06
0.5447634317158578	6.830882965088033E-06
0.5452635817908954	6.738523788962272E-06
0.545763731865933	6.648416060696337E-06
0.5462638819409704	6.560767237439262E-06
0.546764032016008	6.475792645324222E-06
0.5472641820910454	6.393715479468658E-06
0.547764332166083	6.314766803974136E-06
0.5482644822411205	6.2391855519264915E-06
0.548764632316158	6.167218525395678E-06
0.5492647823911956	6.099120395435904E-06
0.549764932466233	6.035153702085558E-06
0.5502650825412706	5.960937915031762E-06
0.550765232616308	5.877132731544641E-06
0.5512653826913456	5.793826038490614E-06
0.5517655327663832	5.711025384343097E-06
0.5522656828414206	5.628738168683138E-06
0.5527658329164582	5.546971642199367E-06
0.5532659829914957	5.465732906688124E-06
0.5537661330665332	5.385028915053318E-06
0.5542662831415708	5.304866471306542E-06
0.5547664332166082	5.225252230567032E-06
0.5552665832916458	5.146192699061602E-06
0.5557667333666833	5.0676942341247805E-06
0.5562668834417208	4.989763044198654E-06
0.5567670335167583	4.912405188833026E-06
0.5572671835917958	4.835626578685256E-06
0.5577673336668334	4.759432975520405E-06
0.5582674837418709	4.68382999221116E-06
0.5587676338169084	4.608823092737798E-06
0.5592677838919459	4.534417592188303E-06
0.5597679339669834	4.460618656758224E-06
0.560268084042021	4.387431303750801E-06
0.5607682341170585	4.31486040157691E-06
0.561268384192096	4.242910669755012E-06
0.5617685342671335	4.171586678911274E-06
0.562268684342171	4.100892850779431E-06
0.5627688344172086	4.03083345820091E-06
0.563268984492246	3.961412625124766E-06
0.5637691345672836	3.8926343266076504E-06
0.5642692846423211	3.82450238881391E-06
0.5647694347173586	3.7570204890154697E-06
0.5652695847923962	3.690192155591937E-06
0.5657697348674336	3.624020768030554E-06
0.5662698849424712	3.5585095569261562E-06
0.5667700350175087	3.493661603981276E-06
0.5672701850925462	3.429479842006021E-06
0.5677703351675837	3.365967054918199E-06
0.5682704852426212	3.303125877743194E-06
0.5687706353176588	3.2409587966140684E-06
0.5692707853926963	3.1794681487715245E-06
0.5697709354677338	3.118656122563859E-06
0.5702710855427713	3.058524757447058E-06
0.5707712356178088	2.9990759439846918E-06
0.5712713856928464	2.9403114238480118E-06
0.5717715357678839	2.8822327898159015E-06
0.5722716858429214	2.8248414857748413E-06
0.5727718359179589	2.7681388067190045E-06
0.5732719859929964	2.712125898750149E-06
0.573772136068034	2.656803759077705E-06
0.5742722861430715	2.602173236018741E-06
0.574772436218109	2.5482350289979277E-06
0.5752725862931465	2.494989688547618E-06
0.575772736368184	2.4424376163077552E-06
0.5762728864432216	2.3905790650259563E-06
0.5767730365182591	2.3394141385574737E-06
0.5772731865932966	2.288942791865161E-06
0.5777733366683341	2.2391648310195572E-06
0.5782734867433716	2.1900799131987917E-06
0.5787736368184091	2.1416875466886756E-06
0.5792737868934467	2.0939870908826127E-06
0.5797739369684842	2.046977756281676E-06
0.5802740870435217	2.0006586044945765E-06
0.5807742371185592	1.95502854823763E-06
0.5812743871935967	1.9100863513348307E-06
0.5817745372686343	1.8658306287177687E-06
0.5822746873436718	1.822259846425701E-06
0.5827748374187093	1.779372321605522E-06
0.5832749874937468	1.737166222511734E-06
0.5837751375687843	1.695639568506515E-06
0.5842752876438219	1.6547902300596406E-06
0.5847754377188594	1.614615928748552E-06
0.5852755877938969	1.575114237258329E-06
0.5857757378689344	1.5362825793816572E-06
0.5862758879439719	1.4981182300189E-06
0.5867760380190095	1.4606183151780178E-06
0.5872761880940469	1.4237798119746477E-06
0.5877763381690845	1.387599548632023E-06
0.588276488244122	1.3520742044810452E-06
0.5887766383191595	1.3172003099602493E-06
0.5892767883941971	1.2829742466157845E-06
0.5897769384692345	1.2493922471014676E-06
0.5902770885442721	1.2164503951787228E-06
0.5907772386193096	1.1841446257166327E-06
0.5912773886943471	1.152470724691916E-06
0.5917775387693847	1.1214243291889098E-06
0.5922776888444221	1.0910009273996135E-06
0.5927778389194597	1.0611958586236364E-06
0.5932779889944972	1.0320043132682461E-06
0.5937781390695347	1.0034213328483461E-06
0.5942782891445723	9.754418099864577E-07
0.5947784392196097	9.48060488412765E-07
0.5952785892946473	9.212719629650631E-07
0.5957787393696848	8.95070679588804E-07
0.5962788894447223	8.694509353370745E-07
0.5967790395197599	8.444068783705821E-07
0.5972791895947973	8.199325079576945E-07
0.5977793396698349	7.960216744743933E-07
0.5982794897448723	7.726680794043192E-07
0.5987796398199099	7.498652753387279E-07
0.5992797898949475	7.27606665976528E-07
0.5997799399699849	7.058855061242661E-07
0.6002800900450225	6.850187911362118E-07
0.6007802401200599	6.649583547272427E-07
0.6012803901950975	6.453495127250759E-07
0.6017805402701351	6.261854970203062E-07
0.6022806903451725	6.074595894815619E-07
0.6027808404202101	5.89165121955491E-07
0.6032809904952475	5.712954762667923E-07
0.6037811405702851	5.538440842181809E-07
0.6042812906453227	5.368044275904172E-07
0.6047814407203601	5.201700381422946E-07
0.6052815907953977	5.039344976106284E-07
0.6057817408704351	4.880914377102819E-07
0.6062818909454727	4.726345401341374E-07
0.6067820410205101	4.575575365531238E-07
0.6072821910955477	4.428542086161899E-07
0.6077823411705853	4.28518387950328E-07
0.6082824912456227	4.145439561605633E-07
0.6087826413206603	4.009248448299444E-07
0.6092827913956977	3.876550355195656E-07
0.6097829414707353	3.7472855976854236E-07
0.6102830915457729	3.621394990940324E-07
0.6107832416208103	3.498819849912263E-07
0.6112833916958479	3.379501989333393E-07
0.6117835417708853	3.263383723716312E-07
0.6122836918459229	3.1504078673538414E-07
0.6127838419209605	3.0405177343192116E-07
0.6132839919959979	2.9336571384659815E-07
0.6137841420710355	2.8297703934279753E-07
0.6142842921460729	2.7288023126194386E-07
0.6147844422211105	2.630698209234859E-07
0.6152845922961481	2.535403896249121E-07
0.6157847423711855	2.442865686417446E-07
0.6162848924462231	2.353030392275317E-07
0.6167850425212605	2.2658453261386345E-07
0.6172851925962981	2.1812583001035524E-07
0.6177853426713356	2.0992176260466297E-07
0.6182854927463731	2.0196721156246862E-07
0.6187856428214107	1.9425710802749277E-07
0.6192857928964481	1.8678643312148864E-07
0.6197859429714857	1.795502179442384E-07
0.6202860930465232	1.725435435735632E-07
0.6207862431215607	1.6576154106531143E-07
0.6212863931965983	1.5919939145336918E-07
0.6217865432716357	1.5285232574965575E-07
0.6222866933466733	1.4671562494411922E-07
0.6227868434217108	1.4078462000474635E-07
0.6232869934967483	1.3505469187755197E-07
0.6237871435717859	1.2952127148658778E-07
0.6242872936468233	1.2417983973393866E-07
0.6247874437218609	1.1902592749971921E-07
0.6252875937968984	1.1405511564208156E-07
0.6257877438719359	1.0926303499720692E-07
0.6262878939469734	1.0464536637931371E-07
0.6267880440220109	1.0019784058064949E-07
0.6272881940970485	9.591623837149797E-08
0.627788344172086	9.179639050017611E-08
0.6282884942471235	8.783417769303118E-08
0.628788644322161	8.402553065444722E-08
0.6292887943971985	8.036643006683801E-08
0.6297889444722361	7.685290659065298E-08
0.6302890945472736	7.348104086437494E-08
0.6307892446223111	7.024696350451721E-08
0.6312893946973486	6.714685510562948E-08
0.6317895447723861	6.417694624029182E-08
0.6322896948474237	6.133351745911945E-08
0.6327898449224612	5.861289929076071E-08
0.6332899949974987	5.601147224189539E-08
0.6337901450725362	5.35256667972386E-08
0.6342902951475737	5.1151963419536655E-08
0.6347904452226113	4.888689254957049E-08
0.6352905952976488	4.672703460615429E-08
0.6357907453726863	4.466901998613397E-08
0.6362908954477238	4.27095290643903E-08
0.6367910455227613	4.084529219383574E-08
0.6372911955977988	3.907308970541744E-08
0.6377913456728364	3.7389751908114196E-08
0.6382914957478739	3.579215908893908E-08
0.6387916458229114	3.4277241512938355E-08
0.6392917958979489	3.28419794231905E-08
0.6397919459729864	3.1483403040808344E-08
0.640292096048024	3.0198592564936744E-08
0.6407922461230615	2.8984678172754707E-08
0.641292396198099	2.7838840019474274E-08
0.6417925462731365	2.6758308238339907E-08
0.642292696348174	2.574036294063027E-08
0.6427928464232116	2.4782334215656283E-08
0.6432929964982491	2.3881602130762727E-08
0.6437931465732866	2.3035596731327455E-08
0.6442932966483241	2.2241798040761042E-08
0.6447934467233616	2.1497736060507895E-08
0.6452935967983991	2.0800990770044924E-08
0.6457937468734366	2.0149192126882937E-08
0.6462938969484742	1.954002006656519E-08
0.6467940470235117	1.8971204502668692E-08
0.6472941970985492	1.8440525326803536E-08
0.6477943471735867	1.794581240861264E-08
0.6482944972486242	1.7484945595772564E-08
0.6487946473236618	1.7055854713992626E-08
0.6492947973986993	1.6656519567015644E-08
0.6497949474737368	1.6284969936617567E-08
0.6502950975487743	1.59392855826073E-08
0.6507952476238118	1.561759624282725E-08
0.6512953976988494	1.5318081633152722E-08
0.6517955477738869	1.503897144749238E-08
0.6522956978489244	1.477854535778804E-08
0.652795847923962	1.4535133014014584E-08
0.6532959979989994	1.4307114044180288E-08
0.653796148074037	1.409291805432637E-08
0.6542962981490745	1.3891024628527338E-08
0.654796448224112	1.3699963328891013E-08
0.6552965982991495	1.3518313695558091E-08
0.655796748374187	1.3344705246702785E-08
0.6562968984492246	1.3177817478532197E-08
0.656797048524262	1.301637986528688E-08
0.6572971985992996	1.2859171859240271E-08
0.6577973486743371	1.2705022890699233E-08
0.6582974987493746	1.2552812368003757E-08
0.6587976488244122	1.2401469677526886E-08
0.6592977988994496	1.2249974183675012E-08
0.6597979489744872	1.2097355228887594E-08
0.6602980990495247	1.1942692133637304E-08
0.6607982491245622	1.1785114196430047E-08
0.6612983991995998	1.16238006938048E-08
0.6617985492746372	1.1457980880333838E-08
0.6622986993496748	1.1286933988622509E-08
0.6627988494247123	1.1109989229309426E-08
0.6632989994997498	1.0926525791066385E-08
0.6637991495747874	1.0735972840598245E-08
0.6642992996498248	1.0537809522643211E-08
0.6647994497248624	1.0331564959972497E-08
0.6652995997998998	1.0116818253390678E-08
0.6657997498749374	9.893198481735336E-09
0.666299899949975	9.660384701877368E-09
0.6668000500250124	9.418105948720822E-09
0.66730020010005	9.166141235202815E-09
0.6678003501750874	8.904319552293861E-09
0.668300500250125	8.632519868997371E-09
0.6688006503251626	8.350671132350164E-09
0.6693008004002	8.058752267422282E-09
0.6698009504752376	7.756792177316614E-09
0.670301100550275	7.4448697431696815E-09
0.6708012506253126	7.123113824150727E-09
0.6713014007003502	6.791703257462553E-09
0.6718015507753876	6.45086685834101E-09
0.6723017008504252	6.100883420054961E-09
0.6728018509254626	5.742081713906782E-09
0.6733020010005002	5.3748404892316335E-09
0.6738021510755378	4.99958847339821E-09
0.6743023011505752	4.616804371808304E-09
0.6748024512256128	4.227016867896681E-09
0.6753026013006502	3.830804623131568E-09
0.6758027513756878	3.42879627701408E-09
0.6763029014507252	3.0216704470788515E-09
0.6768030515257628	2.610155728893374E-09
0.6773032016008004	2.1950306960584925E-09
0.6778033516758378	1.7771239002083703E-09
0.6783035017508754	1.3573138710099443E-09
0.6788036518259128	9.365291161637417E-10
0.6793038019009504	5.157481214031839E-10
0.679803951975988	9.599935049510911E-11
0.6803041020510254	-3.2163875476065263E-10
0.680804252126063	-7.360377745310944E-10
0.6813044022011004	-1.1460193109497166E-09
0.681804552276138	-1.5503549881173206E-09
0.6823047023511756	-1.9477664521011983E-09
0.682804852426213	-2.336925370935479E-09
0.6833050025012506	-2.7164534346212867E-09
0.683805152576288	-3.0849223551263485E-09
0.6843053026513256	-3.440853866385481E-09
0.6848054527263631	-3.782719724299927E-09
0.6853056028014006	-4.10894170673822E-09
0.6858057528764382	-4.41789161353531E-09
0.6863059029514756	-4.7078912664931765E-09
0.6868060530265132	-4.977212509380579E-09
0.6873062031015507	-5.224077207933089E-09
0.6878063531765882	-5.446657249853135E-09
0.6883065032516258	-5.643074544809815E-09
0.6888066533266632	-5.811401024439305E-09
0.6893068034017008	-5.949658642344292E-09
0.6898069534767383	-6.0558193740945785E-09
0.6903071035517758	-6.12780521722658E-09
0.6908072536268134	-6.163488191243656E-09
0.6913074037018508	-6.16069033761587E-09
0.6918075537768884	-6.117183719780202E-09
0.6923077038519259	-6.030690423140505E-09
0.6928078539269634	-5.8988825550671465E-09
0.693308004002001	-5.719382244897722E-09
0.6938081540770384	-5.489761643936345E-09
0.694308304152076	-5.2075429254541905E-09
0.6948084542271135	-4.870198284689021E-09
0.695308604302151	-4.4751499388455226E-09
0.6958087543771885	-4.019770127095237E-09
0.696308904452226	-3.5013811105763744E-09
0.6968090545272636	-2.91725517239413E-09
0.6973092046023011	-2.264614617620643E-09
0.6978093546773386	-1.5406317732944132E-09
0.6983095047523761	-7.424289884213203E-10
0.6988096548274136	1.3292136602658728E-10
0.6993098049024512	1.0883968971097932E-09
0.6998099549774887	2.1270251899221376E-09
0.7003101050525262	2.373084357096679E-09
0.7008102551275637	2.267587532875688E-09
0.7013104052026012	2.165297467275534E-09
0.7018105552776388	2.0661547930757677E-09
0.7023107053526763	1.970100653065185E-09
0.7028108554277138	1.877076700041766E-09
0.7033110055027513	1.787025096812823E-09
0.7038111555777888	1.6998885161948342E-09
0.7043113056528263	1.6156101410136054E-09
0.7048114557278639	1.5341336641041111E-09
0.7053116058029014	1.4554032883106355E-09
0.7058117558779389	1.379363726486703E-09
0.7063119059529764	1.3059602014950371E-09
0.7068120560280139	1.235138446207677E-09
0.7073122061030515	1.1668447035058436E-09
0.707812356178089	1.1010257262800539E-09
0.7083125062531265	1.0376287774300719E-09
0.708812656328164	9.766016298648649E-10
0.7093128064032015	9.17892566502704E-10
0.709812956478239	8.614503802710571E-10
0.7103131065532766	8.072243741066769E-10
0.7108132566283141	7.551643609555618E-10
0.7113134067033516	7.052206637729245E-10
0.7118135567783891	6.573441155232724E-10
0.7123137068534267	6.114860591803152E-10
0.7128138569284642	5.675983477270421E-10
0.7133140070035017	5.256333441556895E-10
0.7138141570785392	4.855439214677144E-10
0.7143143071535767	4.472834626738566E-10
0.7148144572286143	4.1080586079406967E-10
0.7153146073036517	3.760655188575881E-10
0.7158147573786893	3.430173499028631E-10
0.7163149074537268	3.1161677697761587E-10
0.7168150575287643	2.818197331388156E-10
0.7173152076038019	2.535826614526575E-10
0.7178153576788393	2.2686251499461207E-10
0.7183155077538769	2.0161675684937305E-10
0.7188156578289144	1.7780336011089938E-10
0.7193158079039519	1.553808078823968E-10
0.7198159579789895	1.3430809327630397E-10
0.7203161080540269	1.1454471941432653E-10
0.7208162581290645	9.605069942740026E-11
0.721316408204102	7.878655645572217E-11
0.7218165582791395	6.27133236487352E-11
0.722316708354177	4.7792544165120474E-11
0.7228168584292145	3.39862711728199E-11
0.7233170085042521	2.125706784901102E-11
0.7238171585792896	9.568007380128064E-12
0.7243173086543271	-1.1173270381472678E-12
0.7248174587293646	-1.0834842200893266E-11
0.7253176088044021	-1.9619934893930437E-11
0.7258177588794397	-2.7507491893840477E-11
0.7263179089544771	-3.453188996794948E-11
0.7268180590295147	-4.072699587434212E-11
0.7273182091045522	-4.6126166361851073E-11
0.7278183591795897	-5.07622481700612E-11
0.7283185092546273	-5.466757802931329E-11
0.7288186593296647	-5.787398266069588E-11
0.7293188094047023	-6.041277877605332E-11
0.7298189594797398	-6.23147730779795E-11
0.7303191095547773	-6.361026225982143E-11
0.7308192596298149	-6.432903300567887E-11
0.7313194097048523	-6.45003619904031E-11
0.7318195597798899	-6.41530158795976E-11
0.7323197098549274	-6.331525132961817E-11
0.7328198599299649	-6.201481498757312E-11
0.7333200100050025	-6.027894349132196E-11
0.7338201600800399	-5.8134363469477965E-11
0.7343203101550775	-5.5607291541404784E-11
0.7348204602301149	-5.2723434317219854E-11
0.7353206103051525	-4.950798839779113E-11
0.7358207603801901	-4.5985640374740106E-11
0.7363209104552275	-4.218056683044101E-11
0.7368210605302651	-3.811643433801747E-11
0.7373212106053025	-3.381639946134895E-11
0.7378213606803401	-2.9303108755063384E-11
0.7383215107553777	-2.4598698764543458E-11
0.7388216608304151	-1.972479602592468E-11
0.7393218109054527	-1.4702517066091163E-11
0.7398219609804901	-9.552468402683647E-12
0.7403221110555277	-4.294746544090349E-12
0.7408222611305653	1.0510620105445635E-12
0.7413224112056027	6.465880771324821E-12
0.7418225612806403	1.1931143257605685E-11
0.7423227113556777	1.742879299798522E-11
0.7428228614307153	2.294128353031433E-11
0.7433230115057529	2.845157840168804E-11
0.7438231615807903	3.3943151168449093E-11
0.7443233116558279	3.9399985396191866E-11
0.7448234617308653	4.4806574659753594E-11
0.7453236118059029	5.01479225432242E-11
0.7458237618809404	5.540954263993672E-11
0.7463239119559779	6.057745855247643E-11
0.7468240620310155	6.563820389267329E-11
0.7473242121060529	7.057882228160499E-11
0.7478243621810905	7.538686734960008E-11
0.748324512256128	8.005040273623127E-11
0.7488246623311655	8.455800209032249E-11
0.7493248124062031	8.889874906994293E-11
0.7498249624812405	9.306223734240958E-11
0.7503251125562781	9.703857058428993E-11
0.7508252626313155	1.008183624813957E-10
0.7513254127063531	1.0439273672878995E-10
0.7518255627813907	1.0775332703078106E-10
0.7523257128564281	1.1089227710092514E-10
0.7528258629314657	1.1380224066202855E-10
0.7533260130065031	1.164763814461426E-10
0.7538261630815407	1.1890837319456872E-10
0.7543263131565782	1.2109239965785432E-10
0.7548264632316157	1.2302315459579628E-10
0.7553266133066533	1.2469584177743812E-10
0.7558267633816907	1.261061749810712E-10
0.7563269134567283	1.2725037799423566E-10
0.7568270635317658	1.2812518461371837E-10
0.7573272136068033	1.2872783864555484E-10
0.7578273636818409	1.2905609390502795E-10
0.7583275137568783	1.2910821421666846E-10
0.7588276638319159	1.28882973414255E-10
0.7593278139069534	1.2837965534081407E-10
0.7598279639819909	1.2759805384861983E-10
0.7603281140570285	1.2653847279919436E-10
0.760828264132066	1.2520172606330798E-10
0.7613284142071035	1.235891375209778E-10
0.761828564282141	1.2170254106147E-10
0.7623287143571785	1.1954428058329719E-10
0.7628288644322161	1.1711720999422089E-10
0.7633290145072535	1.1442469321125082E-10
0.7638291645822911	1.1147060416064242E-10
0.7643293146573286	1.0825932677790197E-10
0.7648294647323661	1.0479575500778015E-10
0.7653296148074036	1.0108529280427905E-10
0.7658297648824411	9.713385413064489E-11
0.7663299149574787	9.294786295937459E-11
0.7668300650325162	8.853425327221277E-11
0.7673302151075537	8.390046906014905E-11
0.7678303651825912	7.905446432342507E-11
0.7683305152576287	7.400470307152546E-11
0.7688306653326663	6.87601593231866E-11
0.7693308154077038	6.333031710639255E-11
0.7698309654827413	5.772517045837144E-11
0.7703311155577788	5.195522342560433E-11
0.7708312656328163	4.603149006381482E-11
0.7713314157078539	3.996549443797846E-11
0.7718315657828914	3.376927062231847E-11
0.7723317158579289	2.745536270030182E-11
0.7728318659329664	2.1036824764648945E-11
0.7733320160080039	1.4527220917322436E-11
0.7738321660830414	7.940625269538322E-12
0.774332316158079	1.2916219417547226E-12
0.7748324662331165	-5.404694936318123E-12
0.775332616308154	-1.2132721225721936E-11
0.7758327663831915	-1.887634277825521E-11
0.776332916458229	-2.5618935436462888E-11
0.7768330665332666	-3.234336503364725E-11
0.7773332166083041	-3.9031987393859473E-11
0.7778333666833416	-4.566664833190207E-11
0.7783335167583791	-5.222868365333439E-11
0.7788336668334166	-5.869891915446208E-11
0.7793338169084542	-6.505767062234884E-11
0.7798339669834917	-7.128474383480624E-11
0.7803341170585292	-7.735943456039813E-11
0.7808342671335667	-8.326052855844433E-11
0.7813344172086042	-8.896630157901166E-11
0.7818345672836418	-9.445451936292459E-11
0.7823347173586793	-9.970243764175553E-11
0.7828348674337168	-1.0468680213782944E-10
0.7833350175087543	-1.0938384856422667E-10
0.7838351675837918	-1.1376930262477594E-10
0.7843353176588294	-1.1781838001406135E-10
0.7848354677338668	-1.2150578641741598E-10
0.7853356178089044	-1.2480571751092843E-10
0.7858357678839419	-1.2769185896143704E-10
0.7863359179589794	-1.3013738642653274E-10
0.786836068034017	-1.3211496555455968E-10
0.7873362181090544	-1.3359675198461245E-10
0.787836368184092	-1.3455439134654067E-10
0.7883365182591295	-1.3495901926094286E-10
0.788836668334167	-1.3478126133917194E-10
0.7893368184092046	-1.339912331833318E-10
0.789836968484242	-1.3255854038627956E-10
0.7903371185592796	-1.3045227853162377E-10
0.7908372686343171	-1.2764103319372467E-10
0.7913374187093546	-1.2409287993769688E-10
0.7918375687843922	-1.197753843194039E-10
0.7923377188594296	-1.1465560188546554E-10
0.7928378689344672	-1.0870007817324872E-10
0.7933380190095046	-1.0187484871087779E-10
0.7938381690845422	-9.414543901722405E-11
0.7943383191595798	-8.547686460191504E-11
0.7948384692346172	-7.583363096533173E-11
0.7953386193096548	-6.517973359859939E-11
0.7958387693846922	-5.347865798360669E-11
0.7963389194597298	-4.0693379592982397E-11
0.7968390695347674	-2.678636389011656E-11
0.7973392196098048	-1.171956632915157E-11
0.7978393696848424	4.5455676450268515E-12
0.7983395197598798	2.2048102596768794E-11
0.7988396698349174	4.082761309968636E-11
0.799339819909955	6.092418373662729E-11
0.7998399699849924	8.237840909968669E-11
0.80034012006003	8.706707901627989E-11
0.8008402701350674	8.175995766544113E-11
0.801340420210105	7.66550385349762E-11
0.8018405702851426	7.174792600342351E-11
0.80234072036018	6.703426691791257E-11
0.8028408704352176	6.250975059416105E-11
0.803341020510255	5.817010881648185E-11
0.8038411705852926	5.401111583777507E-11
0.80434132066033	5.002858837953605E-11
0.8048414707353676	4.621838563184754E-11
0.8053416208104052	4.2576409253386325E-11
0.8058417708854426	3.909860337142011E-11
0.8063419209604802	3.5780954581805665E-11
0.8068420710355176	3.261949194899395E-11
0.8073422211105552	2.961028700602424E-11
0.8078423711855928	2.6749453754529183E-11
0.8083425212606302	2.4033148664732523E-11
0.8088426713356678	2.1457570675447473E-11
0.8093428214107052	1.901896119408072E-11
0.8098429714857428	1.671360409662805E-11
0.8103431215607804	1.4537825727678042E-11
0.8108432716358178	1.2487994900410423E-11
0.8113434217108554	1.0560522896594787E-11
0.8118435717858928	8.751863466593715E-12
0.8123437218609304	7.058512829359331E-12
0.8128438719359679	5.477009672436565E-12
0.8133440220110054	4.00393515196012E-12
0.813844172086043	2.6359128926569593E-12
0.8143443221610804	1.369608987845207E-12
0.814844472236118	2.0173199943336614E-13
0.8153446223111555	-8.709670420777758E-13
0.815844772386193	-1.851694637597166E-12
0.8163449224612306	-2.7436148194418288E-12
0.816845072536268	-3.5498491513376078E-12
0.8173452226113056	-4.273476728419718E-12
0.817845372686343	-4.917534177231406E-12
0.8183455227613806	-5.4850156557253285E-12
0.8188456728364182	-5.978872853262463E-12
0.8193458229114556	-6.402014990612681E-12
0.8198459729864932	-6.7573088199548366E-12
0.8203461230615307	-7.0475786248762595E-12
0.8208462731365682	-7.275606220373319E-12
0.8213464232116058	-7.44413095285097E-12
0.8218465732866432	-7.555849700123009E-12
0.8223467233616808	-7.61341687141204E-12
0.8228468734367183	-7.619444407349404E-12
0.8233470235117558	-7.576501779975229E-12
0.8238471735867933	-7.487115992738445E-12
0.8243473236618308	-7.35377158049669E-12
0.8248474737368684	-7.1789106095164295E-12
0.8253476238119059	-6.96493267747297E-12
0.8258477738869434	-6.714194913450208E-12
0.8263479239619809	-6.429011977941049E-12
0.8268480740370184	-6.111656062846926E-12
0.827348224112056	-5.764356891478236E-12
0.8278483741870934	-5.3893017185541945E-12
0.828348524262131	-4.988635330202509E-12
0.8288486743371685	-4.56446004396003E-12
0.829348824412206	-4.118835708772009E-12
0.8298489744872436	-3.6537797049927685E-12
0.830349124562281	-3.171266944385405E-12
0.8308492746373186	-2.6732298701214724E-12
0.8313494247123561	-2.1615584567817483E-12
0.8318495747873936	-1.6381002103553218E-12
0.8323497248624312	-1.1046601682404161E-12
0.8328498749374686	-5.630008992440179E-13
0.8333500250125062	-1.484250358154461E-14
0.8338501750875437	5.381373871223332E-13
0.8343503251625812	1.094303609834654E-12
0.8348504752376187	1.6520634701131954E-12
0.8353506253126562	2.2098667421074448E-12
0.8358507753876938	2.7662056685577442E-12
0.8363509254627313	3.3196149607956625E-12
0.8368510755377688	3.868671798744361E-12
0.8373512256128063	4.411995830917731E-12
0.8378513756878438	4.9482491744213835E-12
0.8383515257628814	5.476136414951774E-12
0.8388516758379189	5.994404606796603E-12
0.8393518259129564	6.501843272835131E-12
0.8398519759879939	6.997284404537396E-12
0.8403521260630314	7.4796024619651E-12
0.840852276138069	7.947714373770826E-12
0.8413524262131065	8.40057953719841E-12
0.841852576288144	8.837199818083216E-12
0.8423527263631815	9.256619550851412E-12
0.842852876438219	9.657925538520793E-12
0.8433530265132565	1.0040247052700004E-11
0.8438531765882941	1.0402755833589265E-11
0.8443533266633316	1.0744666089979759E-11
0.8448534767383691	1.1065234499253913E-11
0.8453536268134066	1.1363760207385588E-11
0.8458537768884441	1.16395848289396E-11
0.8463539269634817	1.1892092447072234E-11
0.8468540770385192	1.2120709613530827E-11
0.8473542271135567	1.2324905348653938E-11
0.8478543771885942	1.2504191141371506E-11
0.8483545272636317	1.265812094920451E-11
0.8488546773386693	1.2786291198265312E-11
0.8493548274137068	1.288834078325738E-11
0.8498549774887443	1.2963951067475437E-11
0.8503551275637818	1.3012845882805473E-11
0.8508552776388193	1.3034791529724647E-11
0.8513554277138569	1.3029596777301383E-11
0.8518555777888944	1.2997112863195294E-11
0.8523557278639319	1.2937233493657262E-11
0.8528558779389694	1.2849894843529323E-11
0.8533560280140069	1.2735075556244826E-11
0.8538561780890445	1.2592796743828246E-11
0.8543563281640819	1.2423121986895398E-11
0.8548564782391195	1.2226157334653174E-11
0.855356628314157	1.2002051304899803E-11
0.8558567783891945	1.1750994884024775E-11
0.8563569284642321	1.1473221527008612E-11
0.8568570785392695	1.116900715742332E-11
0.8573572286143071	1.083867016743184E-11
0.8578573786893446	1.0482571417788566E-11
0.8583575287643821	1.010111423783912E-11
0.8588576788394197	9.694744425520097E-12
0.8593578289144571	9.263950247359663E-12
0.8598579789894947	8.809262438476841E-12
0.8603581290645322	8.331254202582164E-12
0.8608582791395697	7.830541211977403E-12
0.8613584292146073	7.30778160755521E-12
0.8618585792896447	6.763675998799934E-12
0.8623587293646823	6.198967463786664E-12
0.8628588794397197	5.614441549182197E-12
0.8633590295147573	5.010926270244064E-12
0.8638591795897949	4.389292110821385E-12
0.8643593296648323	3.750452023354537E-12
0.8648594797398699	3.0953614288746835E-12
0.8653596298149073	2.4250182170047944E-12
0.8658597798899449	1.7404627459584577E-12
0.8663599299649825	1.0427778425409605E-12
0.8668600800400199	3.330888021487919E-13
0.8673602301150575	-3.8743661123078634E-13
0.8678603801900949	-1.1175881650186646E-12
0.8683605302651325	-1.8561131580451466E-12
0.86886068034017	-2.6017164205488316E-12
0.8693608304152075	-3.353060314177086E-12
0.8698609804902451	-4.108764731986559E-12
0.8703611305652825	-4.867407098441993E-12
0.8708612806403201	-5.6275223694176E-12
0.8713614307153577	-6.3876030321958405E-12
0.8718615807903951	-7.146099105467968E-12
0.8723617308654327	-7.901418139334509E-12
0.8728618809404701	-8.651925215304103E-12
0.8733620310155077	-9.395942946294814E-12
0.8738621810905451	-1.0131751476632842E-11
0.8743623311655827	-1.0857588482053808E-11
0.8748624812406203	-1.1571649169701624E-11
0.8753626313156577	-1.2272086278128983E-11
0.8758627813906953	-1.2957010077297814E-11
0.8763629314657327	-1.3624488368578218E-11
0.8768630815407703	-1.4272546484749673E-11
0.8773632316158079	-1.489916728999998E-11
0.8778633816908453	-1.5502291179925728E-11
0.8783635317658829	-1.6079816081532706E-11
0.8788636818409203	-1.6629597453234932E-11
0.8793638319159579	-1.714944828485571E-11
0.8798639819909955	-1.763713909762674E-11
0.8803641320660329	-1.8090397944188543E-11
0.8808642821410705	-1.8506910408590706E-11
0.8813644322161079	-1.8884319606291215E-11
0.8818645822911455	-1.9220226184157146E-11
0.882364732366183	-1.9512188320464114E-11
0.8828648824412205	-1.97577217248967E-11
0.8833650325162581	-1.995429963854811E-11
0.8838651825912955	-2.009935283392037E-11
0.8843653326663331	-2.0190269614924352E-11
0.8848654827413706	-2.0224395816879613E-11
0.8853656328164081	-2.0199034806514575E-11
0.8858657828914457	-2.0111447481966294E-11
0.8863659329664831	-1.9958852272780802E-11
0.8868660830415207	-1.9738425139912715E-11
0.8873662331165582	-1.9447299575725606E-11
0.8878663831915957	-1.9082566603991594E-11
0.8883665332666333	-1.8641274779891768E-11
0.8888666833416707	-1.8120430190016063E-11
0.8893668334167083	-1.7516996452362794E-11
0.8898669834917458	-1.6827894716339607E-11
0.8903671335667833	-1.605000366276236E-11
0.8908672836418209	-1.5180159503856075E-11
0.8913674337168583	-1.4215155983254671E-11
0.8918675837918959	-1.315174437600018E-11
0.8923677338669334	-1.1986633488544287E-11
0.8928678839419709	-1.0716489658746526E-11
0.8933680340170084	-9.337936755876247E-12
0.8938681840920459	-7.847556180610378E-12
0.8943683341670835	-6.241886865035572E-12
0.894868484242121	-4.51742527264735E-12
0.8953686343171585	-2.670625398348818E-12
0.895868784392196	-6.978987684535061E-13
0.8963689344672335	1.4043855593180738E-12
0.8968690845422711	3.639900995835195E-12
0.8973692346173086	6.012363420558392E-12
0.8978693846923461	8.5255311815409E-12
0.8983695347673836	1.1183205095425106E-11
0.8988696848424211	1.3989228447446762E-11
0.8993698349174587	1.6947486991431233E-11
0.8998699849924962	2.0061908949795025E-11
0.9003701350675337	1.9636792527230136E-11
0.9008702851425712	1.8539277061297477E-11
0.9013704352176087	1.7477884264435616E-11
0.9018705852926462	1.6451923469379726E-11
0.9023707353676838	1.5460710011708076E-11
0.9028708854427213	1.4503565229843634E-11
0.9033710355177588	1.3579816465053339E-11
0.9038711855927963	1.2688797061447528E-11
0.9043713356678338	1.1829846365981375E-11
0.9048714857428714	1.1002309728453255E-11
0.9053716358179089	1.020553850150615E-11
0.9058717858929464	9.438890040627027E-12
0.9063719359679839	8.701727704146338E-12
0.9068720860430214	7.993420853239235E-12
0.907372236118059	7.313344851924221E-12
0.9078723861930965	6.660881067064287E-12
0.908372536268134	6.0354168683664234E-12
0.9088726863431715	5.436345628381199E-12
0.909372836418209	4.863066722503741E-12
0.9098729864932465	4.314985528972678E-12
0.9103731365682841	3.791513428871019E-12
0.9108732866433216	3.2920678061257673E-12
0.9113734367183591	2.816072047507606E-12
0.9118735867933966	2.3629555426316655E-12
0.9123737368684341	1.9321536839566726E-12
0.9128738869434716	1.5231078667857487E-12
0.9133740370185092	1.1352654892656607E-12
0.9138741870935467	7.680799523874537E-13
0.9143743371685842	4.2101065998617517E-13
0.9148744872436217	9.35230187406371E-14
0.9153746373186592	-2.1491156182601724E-13
0.9158747873936968	-5.048156693469346E-13
0.9163749374687343	-7.767058886110347E-13
0.9168750875437718	-1.0310928015632508E-12
0.9173752376188093	-1.268480987304663E-12
0.9178753876938468	-1.4893690220921314E-12
0.9183755377688844	-1.6942494793387072E-12
0.9188756878439219	-1.8836089296132772E-12
0.9193758379189594	-2.0579279406407417E-12
0.919875987993997	-2.2176810773020987E-12
0.9203761380690344	-2.3633369016341883E-12
0.920876288144072	-2.495357972829977E-12
0.9213764382191094	-2.6142008472382984E-12
0.921876588294147	-2.720316078364085E-12
0.9223767383691845	-2.81414821686818E-12
0.922876888444222	-2.8961358105674276E-12
0.9233770385192596	-2.9667114044347168E-12
0.923877188594297	-3.026301540598856E-12
0.9243773386693346	-3.0753267583447024E-12
0.9248774887443721	-3.1142015941130573E-12
0.9253776388194096	-3.1433345815007308E-12
0.9258777888944472	-3.163128251260534E-12
0.9263779389694846	-3.1739791313012463E-12
0.9268780890445222	-3.176277746687655E-12
0.9273782391195597	-3.1704086196405224E-12
0.9278783891945972	-3.1567502695366167E-12
0.9283785392696348	-3.135675212908675E-12
0.9288786893446722	-3.1075499634454493E-12
0.9293788394197098	-3.0727350319916545E-12
0.9298789894947473	-3.031584926548014E-12
0.9303791395697848	-2.984448152271248E-12
0.9308792896448224	-2.931667211474034E-12
0.9313794397198598	-2.8735786036250822E-12
0.9318795897948974	-2.8105128253490467E-12
0.9323797398699348	-2.74279437042662E-12
0.9328798899449724	-2.670741729794431E-12
0.93338004002001	-2.5946673915451418E-12
0.9338801900950474	-2.5148778409274094E-12
0.934380340170085	-2.43167356034582E-12
0.9348804902451224	-2.3453490293610324E-12
0.93538064032016	-2.2561927246896133E-12
0.9358807903951976	-2.164487120204176E-12
0.936380940470235	-2.0705086869333303E-12
0.9368810905452726	-1.9745278930616087E-12
0.93738124062031	-1.8768092039296216E-12
0.9378813906953476	-1.7776110820338794E-12
0.9383815407703852	-1.67718598702695E-12
0.9388816908454226	-1.5757803757173918E-12
0.9393818409204602	-1.473634702069683E-12
0.9398819909954976	-1.3709834172043864E-12
0.9403821410705352	-1.2680549693979604E-12
0.9408822911455726	-1.165071804082945E-12
0.9413824412206102	-1.062250363847778E-12
0.9418825912956478	-9.598010884369582E-13
0.9423827413706852	-8.579284147509719E-13
0.9428828914457228	-7.56830776846227E-13
0.9433830415207602	-6.56700605935213E-13
0.9438831915957978	-5.57724330386318E-13
0.9443833416708354	-4.600823757239893E-13
0.9448834917458728	-3.639491646286604E-13
0.9453836418209104	-2.694931169366915E-13
0.9458837918959478	-1.7687664964051718E-13
0.9463839419709854	-8.625617688848082E-14
0.946884092046023	2.2178900150259506E-15
0.9473842421210604	8.840114260962178E-14
0.947884392196098	1.7215517527899204E-13
0.9483845422711354	2.5334758525075783E-13
0.948884692346173	3.3185197259662443E-13
0.9493848424212106	4.0754794023224954E-13
0.949884992496248	4.803210939173073E-13
0.9503851425712856	5.500630422555285E-13
0.950885292646323	6.166713966945917E-13
0.9513854427213606	6.800497715262442E-13
0.9518855927963981	7.401077838861879E-13
0.9523857428714356	7.967610537541884E-13
0.9528858929464732	8.499312039539816E-13
0.9533860430215106	8.995458601533169E-13
0.9538861930965482	9.45538650863986E-13
0.9543863431715857	9.878492074417488E-13
0.9548864932466232	1.0264231640864139E-12
0.9553866433216608	1.0612121578417717E-12
0.9558867933966982	1.0921738285956269E-12
0.9563869434717358	1.119271819079814E-12
0.9568870935467733	1.1424757748701516E-12
0.9573872436218108	1.1617613443864917E-12
0.9578873936968484	1.1771101788926792E-12
0.9583875437718858	1.188509932496574E-12
0.9588876938469234	1.1959542621500521E-12
0.9593878439219609	1.1994428276489926E-12
0.9598879939969984	1.1989812916332894E-12
0.9603881440720359	1.194581319586844E-12
0.9608882941470734	1.1862605798375665E-12
0.961388444222111	1.174042743557382E-12
0.9618885942971485	1.1579574847622242E-12
0.962388744372186	1.1380404803120308E-12
0.9628888944472235	1.1143334099107632E-12
0.963389044522261	1.0868839561063747E-12
0.9638891945972986	1.0557458042908425E-12
0.9643893446723361	1.0209786427001587E-12
0.9648894947473736	9.826481624143014E-13
0.9653896448224111	9.40826057357291E-13
0.9658897948974486	8.955900242971243E-13
0.9663899449724862	8.470237628458336E-13
0.9668900950475237	7.952169754594658E-13
0.9673902451225612	7.402653674380407E-13
0.9678903951975987	6.822706469256398E-13
0.9683905452726362	6.213405249103011E-13
0.9688906953476738	5.575887152241128E-13
0.9693908454227113	4.911349345431739E-13
0.9698909954977488	4.221049023875522E-13
0.9703911455727863	3.5063034112138166E-13
0.9708912956478238	2.768489759527502E-13
0.9713914457228613	2.0090453493381132E-13
0.9718915957978989	1.2294674896067203E-13
0.9723917458729364	4.3131351773492694E-14
0.9728918959479739	-3.8379920043551254E-14
0.9733920460230114	-1.2141932706232882E-13
0.9738921960980489	-2.0581312701062656E-13
0.9743923461730865	-2.913815747722967E-13
0.974892496248124	-3.7793892238712E-13
0.9753926463231615	-4.652934190508729E-13
0.975892796398199	-5.532473111153735E-13
0.9763929464732365	-6.415968420883585E-13
0.976893096548274	-7.301322526336272E-13
0.9773932466233116	-8.186377805709096E-13
0.9778933966983491	-9.068916608759335E-13
0.9783935467733866	-9.946661256804651E-13
0.9788936968484241	-1.081727404272189E-12
0.9793938469234617	-1.167835723094853E-12
0.9798939969984992	-1.2527453057481417E-12
0.9803941470735367	-1.3362043729877269E-12
0.9808942971485742	-1.4179551427253233E-12
0.9813944472236117	-1.497733830028571E-12
0.9818945972986493	-1.5752706471211586E-12
0.9823947473736867	-1.6502898033827086E-12
0.9828948974487243	-1.7225095053488901E-12
0.9833950475237618	-1.7916419567113155E-12
0.9838951975987993	-1.8573933583175954E-12
0.9843953476738369	-1.9194639081713637E-12
0.9848954977488743	-1.9775478014321923E-12
0.9853956478239119	-2.0313332304156983E-12
0.9858957978989494	-2.0805023845934465E-12
0.9863959479739869	-2.124731450592996E-12
0.9868960980490245	-2.163690612197928E-12
0.9873962481240619	-2.197044050347769E-12
0.9878963981990995	-2.2244499431380742E-12
0.988396548274137	-2.2455604658203642E-12
0.9888966983491745	-2.260021790802153E-12
0.989396848424212	-2.2674740876469544E-12
0.9898969984992495	-2.267551523074268E-12
0.9903971485742871	-2.259882260959574E-12
0.9908972986493245	-2.2440884623343574E-12
0.9913974487243621	-2.2197862853860754E-12
0.9918975987993996	-2.1865858854581922E-12
0.9923977488744371	-2.1440914150501603E-12
0.9928978989494747	-2.091901023817401E-12
0.9933980490245121	-2.0296068585713583E-12
0.9938981990995497	-1.956795063279429E-12
0.9943983491745872	-1.8730457790650224E-12
0.9948984992496247	-1.7779331442075673E-12
0.9953986493246623	-1.6710252941423947E-12
0.9958987993996997	-1.5518843614609375E-12
0.9963989494747373	-1.4200664759105098E-12
0.9968990995497748	-1.275121764394481E-12
0.9973992496248123	-1.1165943509722376E-12
0.9978993996998499	-9.44022356859049E-13
0.9983995497748873	-7.569379004263119E-13
0.9988996998499249	-5.548670972012593E-13
0.9993998499249624	-3.373300598672308E-13
0.9999	-1.0384089826352363E-13
