0.0001	0.19999999999999946
0.0006001500750375188	0.19999999999999946
0.0011003001500750375	0.19999999999999946
0.0016004502251125562	0.19999999999999946
0.0021006003001500747	0.19999999999999948
0.0026007503751875934	0.19999999999999948
0.003100900450225112	0.19999999999999948
0.003601050525262631	0.19999999999999948
0.00410120060030015	0.19999999999999948
0.004601350675337669	0.19999999999999948
0.0051015007503751875	0.19999999999999948
0.005601650825412706	0.1999999999999995
0.006101800900450225	0.1999999999999995
0.006601950975487744	0.1999999999999995
0.007102101050525262	0.1999999999999995
0.007602251125562781	0.1999999999999995
0.008102401200600299	0.1999999999999995
0.008602551275637818	0.1999999999999995
0.009102701350675337	0.1999999999999995
0.009602851425712855	0.19999999999999957
0.010103001500750374	0.19999999999999957
0.010603151575787893	0.19999999999999957
0.01110330165082541	0.19999999999999957
0.01160345172586293	0.19999999999999957
0.012103601800900449	0.19999999999999957
0.012603751875937968	0.19999999999999957
0.013103901950975487	0.19999999999999957
0.013604052026013004	0.1999999999999996
0.014104202101050524	0.1999999999999996
0.014604352176088043	0.1999999999999996
0.01510450225112556	0.1999999999999996
0.01560465232616308	0.1999999999999996
0.0161048024012006	0.1999999999999996
0.016604952476238118	0.1999999999999996
0.017105102551275637	0.1999999999999996
0.017605252626313156	0.1999999999999996
0.018105402701350675	0.1999999999999996
0.01860555277638819	0.19999999999999965
0.01910570285142571	0.19999999999999965
0.01960585292646323	0.19999999999999965
0.020106003001500748	0.19999999999999965
0.020606153076538267	0.19999999999999965
0.021106303151575787	0.19999999999999965
0.021606453226613306	0.19999999999999965
0.02210660330165082	0.19999999999999965
0.02260675337668834	0.19999999999999965
0.02310690345172586	0.19999999999999965
0.02360705352676338	0.19999999999999965
0.024107203601800898	0.19999999999999965
0.024607353676838417	0.19999999999999968
0.025107503751875936	0.19999999999999968
0.025607653826913455	0.19999999999999968
0.026107803901950975	0.19999999999999968
0.02660795397698849	0.19999999999999968
0.02710810405202601	0.19999999999999968
0.02760825412706353	0.19999999999999968
0.028108404202101048	0.19999999999999968
0.028608554277138567	0.19999999999999968
0.029108704352176086	0.19999999999999968
0.029608854427213605	0.19999999999999968
0.03010900450225112	0.19999999999999968
0.03060915457728864	0.19999999999999968
0.03110930465232616	0.19999999999999968
0.031609454727363685	0.19999999999999968
0.0321096048024012	0.19999999999999973
0.03260975487743872	0.19999999999999973
0.03310990495247624	0.19999999999999973
0.033610055027513755	0.19999999999999973
0.03411020510255128	0.19999999999999973
0.03461035517758879	0.19999999999999973
0.035110505252626316	0.19999999999999973
0.03561065532766383	0.19999999999999973
0.036110805402701354	0.19999999999999973
0.03661095547773887	0.19999999999999973
0.037111105552776386	0.19999999999999973
0.03761125562781391	0.19999999999999973
0.038111405702851424	0.19999999999999973
0.038611555777888946	0.19999999999999973
0.03911170585292646	0.19999999999999973
0.039611855927963985	0.19999999999999973
0.0401120060030015	0.19999999999999973
0.040612156078039016	0.19999999999999973
0.04111230615307654	0.19999999999999973
0.041612456228114054	0.19999999999999973
0.04211260630315158	0.19999999999999973
0.04261275637818909	0.19999999999999973
0.043112906453226615	0.19999999999999973
0.04361305652826413	0.19999999999999973
0.04411320660330165	0.19999999999999973
0.04461335667833917	0.19999999999999973
0.045113506753376685	0.19999999999999973
0.04561365682841421	0.19999999999999973
0.04611380690345172	0.19999999999999973
0.046613956978489246	0.19999999999999973
0.04711410705352676	0.19999999999999973
0.047614257128564284	0.19999999999999976
0.0481144072036018	0.19999999999999976
0.048614557278639316	0.19999999999999976
0.04911470735367684	0.19999999999999976
0.049614857428714354	0.19999999999999976
0.05011500750375188	0.19999999999999976
0.05061515757878939	0.19999999999999976
0.051115307653826915	0.19999999999999976
0.05161545772886443	0.19999999999999976
0.05211560780390195	0.19999999999999976
0.05261575787893947	0.19999999999999976
0.053115907953976985	0.19999999999999973
0.05361605802901451	0.19999999999999973
0.05411620810405202	0.19999999999999973
0.054616358179089546	0.19999999999999973
0.05511650825412706	0.19999999999999973
0.055616658329164584	0.19999999999999973
0.0561168084042021	0.19999999999999973
0.056616958479239615	0.19999999999999973
0.05711710855427714	0.19999999999999973
0.057617258629314654	0.19999999999999973
0.058117408704352176	0.19999999999999973
0.05861755877938969	0.19999999999999973
0.059117708854427214	0.19999999999999973
0.05961785892946473	0.19999999999999973
0.060118009004502246	0.19999999999999973
0.06061815907953977	0.19999999999999973
0.061118309154577284	0.19999999999999973
0.06161845922961481	0.19999999999999973
0.06211860930465232	0.19999999999999973
0.06261875937968985	0.19999999999999973
0.06311890945472737	0.19999999999999973
0.06361905952976488	0.19999999999999973
0.0641192096048024	0.19999999999999973
0.06461935967983992	0.19999999999999973
0.06511950975487743	0.19999999999999973
0.06561965982991495	0.19999999999999973
0.06611980990495248	0.19999999999999973
0.06661995997999	0.19999999999999973
0.06712011005502751	0.19999999999999973
0.06762026013006503	0.19999999999999973
0.06812041020510255	0.19999999999999973
0.06862056028014006	0.19999999999999968
0.06912071035517758	0.19999999999999968
0.0696208604302151	0.19999999999999968
0.07012101050525263	0.19999999999999968
0.07062116058029014	0.19999999999999968
0.07112131065532766	0.19999999999999968
0.07162146073036518	0.19999999999999968
0.0721216108054027	0.19999999999999968
0.07262176088044021	0.19999999999999968
0.07312191095547774	0.19999999999999968
0.07362206103051526	0.19999999999999968
0.07412221110555277	0.19999999999999968
0.07462236118059029	0.19999999999999968
0.07512251125562781	0.19999999999999968
0.07562266133066534	0.19999999999999968
0.07612281140570284	0.19999999999999965
0.07662296148074037	0.19999999999999965
0.07712311155577789	0.19999999999999965
0.0776232616308154	0.19999999999999965
0.07812341170585292	0.19999999999999965
0.07862356178089044	0.19999999999999965
0.07912371185592797	0.19999999999999965
0.07962386193096548	0.19999999999999965
0.080124012006003	0.19999999999999965
0.08062416208104052	0.19999999999999965
0.08112431215607803	0.19999999999999965
0.08162446223111555	0.1999999999999996
0.08212461230615307	0.1999999999999996
0.0826247623811906	0.1999999999999996
0.0831249124562281	0.1999999999999996
0.08362506253126563	0.1999999999999996
0.08412521260630315	0.1999999999999996
0.08462536268134066	0.1999999999999996
0.08512551275637818	0.1999999999999996
0.0856256628314157	0.1999999999999996
0.08612581290645323	0.1999999999999996
0.08662596298149074	0.19999999999999957
0.08712611305652826	0.19999999999999957
0.08762626313156578	0.19999999999999957
0.08812641320660329	0.19999999999999957
0.08862656328164081	0.19999999999999957
0.08912671335667834	0.19999999999999957
0.08962686343171586	0.19999999999999957
0.09012701350675337	0.19999999999999957
0.09062716358179089	0.19999999999999957
0.09112731365682841	0.1999999999999995
0.09162746373186594	0.1999999999999995
0.09212761380690344	0.1999999999999995
0.09262776388194097	0.1999999999999995
0.09312791395697849	0.1999999999999995
0.093628064032016	0.1999999999999995
0.09412821410705352	0.1999999999999995
0.09462836418209104	0.19999999999999948
0.09512851425712857	0.19999999999999948
0.09562866433216607	0.19999999999999948
0.0961288144072036	0.19999999999999948
0.09662896448224112	0.19999999999999948
0.09712911455727863	0.19999999999999948
0.09762926463231615	0.19999999999999948
0.09812941470735367	0.19999999999999948
0.0986295647823912	0.19999999999999946
0.0991297148574287	0.19999999999999946
0.09962986493246623	0.19999999999999946
0.10013001500750375	0.20019202673430372
0.10063016508254126	0.2001680246769453
0.10113031515757878	0.20014493207346032
0.1016304652326163	0.20012273412599577
0.10213061530765383	0.20010141603669848
0.10263076538269134	0.20008096300771522
0.10313091545772886	0.200061360241193
0.10363106553276638	0.2000425929392785
0.1041312156078039	0.2000246463041188
0.10463136568284141	0.20000750553786062
0.10513151575787893	0.19999115584265084
0.10563166583291646	0.19997558242063634
0.10613181590795397	0.199960770473964
0.10663196598299149	0.19994670520478064
0.10713211605802901	0.1999333718152331
0.10763226613306653	0.19992075550746824
0.10813241620810404	0.199908841483633
0.10863256628314157	0.19989761494587416
0.10913271635817909	0.19988706109633864
0.1096328664332166	0.1998771651371732
0.11013301650825412	0.19986791227052475
0.11063316658329164	0.19985928769854025
0.11113331665832916	0.19985127662336644
0.11163346673336667	0.19984386424715025
0.1121336168084042	0.19983703577203848
0.11263376688344172	0.1998307764001781
0.11313391695847923	0.19982507133371583
0.11363406703351675	0.19981990577479858
0.11413421710855427	0.19981526492557325
0.1146343671835918	0.19981113398818667
0.1151345172586293	0.19980749816478563
0.11563466733366683	0.19980434265751715
0.11613481740870435	0.19980165266852795
0.11663496748374186	0.19979941339996493
0.11713511755877938	0.19979761005397498
0.1176352676338169	0.19979622783270495
0.11813541770885443	0.19979525193830167
0.11863556778389193	0.19979466757291203
0.11913571785892946	0.19979445993868292
0.11963586793396698	0.19979461423776113
0.12013601800900449	0.19979511567229358
0.12063616808404201	0.19979594944442708
0.12113631815907953	0.19979710075630847
0.12163646823411706	0.19979855481008468
0.12213661830915457	0.19980029680790254
0.12263676838419209	0.19980231195190895
0.12313691845922961	0.19980458544425075
0.12363706853426713	0.1998071024870747
0.12413721860930464	0.19980984828252782
0.12463736868434216	0.19981280803275683
0.12513751875937967	0.19981596693990866
0.12563766883441718	0.19981931020613022
0.12613781890945472	0.19982282303356824
0.12663796898449223	0.1998264906243697
0.12713811905952974	0.1998302981806814
0.12763826913456727	0.19983423090465022
0.12813841920960478	0.19983827399842302
0.1286385692846423	0.19984241266414665
0.12913871935967983	0.199846632103968
0.12963886943471734	0.19985091752003384
0.13013901950975484	0.19985525411449123
0.13063916958479238	0.19985962708948674
0.1311393196598299	0.19986402164716746
0.13163946973486743	0.19986842298968022
0.13213961980990493	0.19987281631917173
0.13263976988494244	0.19987718683778896
0.13313991995997998	0.19988151974767882
0.1336400700350175	0.1998858002509881
0.134140220110055	0.1998900135498637
0.13464037018509253	0.19989414484645246
0.13514052026013004	0.1998981793429012
0.13564067033516755	0.19990210224135688
0.1361408204102051	0.19990589874396628
0.1366409704852426	0.1999095540528762
0.1371411205602801	0.19991305337023366
0.13764127063531764	0.1999163818981854
0.13814142071035515	0.19991952483887826
0.1386415707853927	0.19992246739445926
0.1391417208604302	0.19992519476707507
0.1396418709354677	0.1999276921588727
0.14014202101050524	0.19992994477199894
0.14064217108554275	0.19993193780860066
0.14114232116058026	0.19993365647082467
0.1416424712356178	0.199935085960818
0.1421426213106553	0.19993621148072727
0.1426427713856928	0.1999370182326995
0.14314292146073035	0.19993749141888154
0.14364307153576786	0.19993761624142012
0.1441432216108054	0.19993737790246233
0.1446433716858429	0.19993676160415486
0.1451435217608804	0.19993575254864454
0.14564367183591795	0.19993433593807836
0.14614382191095546	0.19993249697460308
0.14664397198599297	0.19993022086036563
0.1471441220610305	0.19992749279751282
0.147644272136068	0.19992429798819156
0.14814442221110552	0.19992062163454866
0.14864457228614306	0.19991644893873106
0.14914472236118057	0.1999117651028854
0.14964487243621807	0.1999065553291589
0.1501450225112556	0.1999008048196981
0.15064517258629312	0.19989449877665003
0.15114532266133066	0.19988762240216146
0.15164547273636816	0.19988016089837934
0.15214562281140567	0.19987209946745044
0.1526457728864432	0.19986342331152174
0.15314592296148072	0.19985411763273997
0.15364607303651823	0.19984416763325202
0.15414622311155576	0.1998335585152048
0.15464637318659327	0.19982227548074516
0.15514652326163078	0.1998103037320198
0.15564667333666832	0.19979762847117585
0.15614682341170583	0.19978423490036
0.15664697348674333	0.19977010822171923
0.15714712356178087	0.19975523363740028
0.15764727363681838	0.19973959634955005
0.15814742371185592	0.1997231815603154
0.15864757378689343	0.1997059744718432
0.15914772386193093	0.19968796028628033
0.15964787393696847	0.19966912420577362
0.16014802401200598	0.19964945143246995
0.1606481740870435	0.1996289271685161
0.16114832416208102	0.199607536616059
0.16164847423711853	0.19958526497724555
0.16214862431215604	0.19956209745422254
0.16264877438719358	0.1995380192491368
0.1631489244622311	0.19951301556413534
0.16364907453726862	0.19948707160136483
0.16414922461230613	0.19946017256297233
0.16464937468734364	0.19943230365110462
0.16514952476238118	0.19940345006790844
0.1656496748374187	0.19937359701553076
0.1661498249124562	0.1993427296961184
0.16664997498749373	0.19931083331181834
0.16715012506253124	0.19927789306477728
0.16765027513756875	0.1992438941571421
0.16815042521260629	0.19920882179105978
0.1686505752876438	0.19917266116867713
0.1691507253626813	0.19913539749214096
0.16965087543771884	0.19909701596359813
0.17015102551275635	0.19905750178519555
0.17065117558779389	0.19901684015908006
0.1711513256628314	0.19897501628739847
0.1716514757378689	0.19893201537229777
0.17215162581290644	0.1988878226159247
0.17265177588794395	0.19884242322042617
0.17315192596298146	0.198795802387949
0.173652076038019	0.19874794532064005
0.1741522261130565	0.1986988372206463
0.174652376188094	0.19864846329011446
0.17515252626313155	0.19859680873119143
0.17565267633816906	0.19854385874602412
0.17615282641320656	0.19848959853675935
0.1766529764882441	0.1984340133055441
0.1771531265632816	0.198377088254525
0.17765327663831915	0.198318808585849
0.17815342671335666	0.19825915950166303
0.17865357678839416	0.19819812620411395
0.1791537268634317	0.19813569389534855
0.1796538769384692	0.19807184777751372
0.18015402701350672	0.19800657305275626
0.18065417708854425	0.19793985492322314
0.18115432716358176	0.19787167859106122
0.18165447723861927	0.1978020292584173
0.1821546273136568	0.19773089212743825
0.18265477738869432	0.1976582524002709
0.18315492746373185	0.19758409527906212
0.18365507753876936	0.1975084059659588
0.18415522761380687	0.19743116966310786
0.1846553776888444	0.197352371572656
0.18515552776388192	0.19727199689675023
0.18565567783891943	0.19719003083753733
0.18615582791395696	0.19710645859716416
0.18665597798899447	0.19702126537777767
0.18715612806403198	0.1969344363815246
0.18765627813906952	0.19684595681055186
0.18815642821410702	0.1967558118670064
0.18865657828914453	0.19666398675303493
0.18915672836418207	0.19657046667078434
0.18965687843921958	0.19647523682240156
0.19015702851425711	0.1963782824100334
0.19065717858929462	0.19627958863582673
0.19115732866433213	0.19617914070192843
0.19165747873936967	0.19607692381048536
0.19215762881440718	0.19597292316364437
0.1926577788894447	0.19586712396355227
0.19315792896448222	0.19575951141235592
0.19365807903951973	0.19565007071220228
0.19415822911455724	0.19553878706523828
0.19465837918959478	0.19542564567361048
0.19515852926463229	0.195310631739466
0.19565867933966982	0.1951937304649516
0.19615882941470733	0.1950749270522141
0.19665897948974484	0.1949542067034005
0.19715912956478238	0.19483155462065754
0.19765927963981988	0.19470695600613208
0.1981594297148574	0.19458039606197106
0.19865957978989493	0.19445185999032127
0.19915972986493244	0.1943213329933296
0.19965987993996995	0.19418880027314298
0.20016003001500748	0.19403973101901276
0.200660180090045	0.19392550711305262
0.2011603301650825	0.19380742267621712
0.20166048024012004	0.19368549854544984
0.20216063031515755	0.19355975555769422
0.20266078039019508	0.1934302145498938
0.2031609304652326	0.1932968963589921
0.2036610805402701	0.19315982182193261
0.20416123061530764	0.19301901177565883
0.20466138069034515	0.19287448705711419
0.20516153076538265	0.19272626850324232
0.2056616808404202	0.1925743769509867
0.2061618309154577	0.1924188332372907
0.2066619809904952	0.19225965819909802
0.20716213106553275	0.1920968726733519
0.20766228114057025	0.19193049749699617
0.2081624312156078	0.191760553506974
0.2086625812906453	0.19158706154022911
0.2091627313656828	0.19141004243370494
0.20966288144072034	0.1912295170243451
0.21016303151575785	0.19104550614909285
0.21066318159079536	0.19085803064489187
0.2111633316658329	0.19066711134868558
0.2116634817408704	0.19047276909741756
0.21216363181590792	0.1902750247280313
0.21266378189094545	0.19007389907747022
0.21316393196598296	0.1898694129826779
0.21366408204102047	0.18966158728059776
0.214164232116058	0.18945044280817344
0.21466438219109552	0.18923600040234828
0.21516453226613305	0.18901828090006598
0.21566468234117056	0.18879730513826987
0.21616483241620807	0.18857309395390345
0.2166649824912456	0.18834566818391027
0.21716513256628311	0.18811504866523385
0.21766528264132062	0.18788125623481772
0.21816543271635816	0.18764431172960536
0.21866558279139567	0.18740423598654024
0.21916573286643318	0.18716104984256585
0.2196658829414707	0.18691477413462565
0.22016603301650822	0.18666542969966324
0.22066618309154573	0.1864130373746222
0.22116633316658327	0.1861576179964458
0.22166648324162078	0.18589919240207775
0.2221666333166583	0.18563778142846143
0.22266678339169582	0.18537340591254037
0.22316693346673333	0.18510608669125808
0.22366708354177087	0.18483584460155802
0.22416723361680838	0.1845627004803838
0.22466738369184588	0.1842866751646788
0.22516753376688342	0.18400778949138663
0.22566768384192093	0.18372606429745067
0.22616783391695844	0.18344152041981446
0.22666798399199597	0.18315417869542167
0.22716813406703348	0.18286405996121557
0.22766828414207102	0.18257118505413977
0.22816843421710853	0.1822755748111377
0.22866858429214604	0.18197725006915297
0.22916873436718357	0.18167623166512897
0.22966888444222108	0.18137254043600934
0.2301690345172586	0.18106619721873748
0.23066918459229613	0.1807572228502569
0.23116933466733364	0.18044563816751108
0.23166948474237115	0.18013146400744362
0.23216963481740868	0.1798147212069979
0.2326697848924462	0.17949543060311748
0.2331699349674837	0.17917361303274595
0.23367008504252124	0.1788492893328266
0.23417023511755874	0.17852248034030313
0.23467038519259628	0.17819320689211893
0.2351705352676338	0.17786148982521754
0.2356706853426713	0.1775273499765425
0.23617083541770884	0.17719080818303726
0.23667098549274634	0.17685188528164528
0.23717113556778385	0.17651060210931016
0.2376712856428214	0.17616697950297536
0.2381714357178589	0.17582103829958434
0.2386715857928964	0.17547279933608065
0.23917173586793394	0.17512228344940775
0.23967188594297145	0.17476951147650924
0.24017203601800896	0.17441450425432853
0.2406721860930465	0.17405728261980913
0.241172336168084	0.17369786740989454
0.24167248624312154	0.17333627946152833
0.24217263631815905	0.17297253961165393
0.24267278639319656	0.17260666869721486
0.2431729364682341	0.1722386875551546
0.2436730865432716	0.1718686170224167
0.24417323661830911	0.17149647793594464
0.24467338669334665	0.1711222911326819
0.24517353676838416	0.17074607744957201
0.24567368684342167	0.17036785772355847
0.2461738369184592	0.16998765279158476
0.2466739869934967	0.1696054834905944
0.24717413706853425	0.16922137065753087
0.24767428714357176	0.16883533512933774
0.24817443721860927	0.16844739774295842
0.2486745872936468	0.16805757933533647
0.2491747373686843	0.16766590074341534
0.24967488744372182	0.16727238280413861
0.25017503751875936	0.1668770463544497
0.25067518759379687	0.16647991223129216
0.2511753376688344	0.16608100127160946
0.2516754877438719	0.1656803343123452
0.25217563781890945	0.1652779321904427
0.25267578789394696	0.1648738157428456
0.25317593796898447	0.1644680058064974
0.253676088044022	0.16406052321834155
0.2541762381190595	0.1636513888153216
0.254676388194097	0.16324062343438098
0.25517653826913456	0.16282824791246317
0.25567668834417207	0.16241428308651182
0.2561768384192096	0.16199874979347037
0.2566769884942471	0.16158166887028225
0.2571771385692846	0.16116306115389104
0.25767728864432216	0.16074294748124016
0.25817743871935966	0.1603213486892732
0.2586775887943972	0.15989828561493363
0.2591777388694347	0.1594737790951649
0.2596778889444722	0.15904784996691063
0.2601780390195097	0.15862051906711422
0.26067818909454726	0.15819180723271917
0.2611783391695848	0.15776173530066906
0.2616784892446223	0.15733032410790732
0.2621786393196598	0.15689759449137752
0.2626787893946973	0.15646356728802308
0.26317893946973486	0.1560282633347875
0.26367908954477237	0.15559170346861437
0.2641792396198099	0.15515390852644712
0.2646793896948474	0.15471489934522928
0.2651795397698849	0.1542746967619044
0.2656796898449224	0.1538333216134159
0.26617983991995997	0.15339079473670725
0.2666799899949975	0.15294713696872206
0.267180140070035	0.15250236914640378
0.2676802901450725	0.1520565121066959
0.26818044022011	0.151609586686542
0.2686805902951475	0.15116161372288542
0.2691807403701851	0.1507126140526698
0.2696808904452226	0.15026260851283862
0.2701810405202601	0.14981161794033535
0.2706811905952976	0.14935966317210353
0.2711813406703351	0.1489067650450866
0.2716814907453727	0.14845294439622805
0.2721816408204102	0.1479982220624715
0.2726817908954477	0.1475426188807604
0.2731819409704852	0.1470861556880382
0.2736820910455227	0.14662885332124845
0.2741822411205602	0.14617073261733463
0.2746823911955978	0.1457118144132402
0.2751825412706353	0.14525211954590878
0.2756826913456728	0.14479166885228376
0.2761828414207103	0.14433048316930872
0.2766829914957478	0.1438685833339271
0.2771831415707854	0.14340599018308237
0.2776832916458229	0.14294272455371815
0.2781834417208604	0.1424788072827779
0.2786835917958979	0.14201425920720503
0.2791837418709354	0.1415491011639432
0.27968389194597293	0.1410833539899358
0.2801840420210105	0.1406170385221263
0.280684192096048	0.1401501755974583
0.2811843421710855	0.13968278605287524
0.281684492246123	0.13921489072532067
0.28218464232116053	0.13874651045173805
0.2826847923961981	0.13827766606907083
0.2831849424712356	0.13780837841426263
0.2836850925462731	0.13733866832425692
0.2841852426213106	0.13686855663599717
0.2846853926963481	0.13639806418642691
0.28518554277138564	0.13592721181248962
0.2856856928464232	0.13545602035112875
0.2861858429214607	0.13498451063928787
0.2866859929964982	0.1345127035139105
0.2871861430715357	0.1340406198119401
0.28768629314657324	0.13356828037032017
0.2881864432216108	0.1330957060259942
0.2886865932966483	0.13262291761590572
0.2891867433716858	0.13214993597699828
0.2896868934467233	0.13167678194621532
0.29018704352176083	0.1312034763605003
0.29068719359679834	0.13073004005679684
0.2911873436718359	0.13025649387204824
0.2916874937468734	0.12978285864319825
0.2921876438219109	0.12930915520719025
0.29268779389694843	0.12883540440096772
0.29318794397198594	0.12836162706147417
0.29368809404702345	0.12788784402565315
0.294188244122061	0.1274140761304481
0.2946883941970985	0.1269403442128026
0.29518854427213603	0.12646666910966012
0.29568869434717354	0.12599307165796408
0.29618884442221105	0.1255195726946581
0.2966889944972486	0.12504619305668557
0.2971891445722861	0.12457295358099009
0.29768929464732363	0.12409987510451512
0.29818944472236114	0.12362697846420422
0.29868959479739865	0.12315428449700079
0.29918974487243616	0.12268181403984837
0.2996898949474737	0.12220958792969046
0.30019004502251123	0.12173337721236457
0.30069019509754874	0.12125166427897177
0.30119034517258625	0.12076993308010374
0.30169049524762376	0.12028819100518508
0.3021906453226613	0.11980644544364032
0.30269079539769883	0.11932470378489418
0.30319094547273634	0.11884297341837115
0.30369109554777385	0.11836126173349588
0.30419124562281136	0.11787957611969292
0.30469139569784887	0.11739792396638685
0.30519154577288643	0.1169163126630022
0.30569169584792394	0.11643474959896369
0.30619184592296145	0.1159532421636958
0.30669199599799896	0.11547179774662325
0.30719214607303647	0.1149904237371705
0.30769229614807403	0.11450912752476211
0.30819244622311154	0.11402791649882281
0.30869259629814905	0.1135467980487771
0.30919274637318656	0.11306577956404955
0.30969289644822406	0.1125848684340648
0.3101930465232616	0.1121040720482474
0.31069319659829914	0.11162339779602194
0.31119334667333665	0.11114285306681307
0.31169349674837415	0.11066244525004527
0.31219364682341166	0.11018218173514323
0.3126937968984492	0.1097020699115315
0.3131939469734867	0.10922211716863461
0.31369409704852425	0.10874233089587718
0.31419424712356175	0.10826271848268386
0.31469439719859926	0.10778328731847923
0.31519454727363677	0.1073040447926878
0.3156946973486743	0.10682499829473421
0.31619484742371184	0.10634615521404295
0.31669499749874935	0.1058675229400388
0.31719514757378686	0.10538910886214621
0.31769529764882437	0.10491092036978981
0.3181954477238619	0.10443296485239417
0.3186955977988994	0.10395524969938394
0.31919574787393695	0.10347778230018352
0.31969589794897446	0.10300057004421771
0.32019604802401197	0.10252362032091099
0.3206961980990495	0.10204694051968806
0.321196348174087	0.10157053802997336
0.32169649824912455	0.10109442024119147
0.32219664832416206	0.10061859454276711
0.32269679839919957	0.10014306832412484
0.3231969484742371	0.0996678489746892
0.3236970985492746	0.09919294388388476
0.3241972486243121	0.09871836044113616
0.32469739869934966	0.09824410603586793
0.32519754877438717	0.09777018805750472
0.3256976988494247	0.0972966138954711
0.3261978489244622	0.09682339093919162
0.3266979989994997	0.09635052657809093
0.32719814907453726	0.09587802820159352
0.32769829914957477	0.09540590319912412
0.3281984492246123	0.09493415896010722
0.3286985992996498	0.09446280287396741
0.3291987493746873	0.09399184233012936
0.3296988994497248	0.09352128471801752
0.33019904952476237	0.09305113742705652
0.3306991995997999	0.09258140784667104
0.3311993496748374	0.09211210336628561
0.3316994997498749	0.09164323137532478
0.3321996498249124	0.0911747992632132
0.3326997998999499	0.09070681441937543
0.3331999499749875	0.090239284233236
0.333700100050025	0.08977221609421959
0.3342002501250625	0.08930561739175075
0.3347004002001	0.08883949551525408
0.3352005502751375	0.08837385785415415
0.3357007003501751	0.08790871179787552
0.3362008504252126	0.08744406473584285
0.3367010005002501	0.08697992405748069
0.3372011505752876	0.08651629715221361
0.3377013006503251	0.08605319140946624
0.3382014507253626	0.08559061421866315
0.3387016008004002	0.08512857296922884
0.3392017508754377	0.08466707505058804
0.3397019009504752	0.08420612785216527
0.3402020510255127	0.08374573876338512
0.3407022011005502	0.08328591517367222
0.3412023511755878	0.082826664472451
0.3417025012506253	0.08236799404914627
0.3422026513256628	0.0819099112931825
0.3427028014007003	0.08145242359398429
0.3432029514757378	0.08099553834097623
0.3437031015507753	0.08053926292358288
0.3442032516258129	0.08008360473122883
0.3447034017008504	0.07962857115333873
0.3452035517758879	0.07917416957933715
0.3457037018509254	0.07872040739864862
0.3462038519259629	0.0782672920006978
0.3467040020010005	0.07781483077490917
0.347204152076038	0.07736303111070747
0.3477043021510755	0.07691190039751718
0.348204452226113	0.07646144602476292
0.3487046023011505	0.07601167538186926
0.34920475237618803	0.07556259585826083
0.3497049024512256	0.0751142148433621
0.3502050525262631	0.07466624957033378
0.3507052026013006	0.07421856845432576
0.3512053526763381	0.07377159840031022
0.35170550275137563	0.07332534175783155
0.35220565282641314	0.07287980087643409
0.3527058029014507	0.07243497810566209
0.3532059529764882	0.07199087579506003
0.3537061030515257	0.0715474962941722
0.35420625312656323	0.07110484195254291
0.35470640320160074	0.07066291511971654
0.3552065532766383	0.07022171814523735
0.3557067033516758	0.06978125337864978
0.3562068534267133	0.06934152316949815
0.35670700350175083	0.06890252986732677
0.35720715357678834	0.06846427582167999
0.35770730365182585	0.06802676338210216
0.3582074537268634	0.06758999489813756
0.3587076038019009	0.06715397271933063
0.35920775387693843	0.06671869919522568
0.35970790395197594	0.066284176675367
0.36020805402701345	0.06585040750929898
0.360708204102051	0.06541739404656591
0.3612083541770885	0.0649851386367122
0.36170850425212603	0.06455364362928213
0.36220865432716354	0.0641229113738201
0.36270880440220105	0.06369294421987041
0.36320895447723855	0.06326374451697742
0.3637091045522761	0.06283531461468539
0.36420925462731363	0.062407656862538775
0.36470940470235114	0.06198077361008186
0.36520955477738865	0.061554667206859016
0.36570970485242615	0.06112934000241454
0.3662098549274637	0.06070479434629275
0.3667100050025012	0.06028103258803809
0.36721015507753874	0.059858057077194826
0.36771030515257624	0.05943587016330733
0.36821045522761375	0.059014474195919896
0.36871060530265126	0.05859387152457691
0.3692107553776888	0.05817406449882265
0.36971090545272633	0.05775505546820155
0.37021105552776384	0.0573368467822579
0.37071120560280135	0.05691944079053603
0.37121135567783886	0.0565028398425803
0.3717115057528764	0.05608704628793499
0.37221165582791393	0.055672062476144556
0.37271180590295144	0.05525789075675327
0.37321195597798895	0.054844533479305485
0.37371210605302646	0.05443199299334553
0.37421225612806397	0.054020271648417745
0.37471240620310153	0.05360937179406644
0.37521255627813904	0.05319929577983604
0.37571270635317655	0.052790045955270815
0.37621285642821406	0.05238162466991514
0.37671300650325157	0.05197403427331334
0.3772131565782891	0.05156727711500977
0.37771330665332664	0.0511613555445487
0.37821345672836415	0.05075627191147459
0.37871360680340166	0.05035202856533169
0.37921375687843917	0.04994862785566439
0.3797139069534767	0.04954607213201701
0.38021405702851424	0.04914436374393384
0.38071420710355175	0.04874350504095932
0.38121435717858926	0.04834349837263773
0.38171450725362677	0.04794434608851344
0.3822146573286643	0.04754605053813077
0.3827148074037018	0.04714861407103403
0.38321495747873935	0.046752039036767584
0.38371510755377686	0.04635632778487581
0.38421525762881437	0.04596148266490303
0.3847154077038519	0.04556750602639357
0.3852155577788894	0.045174400218891776
0.38571570785392695	0.044782167591941945
0.38621585792896446	0.044390810495088494
0.38671600800400197	0.04400033127787573
0.3872161580790395	0.043610732289848006
0.387716308154077	0.043222015880549636
0.3882164582291145	0.042834184399524966
0.38871660830415206	0.042447240196318306
0.38921675837918956	0.04206118562047409
0.3897169084542271	0.0416760230215366
0.3902170585292646	0.04129175474905016
0.3907172086043021	0.040908383152559145
0.39121735867933966	0.04052591058160783
0.39171750875437716	0.040144339385740656
0.3922176588294147	0.039763671914501905
0.3927178089044522	0.03938391051743593
0.3932179589794897	0.039005057544087056
0.3937181090545272	0.03862711534399964
0.39421825912956476	0.03825008626671798
0.39471840920460227	0.03787397266178648
0.3952185592796398	0.03749877687874946
0.3957187093546773	0.03712450126715126
0.3962188594297148	0.03675114817653621
0.3967190095047523	0.03637871995644864
0.39721915957978987	0.036007218956432864
0.3977193096548274	0.03563664752603332
0.3982194597298649	0.035267008014794286
0.3987196098049024	0.03489830277226011
0.3992197598799399	0.034530534147975134
0.39971990995497747	0.03416370449148364
0.400220060030015	0.03379770135048821
0.4007202101050525	0.03343250331492789
0.40122036018009	0.033068225903998875
0.4017205102551275	0.03270486932544221
0.402220660330165	0.032342433786999
0.4027208104052026	0.03198091949641025
0.4032209604802401	0.03162032666141714
0.4037211105552776	0.0312606554897607
0.4042212606303151	0.030901906189182003
0.4047214107053526	0.030544078967422124
0.4052215607803902	0.030187174032222118
0.4057217108554277	0.02983119159132312
0.4062218609304652	0.02947613185246617
0.4067220110055027	0.029121995023392352
0.4072221610805402	0.028768781311842746
0.4077223111555777	0.028416490925558417
0.4082224612306153	0.028065124072280404
0.4087226113056528	0.027714680959749875
0.4092227613806903	0.02736516179570785
0.4097229114557278	0.02701656678789542
0.4102230615307653	0.026668896144053655
0.4107232116058029	0.026322150071923595
0.4112233616808404	0.025976328779246393
0.4117235117558779	0.025631432473763073
0.4122236618309154	0.02528746136321474
0.4127238119059529	0.02494441565534244
0.41322396198099043	0.02460229555788728
0.413724112056028	0.024261101278590286
0.4142242621310655	0.0239208330251926
0.414724412206103	0.023581491005435273
0.4152245622811405	0.023243075427059386
0.41572471235617803	0.022905586497805993
0.4162248624312156	0.022569024425416157
0.4167250125062531	0.022233389417631012
0.4172251625812906	0.021898681682191615
0.4177253126563281	0.02156490142683903
0.4182254627313656	0.021232048859314335
0.41872561280640314	0.020900124187358607
0.4192257628814407	0.02056912761871289
0.4197259129564782	0.020239059361118333
0.4202260630315157	0.01990991962231597
0.4207262131065532	0.019581708610046884
0.42122636318159073	0.01925442653205215
0.42172651325662824	0.01892807359607284
0.4222266633316658	0.018602650009850008
0.4227268134067033	0.018278155981124783
0.4232269634817408	0.017954591717638226
0.42372711355677833	0.017631957427131396
0.42422726363181584	0.01731025331734538
0.4247274137068534	0.01698947959602122
0.4252275637818909	0.01666962662624668
0.4257277138569284	0.016350689662677508
0.42622786393196593	0.01603267899382978
0.42672801400700344	0.015715594103962678
0.42722816408204095	0.01539943447733538
0.4277283141570785	0.015084199598207004
0.428228464232116	0.014769888950836824
0.42872861430715353	0.014456502019483963
0.42922876438219104	0.014144038288407604
0.42972891445722855	0.013832497241866916
0.4302290645322661	0.013521878364121047
0.4307292146073036	0.013212181139429227
0.43122936468234113	0.012903405052050612
0.43172951475737864	0.012595549586244375
0.43222966483241615	0.012288614226269687
0.43272981490745366	0.011982598456385723
0.4332299649824912	0.011677501760851623
0.43373011505752873	0.011373323623926632
0.43423026513256624	0.011070063529869893
0.43473041520760375	0.010767720962940581
0.43523056528264126	0.01046629540739787
0.4357307153576788	0.010165786347500901
0.43623086543271633	0.009866193267508915
0.43673101550775384	0.00956751565168106
0.43723116558279135	0.009269752984276503
0.43773131565782886	0.008972903608682305
0.43823146573286637	0.008676966199403528
0.43873161580790393	0.008381941007239675
0.43923176588294144	0.008087827223363066
0.43973191595797895	0.007794624038945937
0.44023206603301646	0.007502330645160535
0.44073221610805396	0.0072109462331791255
0.4412323661830915	0.006920469994173965
0.44173251625812904	0.006630901119317283
0.44223266633316655	0.006342238799781398
0.44273281640820406	0.006054482226738539
0.44323296648324156	0.0057676305913609656
0.4437331165582791	0.005481683084820935
0.44423326663331664	0.005196638447459116
0.44473341670835415	0.004912496126467786
0.44523356678339165	0.004629255158062658
0.44573371685842916	0.004346914560884674
0.44623386693346667	0.004065473353574779
0.4467340170085042	0.003784930554773913
0.44723416708354174	0.0035052851831229416
0.44773431715857925	0.0032265362572629817
0.44823446723361676	0.0029486827958348874
0.44873461730865427	0.0026717238174796
0.4492347673836918	0.0023956583408380645
0.44973491745872934	0.0021204853845511926
0.45023506753376685	0.001846203839230603
0.45073521760880436	0.0015728125326999083
0.45123536768384187	0.001300310470683839
0.4517355177588794	0.0010286965608049016
0.4522356678339169	0.0007579697106856399
0.45273581790895445	0.00048812882794853243
0.45323596798399196	0.00022024204291009068
0.45373611805902947	-1.7480593096886763E-06
0.454236268134067	0
0.4547364182091045	0
0.45523656828414205	0
0.45573671835917956	0
0.45623686843421707	0
0.4567370185092546	0
0.4572371685842921	0
0.4577373186593296	0
0.45823746873436716	0
0.45873761880940467	0
0.4592377688844422	0
0.4597379189594797	0
0.4602380690345172	0
0.4607382191095547	0
0.46123836918459227	0
0.4617385192596298	0
0.4622386693346673	0
0.4627388194097048	0
0.4632389694847423	0
0.46373911955977987	0
0.4642392696348174	0
0.4647394197098549	0
0.4652395697848924	0
0.4657397198599299	0
0.4662398699349674	0
0.466740020010005	0
0.4672401700850425	0
0.46774032016008	0
0.4682404702351175	0
0.468740620310155	0
0.4692407703851926	0
0.4697409204602301	0
0.4702410705352676	0
0.4707412206103051	0
0.4712413706853426	0
0.4717415207603801	0
0.4722416708354177	0
0.4727418209104552	0
0.4732419709854927	0
0.4737421210605302	0
0.4742422711355677	0
0.4747424212106053	0
0.4752425712856428	0
0.4757427213606803	0
0.4762428714357178	0
0.4767430215107553	0
0.4772431715857928	0
0.4777433216608304	0
0.4782434717358679	0
0.4787436218109054	0
0.4792437718859429	0
0.4797439219609804	0
0.48024407203601793	0
0.4807442221110555	0
0.481244372186093	0
0.4817445222611305	0
0.482244672336168	0
0.48274482241120553	0
0.4832449724862431	0
0.4837451225612806	0
0.4842452726363181	0
0.4847454227113556	0
0.48524557278639313	0
0.48574572286143064	0
0.4862458729364682	0
0.4867460230115057	0
0.4872461730865432	0
0.48774632316158073	0
0.48824647323661824	0
0.4887466233116558	0
0.4892467733866933	0
0.4897469234617308	0
0.49024707353676833	0
0.49074722361180584	0
0.49124737368684335	0
0.4917475237618809	0
0.4922476738369184	0
0.49274782391195593	0
0.49324797398699344	0
0.49374812406203095	0
0.4942482741370685	0
0.494748424212106	0
0.49524857428714353	0
0.49574872436218104	0
0.49624887443721855	0
0.49674902451225605	0
0.4972491745872936	0
0.4977493246623311	0
0.49824947473736864	0
0.49874962481240614	0
0.49924977488744365	0
0.4997499249624812	0
0.5002500750375187	0
0.5007502251125562	0
0.5012503751875937	0
0.5017505252626313	0
0.5022506753376688	0
0.5027508254127063	0
0.5032509754877438	0
0.5037511255627813	0
0.5042512756378189	0
0.5047514257128564	0
0.5052515757878939	0
0.5057517258629314	0
0.5062518759379689	0
0.5067520260130065	0
0.507252176088044	0
0.5077523261630815	0
0.508252476238119	0
0.5087526263131565	0
0.509252776388194	0
0.5097529264632316	0
0.5102530765382691	0
0.5107532266133066	0
0.5112533766883441	0
0.5117535267633816	0
0.5122536768384192	0
0.5127538269134567	0
0.5132539769884942	0
0.5137541270635317	0
0.5142542771385692	0
0.5147544272136068	0
0.5152545772886443	0
0.5157547273636818	0
0.5162548774387193	0
0.5167550275137568	0
0.5172551775887944	0
0.5177553276638318	0
0.5182554777388694	0
0.5187556278139069	0
0.5192557778889444	0
0.519755927963982	0
0.5202560780390194	0
0.520756228114057	0
0.5212563781890945	0
0.521756528264132	0
0.5222566783391696	0
0.522756828414207	0
0.5232569784892446	0
0.5237571285642821	0
0.5242572786393196	0
0.5247574287143572	0
0.5252575787893946	0
0.5257577288644322	0
0.5262578789394697	0
0.5267580290145072	0
0.5272581790895448	0
0.5277583291645822	0
0.5282584792396198	0
0.5287586293146572	0
0.5292587793896948	0
0.5297589294647324	0
0.5302590795397698	0
0.5307592296148074	0
0.5312593796898448	0
0.5317595297648824	0
0.53225967983992	0
0.5327598299149574	0
0.533259979989995	0
0.5337601300650324	0
0.53426028014007	0
0.5347604302151076	0
0.535260580290145	0
0.5357607303651826	0
0.53626088044022	0
0.5367610305152576	0
0.537261180590295	0
0.5377613306653326	0
0.5382614807403702	0
0.5387616308154076	0
0.5392617808904452	0
0.5397619309654826	0
0.5402620810405202	0
0.5407622311155578	0
0.5412623811905952	0
0.5417625312656328	0
0.5422626813406702	0
0.5427628314157078	0
0.5432629814907454	0
0.5437631315657828	0
0.5442632816408204	0
0.5447634317158578	0
0.5452635817908954	0
0.545763731865933	0
0.5462638819409704	0
0.546764032016008	0
0.5472641820910454	0
0.547764332166083	0
0.5482644822411205	0
0.548764632316158	0
0.5492647823911956	0
0.549764932466233	0
0.5502650825412706	0
0.550765232616308	0
0.5512653826913456	0
0.5517655327663832	0
0.5522656828414206	0
0.5527658329164582	0
0.5532659829914957	0
0.5537661330665332	0
0.5542662831415708	0
0.5547664332166082	0
0.5552665832916458	0
0.5557667333666833	0
0.5562668834417208	0
0.5567670335167583	0
0.5572671835917958	0
0.5577673336668334	0
0.5582674837418709	0
0.5587676338169084	0
0.5592677838919459	0
0.5597679339669834	0
0.560268084042021	0
0.5607682341170585	0
0.561268384192096	0
0.5617685342671335	0
0.562268684342171	0
0.5627688344172086	0
0.563268984492246	0
0.5637691345672836	0
0.5642692846423211	0
0.5647694347173586	0
0.5652695847923962	0
0.5657697348674336	0
0.5662698849424712	0
0.5667700350175087	0
0.5672701850925462	0
0.5677703351675837	0
0.5682704852426212	0
0.5687706353176588	0
0.5692707853926963	0
0.5697709354677338	0
0.5702710855427713	0
0.5707712356178088	0
0.5712713856928464	0
0.5717715357678839	0
0.5722716858429214	0
0.5727718359179589	0
0.5732719859929964	0
0.573772136068034	0
0.5742722861430715	0
0.574772436218109	0
0.5752725862931465	0
0.575772736368184	0
0.5762728864432216	0
0.5767730365182591	0
0.5772731865932966	0
0.5777733366683341	0
0.5782734867433716	0
0.5787736368184091	0
0.5792737868934467	0
0.5797739369684842	0
0.5802740870435217	0
0.5807742371185592	0
0.5812743871935967	0
0.5817745372686343	0
0.5822746873436718	0
0.5827748374187093	0
0.5832749874937468	0
0.5837751375687843	0
0.5842752876438219	0
0.5847754377188594	0
0.5852755877938969	0
0.5857757378689344	0
0.5862758879439719	0
0.5867760380190095	0
0.5872761880940469	0
0.5877763381690845	0
0.588276488244122	0
0.5887766383191595	0
0.5892767883941971	0
0.5897769384692345	0
0.5902770885442721	0
0.5907772386193096	0
0.5912773886943471	0
0.5917775387693847	0
0.5922776888444221	0
0.5927778389194597	0
0.5932779889944972	0
0.5937781390695347	0
0.5942782891445723	0
0.5947784392196097	0
0.5952785892946473	0
0.5957787393696848	0
0.5962788894447223	0
0.5967790395197599	0
0.5972791895947973	0
0.5977793396698349	0
0.5982794897448723	0
0.5987796398199099	0
0.5992797898949475	0
0.5997799399699849	0
0.6002800900450225	0
0.6007802401200599	0
0.6012803901950975	0
0.6017805402701351	0
0.6022806903451725	0
0.6027808404202101	0
0.6032809904952475	0
0.6037811405702851	0
0.6042812906453227	0
0.6047814407203601	0
0.6052815907953977	0
0.6057817408704351	0
0.6062818909454727	0
0.6067820410205101	0
0.6072821910955477	0
0.6077823411705853	0
0.6082824912456227	0
0.6087826413206603	0
0.6092827913956977	0
0.6097829414707353	0
0.6102830915457729	0
0.6107832416208103	0
0.6112833916958479	0
0.6117835417708853	0
0.6122836918459229	0
0.6127838419209605	0
0.6132839919959979	0
0.6137841420710355	0
0.6142842921460729	0
0.6147844422211105	0
0.6152845922961481	0
0.6157847423711855	0
0.6162848924462231	0
0.6167850425212605	0
0.6172851925962981	0
0.6177853426713356	0
0.6182854927463731	0
0.6187856428214107	0
0.6192857928964481	0
0.6197859429714857	0
0.6202860930465232	0
0.6207862431215607	0
0.6212863931965983	0
0.6217865432716357	0
0.6222866933466733	0
0.6227868434217108	0
0.6232869934967483	0
0.6237871435717859	0
0.6242872936468233	0
0.6247874437218609	0
0.6252875937968984	0
0.6257877438719359	0
0.6262878939469734	0
0.6267880440220109	0
0.6272881940970485	0
0.627788344172086	0
0.6282884942471235	0
0.628788644322161	0
0.6292887943971985	0
0.6297889444722361	0
0.6302890945472736	0
0.6307892446223111	0
0.6312893946973486	0
0.6317895447723861	0
0.6322896948474237	0
0.6327898449224612	0
0.6332899949974987	0
0.6337901450725362	0
0.6342902951475737	0
0.6347904452226113	0
0.6352905952976488	0
0.6357907453726863	0
0.6362908954477238	0
0.6367910455227613	0
0.6372911955977988	0
0.6377913456728364	0
0.6382914957478739	0
0.6387916458229114	0
0.6392917958979489	0
0.6397919459729864	0
0.640292096048024	0
0.6407922461230615	0
0.641292396198099	0
0.6417925462731365	0
0.642292696348174	0
0.6427928464232116	0
0.6432929964982491	0
0.6437931465732866	0
0.6442932966483241	0
0.6447934467233616	0
0.6452935967983991	0
0.6457937468734366	0
0.6462938969484742	0
0.6467940470235117	0
0.6472941970985492	0
0.6477943471735867	0
0.6482944972486242	0
0.6487946473236618	0
0.6492947973986993	0
0.6497949474737368	0
0.6502950975487743	0
0.6507952476238118	0
0.6512953976988494	0
0.6517955477738869	0
0.6522956978489244	0
0.652795847923962	0
0.6532959979989994	0
0.653796148074037	0
0.6542962981490745	0
0.654796448224112	0
0.6552965982991495	0
0.655796748374187	0
0.6562968984492246	0
0.656797048524262	0
0.6572971985992996	0
0.6577973486743371	0
0.6582974987493746	0
0.6587976488244122	0
0.6592977988994496	0
0.6597979489744872	0
0.6602980990495247	0
0.6607982491245622	0
0.6612983991995998	0
0.6617985492746372	0
0.6622986993496748	0
0.6627988494247123	0
0.6632989994997498	0
0.6637991495747874	0
0.6642992996498248	0
0.6647994497248624	0
0.6652995997998998	0
0.6657997498749374	0
0.666299899949975	0
0.6668000500250124	0
0.66730020010005	0
0.6678003501750874	0
0.668300500250125	0
0.6688006503251626	0
0.6693008004002	0
0.6698009504752376	0
0.670301100550275	0
0.6708012506253126	0
0.6713014007003502	0
0.6718015507753876	0
0.6723017008504252	0
0.6728018509254626	0
0.6733020010005002	0
0.6738021510755378	0
0.6743023011505752	0
0.6748024512256128	0
0.6753026013006502	0
0.6758027513756878	0
0.6763029014507252	0
0.6768030515257628	0
0.6773032016008004	0
0.6778033516758378	0
0.6783035017508754	0
0.6788036518259128	0
0.6793038019009504	0
0.679803951975988	0
0.6803041020510254	0
0.680804252126063	0
0.6813044022011004	0
0.681804552276138	0
0.6823047023511756	0
0.682804852426213	0
0.6833050025012506	0
0.683805152576288	0
0.6843053026513256	0
0.6848054527263631	0
0.6853056028014006	0
0.6858057528764382	0
0.6863059029514756	0
0.6868060530265132	0
0.6873062031015507	0
0.6878063531765882	0
0.6883065032516258	0
0.6888066533266632	0
0.6893068034017008	0
0.6898069534767383	0
0.6903071035517758	0
0.6908072536268134	0
0.6913074037018508	0
0.6918075537768884	0
0.6923077038519259	0
0.6928078539269634	0
0.693308004002001	0
0.6938081540770384	0
0.694308304152076	0
0.6948084542271135	0
0.695308604302151	0
0.6958087543771885	0
0.696308904452226	0
0.6968090545272636	0
0.6973092046023011	0
0.6978093546773386	0
0.6983095047523761	0
0.6988096548274136	0
0.6993098049024512	0
0.6998099549774887	0
0.7003101050525262	0
0.7008102551275637	0
0.7013104052026012	0
0.7018105552776388	0
0.7023107053526763	0
0.7028108554277138	0
0.7033110055027513	0
0.7038111555777888	0
0.7043113056528263	0
0.7048114557278639	0
0.7053116058029014	0
0.7058117558779389	0
0.7063119059529764	0
0.7068120560280139	0
0.7073122061030515	0
0.707812356178089	0
0.7083125062531265	0
0.708812656328164	0
0.7093128064032015	0
0.709812956478239	0
0.7103131065532766	0
0.7108132566283141	0
0.7113134067033516	0
0.7118135567783891	0
0.7123137068534267	0
0.7128138569284642	0
0.7133140070035017	0
0.7138141570785392	0
0.7143143071535767	0
0.7148144572286143	0
0.7153146073036517	0
0.7158147573786893	0
0.7163149074537268	0
0.7168150575287643	0
0.7173152076038019	0
0.7178153576788393	0
0.7183155077538769	0
0.7188156578289144	0
0.7193158079039519	0
0.7198159579789895	0
0.7203161080540269	0
0.7208162581290645	0
0.721316408204102	0
0.7218165582791395	0
0.722316708354177	0
0.7228168584292145	0
0.7233170085042521	0
0.7238171585792896	0
0.7243173086543271	0
0.7248174587293646	0
0.7253176088044021	0
0.7258177588794397	0
0.7263179089544771	0
0.7268180590295147	0
0.7273182091045522	0
0.7278183591795897	0
0.7283185092546273	0
0.7288186593296647	0
0.7293188094047023	0
0.7298189594797398	0
0.7303191095547773	0
0.7308192596298149	0
0.7313194097048523	0
0.7318195597798899	0
0.7323197098549274	0
0.7328198599299649	0
0.7333200100050025	0
0.7338201600800399	0
0.7343203101550775	0
0.7348204602301149	0
0.7353206103051525	0
0.7358207603801901	0
0.7363209104552275	0
0.7368210605302651	0
0.7373212106053025	0
0.7378213606803401	0
0.7383215107553777	0
0.7388216608304151	0
0.7393218109054527	0
0.7398219609804901	0
0.7403221110555277	0
0.7408222611305653	0
0.7413224112056027	0
0.7418225612806403	0
0.7423227113556777	0
0.7428228614307153	0
0.7433230115057529	0
0.7438231615807903	0
0.7443233116558279	0
0.7448234617308653	0
0.7453236118059029	0
0.7458237618809404	0
0.7463239119559779	0
0.7468240620310155	0
0.7473242121060529	0
0.7478243621810905	0
0.748324512256128	0
0.7488246623311655	0
0.7493248124062031	0
0.7498249624812405	0
0.7503251125562781	0
0.7508252626313155	0
0.7513254127063531	0
0.7518255627813907	0
0.7523257128564281	0
0.7528258629314657	0
0.7533260130065031	0
0.7538261630815407	0
0.7543263131565782	0
0.7548264632316157	0
0.7553266133066533	0
0.7558267633816907	0
0.7563269134567283	0
0.7568270635317658	0
0.7573272136068033	0
0.7578273636818409	0
0.7583275137568783	0
0.7588276638319159	0
0.7593278139069534	0
0.7598279639819909	0
0.7603281140570285	0
0.760828264132066	0
0.7613284142071035	0
0.761828564282141	0
0.7623287143571785	0
0.7628288644322161	0
0.7633290145072535	0
0.7638291645822911	0
0.7643293146573286	0
0.7648294647323661	0
0.7653296148074036	0
0.7658297648824411	0
0.7663299149574787	0
0.7668300650325162	0
0.7673302151075537	0
0.7678303651825912	0
0.7683305152576287	0
0.7688306653326663	0
0.7693308154077038	0
0.7698309654827413	0
0.7703311155577788	0
0.7708312656328163	0
0.7713314157078539	0
0.7718315657828914	0
0.7723317158579289	0
0.7728318659329664	0
0.7733320160080039	0
0.7738321660830414	0
0.774332316158079	0
0.7748324662331165	0
0.775332616308154	0
0.7758327663831915	0
0.776332916458229	0
0.7768330665332666	0
0.7773332166083041	0
0.7778333666833416	0
0.7783335167583791	0
0.7788336668334166	0
0.7793338169084542	0
0.7798339669834917	0
0.7803341170585292	0
0.7808342671335667	0
0.7813344172086042	0
0.7818345672836418	0
0.7823347173586793	0
0.7828348674337168	0
0.7833350175087543	0
0.7838351675837918	0
0.7843353176588294	0
0.7848354677338668	0
0.7853356178089044	0
0.7858357678839419	0
0.7863359179589794	0
0.786836068034017	0
0.7873362181090544	0
0.787836368184092	0
0.7883365182591295	0
0.788836668334167	0
0.7893368184092046	0
0.789836968484242	0
0.7903371185592796	0
0.7908372686343171	0
0.7913374187093546	0
0.7918375687843922	0
0.7923377188594296	0
0.7928378689344672	0
0.7933380190095046	0
0.7938381690845422	0
0.7943383191595798	0
0.7948384692346172	0
0.7953386193096548	0
0.7958387693846922	0
0.7963389194597298	0
0.7968390695347674	0
0.7973392196098048	0
0.7978393696848424	0
0.7983395197598798	0
0.7988396698349174	0
0.799339819909955	0
0.7998399699849924	0
0.80034012006003	0
0.8008402701350674	0
0.801340420210105	0
0.8018405702851426	0
0.80234072036018	0
0.8028408704352176	0
0.803341020510255	0
0.8038411705852926	0
0.80434132066033	0
0.8048414707353676	0
0.8053416208104052	0
0.8058417708854426	0
0.8063419209604802	0
0.8068420710355176	0
0.8073422211105552	0
0.8078423711855928	0
0.8083425212606302	0
0.8088426713356678	0
0.8093428214107052	0
0.8098429714857428	0
0.8103431215607804	0
0.8108432716358178	0
0.8113434217108554	0
0.8118435717858928	0
0.8123437218609304	0
0.8128438719359679	0
0.8133440220110054	0
0.813844172086043	0
0.8143443221610804	0
0.814844472236118	0
0.8153446223111555	0
0.815844772386193	0
0.8163449224612306	0
0.816845072536268	0
0.8173452226113056	0
0.817845372686343	0
0.8183455227613806	0
0.8188456728364182	0
0.8193458229114556	0
0.8198459729864932	0
0.8203461230615307	0
0.8208462731365682	0
0.8213464232116058	0
0.8218465732866432	0
0.8223467233616808	0
0.8228468734367183	0
0.8233470235117558	0
0.8238471735867933	0
0.8243473236618308	0
0.8248474737368684	0
0.8253476238119059	0
0.8258477738869434	0
0.8263479239619809	0
0.8268480740370184	0
0.827348224112056	0
0.8278483741870934	0
0.828348524262131	0
0.8288486743371685	0
0.829348824412206	0
0.8298489744872436	0
0.830349124562281	0
0.8308492746373186	0
0.8313494247123561	0
0.8318495747873936	0
0.8323497248624312	0
0.8328498749374686	0
0.8333500250125062	0
0.8338501750875437	0
0.8343503251625812	0
0.8348504752376187	0
0.8353506253126562	0
0.8358507753876938	0
0.8363509254627313	0
0.8368510755377688	0
0.8373512256128063	0
0.8378513756878438	0
0.8383515257628814	0
0.8388516758379189	0
0.8393518259129564	0
0.8398519759879939	0
0.8403521260630314	0
0.840852276138069	0
0.8413524262131065	0
0.841852576288144	0
0.8423527263631815	0
0.842852876438219	0
0.8433530265132565	0
0.8438531765882941	0
0.8443533266633316	0
0.8448534767383691	0
0.8453536268134066	0
0.8458537768884441	0
0.8463539269634817	0
0.8468540770385192	0
0.8473542271135567	0
0.8478543771885942	0
0.8483545272636317	0
0.8488546773386693	0
0.8493548274137068	0
0.8498549774887443	0
0.8503551275637818	0
0.8508552776388193	0
0.8513554277138569	0
0.8518555777888944	0
0.8523557278639319	0
0.8528558779389694	0
0.8533560280140069	0
0.8538561780890445	0
0.8543563281640819	0
0.8548564782391195	0
0.855356628314157	0
0.8558567783891945	0
0.8563569284642321	0
0.8568570785392695	0
0.8573572286143071	0
0.8578573786893446	0
0.8583575287643821	0
0.8588576788394197	0
0.8593578289144571	0
0.8598579789894947	0
0.8603581290645322	0
0.8608582791395697	0
0.8613584292146073	0
0.8618585792896447	0
0.8623587293646823	0
0.8628588794397197	0
0.8633590295147573	0
0.8638591795897949	0
0.8643593296648323	0
0.8648594797398699	0
0.8653596298149073	0
0.8658597798899449	0
0.8663599299649825	0
0.8668600800400199	0
0.8673602301150575	0
0.8678603801900949	0
0.8683605302651325	0
0.86886068034017	0
0.8693608304152075	0
0.8698609804902451	0
0.8703611305652825	0
0.8708612806403201	0
0.8713614307153577	0
0.8718615807903951	0
0.8723617308654327	0
0.8728618809404701	0
0.8733620310155077	0
0.8738621810905451	0
0.8743623311655827	0
0.8748624812406203	0
0.8753626313156577	0
0.8758627813906953	0
0.8763629314657327	0
0.8768630815407703	0
0.8773632316158079	0
0.8778633816908453	0
0.8783635317658829	0
0.8788636818409203	0
0.8793638319159579	0
0.8798639819909955	0
0.8803641320660329	0
0.8808642821410705	0
0.8813644322161079	0
0.8818645822911455	0
0.882364732366183	0
0.8828648824412205	0
0.8833650325162581	0
0.8838651825912955	0
0.8843653326663331	0
0.8848654827413706	0
0.8853656328164081	0
0.8858657828914457	0
0.8863659329664831	0
0.8868660830415207	0
0.8873662331165582	0
0.8878663831915957	0
0.8883665332666333	0
0.8888666833416707	0
0.8893668334167083	0
0.8898669834917458	0
0.8903671335667833	0
0.8908672836418209	0
0.8913674337168583	0
0.8918675837918959	0
0.8923677338669334	0
0.8928678839419709	0
0.8933680340170084	0
0.8938681840920459	0
0.8943683341670835	0
0.894868484242121	0
0.8953686343171585	0
0.895868784392196	0
0.8963689344672335	0
0.8968690845422711	0
0.8973692346173086	0
0.8978693846923461	0
0.8983695347673836	0
0.8988696848424211	0
0.8993698349174587	0
0.8998699849924962	0
0.9003701350675337	0
0.9008702851425712	0
0.9013704352176087	0
0.9018705852926462	0
0.9023707353676838	0
0.9028708854427213	0
0.9033710355177588	0
0.9038711855927963	0
0.9043713356678338	0
0.9048714857428714	0
0.9053716358179089	0
0.9058717858929464	0
0.9063719359679839	0
0.9068720860430214	0
0.907372236118059	0
0.9078723861930965	0
0.908372536268134	0
0.9088726863431715	0
0.909372836418209	0
0.9098729864932465	0
0.9103731365682841	0
0.9108732866433216	0
0.9113734367183591	0
0.9118735867933966	0
0.9123737368684341	0
0.9128738869434716	0
0.9133740370185092	0
0.9138741870935467	0
0.9143743371685842	0
0.9148744872436217	0
0.9153746373186592	0
0.9158747873936968	0
0.9163749374687343	0
0.9168750875437718	0
0.9173752376188093	0
0.9178753876938468	0
0.9183755377688844	0
0.9188756878439219	0
0.9193758379189594	0
0.919875987993997	0
0.9203761380690344	0
0.920876288144072	0
0.9213764382191094	0
0.921876588294147	0
0.9223767383691845	0
0.922876888444222	0
0.9233770385192596	0
0.923877188594297	0
0.9243773386693346	0
0.9248774887443721	0
0.9253776388194096	0
0.9258777888944472	0
0.9263779389694846	0
0.9268780890445222	0
0.9273782391195597	0
0.9278783891945972	0
0.9283785392696348	0
0.9288786893446722	0
0.9293788394197098	0
0.9298789894947473	0
0.9303791395697848	0
0.9308792896448224	0
0.9313794397198598	0
0.9318795897948974	0
0.9323797398699348	0
0.9328798899449724	0
0.93338004002001	0
0.9338801900950474	0
0.934380340170085	0
0.9348804902451224	0
0.93538064032016	0
0.9358807903951976	0
0.936380940470235	0
0.9368810905452726	0
0.93738124062031	0
0.9378813906953476	0
0.9383815407703852	0
0.9388816908454226	0
0.9393818409204602	0
0.9398819909954976	0
0.9403821410705352	0
0.9408822911455726	0
0.9413824412206102	0
0.9418825912956478	0
0.9423827413706852	0
0.9428828914457228	0
0.9433830415207602	0
0.9438831915957978	0
0.9443833416708354	0
0.9448834917458728	0
0.9453836418209104	0
0.9458837918959478	0
0.9463839419709854	0
0.946884092046023	0
0.9473842421210604	0
0.947884392196098	0
0.9483845422711354	0
0.948884692346173	0
0.9493848424212106	0
0.949884992496248	0
0.9503851425712856	0
0.950885292646323	0
0.9513854427213606	0
0.9518855927963981	0
0.9523857428714356	0
0.9528858929464732	0
0.9533860430215106	0
0.9538861930965482	0
0.9543863431715857	0
0.9548864932466232	0
0.9553866433216608	0
0.9558867933966982	0
0.9563869434717358	0
0.9568870935467733	0
0.9573872436218108	0
0.9578873936968484	0
0.9583875437718858	0
0.9588876938469234	0
0.9593878439219609	0
0.9598879939969984	0
0.9603881440720359	0
0.9608882941470734	0
0.961388444222111	0
0.9618885942971485	0
0.962388744372186	0
0.9628888944472235	0
0.963389044522261	0
0.9638891945972986	0
0.9643893446723361	0
0.9648894947473736	0
0.9653896448224111	0
0.9658897948974486	0
0.9663899449724862	0
0.9668900950475237	0
0.9673902451225612	0
0.9678903951975987	0
0.9683905452726362	0
0.9688906953476738	0
0.9693908454227113	0
0.9698909954977488	0
0.9703911455727863	0
0.9708912956478238	0
0.9713914457228613	0
0.9718915957978989	0
0.9723917458729364	0
0.9728918959479739	0
0.9733920460230114	0
0.9738921960980489	0
0.9743923461730865	0
0.974892496248124	0
0.9753926463231615	0
0.975892796398199	0
0.9763929464732365	0
0.976893096548274	0
0.9773932466233116	0
0.9778933966983491	0
0.9783935467733866	0
0.9788936968484241	0
0.9793938469234617	0
0.9798939969984992	0
0.9803941470735367	0
0.9808942971485742	0
0.9813944472236117	0
0.9818945972986493	0
0.9823947473736867	0
0.9828948974487243	0
0.9833950475237618	0
0.9838951975987993	0
0.9843953476738369	0
0.9848954977488743	0
0.9853956478239119	0
0.9858957978989494	0
0.9863959479739869	0
0.9868960980490245	0
0.9873962481240619	0
0.9878963981990995	0
0.988396548274137	0
0.9888966983491745	0
0.989396848424212	0
0.9898969984992495	0
0.9903971485742871	0
0.9908972986493245	0
0.9913974487243621	0
0.9918975987993996	0
0.9923977488744371	0
0.9928978989494747	0
0.9933980490245121	0
0.9938981990995497	0
0.9943983491745872	0
0.9948984992496247	0
0.9953986493246623	0
0.9958987993996997	0
0.9963989494747373	0
0.9968990995497748	0
0.9973992496248123	0
0.9978993996998499	0
0.9983995497748873	0
0.9988996998499249	0
0.9993998499249624	0
0.9999	0
