0.0001	-9.153919550612563E-14
0.0006001500750375188	-4.9313431646421265E-14
0.0011003001500750375	-9.176413246844576E-15
0.0016004502251125562	2.892462682082947E-14
0.0021006003001500747	6.504188848423614E-14
0.0026007503751875934	9.922700447042433E-14
0.003100900450225112	1.3153104030585133E-13
0.003601050525262631	1.6200449431639174E-13
0.00410120060030015	1.906972976273263E-13
0.004601350675337669	2.176588141633523E-13
0.0051015007503751875	2.4293784064857655E-13
0.005601650825412706	2.6658260660651686E-13
0.006101800900450225	2.886407743601059E-13
0.006601950975487744	3.091594390316848E-13
0.007102101050525262	3.281851285430101E-13
0.007602251125562781	3.457638036152468E-13
0.008102401200600299	3.619408577689743E-13
0.008602551275637818	3.767611173241823E-13
0.009102701350675337	3.9026884140027346E-13
0.009602851425712855	4.025077219160612E-13
0.010103001500750374	4.13520883589772E-13
0.010603151575787893	4.2335088393904413E-13
0.01110330165082541	4.320397132809257E-13
0.01160345172586293	4.3962879473187967E-13
0.012103601800900449	4.4615898420777886E-13
0.012603751875937968	4.516705704239089E-13
0.013103901950975487	4.562032748949665E-13
0.013604052026013004	4.597962519350607E-13
0.014104202101050524	4.624880886577129E-13
0.014604352176088043	4.64316804975855E-13
0.01510450225112556	4.653198536018331E-13
0.01560465232616308	4.655341200474024E-13
0.0161048024012006	4.649959226237317E-13
0.016604952476238118	4.637410124414015E-13
0.017105102551275637	4.618045734104034E-13
0.017605252626313156	4.592212222401419E-13
0.018105402701350675	4.560250084394328E-13
0.01860555277638819	4.522494143165038E-13
0.01910570285142571	4.4792735497899436E-13
0.01960585292646323	4.430911783339561E-13
0.020106003001500748	4.377726650878528E-13
0.020606153076538267	4.3200302874655904E-13
0.021106303151575787	4.2581291561536226E-13
0.021606453226613306	4.1923240479896147E-13
0.02210660330165082	4.1229100820146737E-13
0.02260675337668834	4.0501767052640287E-13
0.02310690345172586	3.974407692767024E-13
0.02360705352676338	3.895881147547126E-13
0.024107203601800898	3.8148695006219175E-13
0.024607353676838417	3.731639511003101E-13
0.025107503751875936	3.6464522656964977E-13
0.025607653826913455	3.559563179702048E-13
0.026107803901950975	3.471221996013807E-13
0.02660795397698849	3.381672785619956E-13
0.02710810405202601	3.291153947502787E-13
0.02760825412706353	3.199898208638717E-13
0.028108404202101048	3.1081326239982777E-13
0.028608554277138567	3.016078576546124E-13
0.029108704352176086	2.923951777241024E-13
0.029608854427213605	2.8319622650358685E-13
0.03010900450225112	2.740314406877665E-13
0.03060915457728864	2.649206897707539E-13
0.03110930465232616	2.5588327604607413E-13
0.031609454727363685	2.4693793460666275E-13
0.0321096048024012	2.3810283334486906E-13
0.03260975487743872	2.293955729524526E-13
0.03310990495247624	2.2083318692058553E-13
0.033610055027513755	2.12432141539852E-13
0.03411020510255128	2.042083359002476E-13
0.03461035517758879	1.9617710189118004E-13
0.035110505252626316	1.8835320420146882E-13
0.03561065532766383	1.8075084031934545E-13
0.036110805402701354	1.7338364053245306E-13
0.03661095547773887	1.6626466792784705E-13
0.037111105552776386	1.5940641839199448E-13
0.03761125562781391	1.5282082061077385E-13
0.038111405702851424	1.4651923606947623E-13
0.038611555777888946	1.4051245905280435E-13
0.03911170585292646	1.348107166448726E-13
0.039611855927963985	1.294236687292073E-13
0.0401120060030015	1.2436040798874695E-13
0.040612156078039016	1.196294599058415E-13
0.04111230615307654	1.152387827622529E-13
0.041612456228114054	1.1119576763915523E-13
0.04211260630315158	1.0750723841713414E-13
0.04261275637818909	1.0417945177618728E-13
0.043112906453226615	1.0121809719572422E-13
0.04361305652826413	9.862829695456626E-14
0.04411320660330165	9.641460613094674E-14
0.04461335667833917	9.458101260251047E-14
0.045113506753376685	9.313093704631482E-14
0.04561365682841421	9.206723293882839E-14
0.04611380690345172	9.139218655593217E-14
0.046613956978489246	9.11075169729186E-14
0.04711410705352676	9.121437606449206E-14
0.047614257128564284	9.171334850476912E-14
0.0481144072036018	9.260445176727781E-14
0.048614557278639316	9.388713612495841E-14
0.04911470735367684	9.556028465016274E-14
0.049614857428714354	9.762221321465499E-14
0.05011500750375188	1.000706704896103E-13
0.05061515757878939	1.0290283794561666E-13
0.051115307653826915	1.0611532985267336E-13
0.05161545772886443	1.0970419328019196E-13
0.05211560780390195	1.1366490809699549E-13
0.05261575787893947	1.179923869713187E-13
0.053115907953976985	1.226809753708091E-13
0.05361605802901451	1.2772445156252537E-13
0.05411620810405202	1.3311602661293812E-13
0.054616358179089546	1.3884834438792997E-13
0.05511650825412706	1.449134815527952E-13
0.055616658329164584	1.5130294757224036E-13
0.0561168084042021	1.580076847103833E-13
0.056616958479239615	1.650180680307543E-13
0.05711710855427714	1.7232390539629549E-13
0.057617258629314654	1.799144374693603E-13
0.058117408704352176	1.877783377117146E-13
0.05861755877938969	1.9590371238453583E-13
0.059117708854427214	2.0427810054841355E-13
0.05961785892946473	2.1288847406334896E-13
0.060118009004502246	2.2172123758875513E-13
0.06061815907953977	2.3076222858345737E-13
0.061118309154577284	2.3999671730569233E-13
0.06161845922961481	2.49409406813109E-13
0.06211860930465232	2.589844329627676E-13
0.06261875937968985	2.687053644111413E-13
0.06311890945472737	2.78555202614114E-13
0.06361905952976488	2.88516381826982E-13
0.0641192096048024	2.9857076910445376E-13
0.06461935967983992	3.0869966430064925E-13
0.06511950975487743	3.188838000690999E-13
0.06561965982991495	3.291033418627498E-13
0.06611980990495248	3.393378879339548E-13
0.06661995997999	3.4956646933448214E-13
0.06712011005502751	3.59767549915511E-13
0.06762026013006503	3.6991902632763306E-13
0.06812041020510255	3.799982280208512E-13
0.06862056028014006	3.8998191724458033E-13
0.06912071035517758	3.9984628904764754E-13
0.0696208604302151	4.0956697127829153E-13
0.07012101050525263	4.191190245841629E-13
0.07062116058029014	4.2847694241232375E-13
0.07112131065532766	4.3761465100924905E-13
0.07162146073036518	4.465055094208248E-13
0.0721216108054027	4.551223094923489E-13
0.07262176088044021	4.634372758685314E-13
0.07312191095547774	4.714220659934942E-13
0.07362206103051526	4.790477701107713E-13
0.07412221110555277	4.862849112633077E-13
0.07462236118059029	4.931034452934612E-13
0.07512251125562781	4.994727608430013E-13
0.07562266133066534	5.053616793531091E-13
0.07612281140570284	5.107384550643772E-13
0.07662296148074037	5.155707750168114E-13
0.07712311155577789	5.198257590498278E-13
0.0776232616308154	5.234699598022554E-13
0.07812341170585292	5.264693627123348E-13
0.07862356178089044	5.287893860177185E-13
0.07912371185592797	5.303948807554705E-13
0.07962386193096548	5.312501307620673E-13
0.080124012006003	5.313188526733967E-13
0.08062416208104052	5.305641959247591E-13
0.08112431215607803	5.289487427508656E-13
0.08162446223111555	5.264345081858405E-13
0.08212461230615307	5.229829400632189E-13
0.0826247623811906	5.185549190159485E-13
0.0831249124562281	5.131107584763886E-13
0.08362506253126563	5.066102046763104E-13
0.08412521260630315	4.990124366468968E-13
0.08462536268134066	4.902760662187426E-13
0.08512551275637818	4.803591380218546E-13
0.0856256628314157	4.692191294856516E-13
0.08612581290645323	4.568129508389641E-13
0.08662596298149074	4.4309694511003493E-13
0.08712611305652826	4.2802688812651723E-13
0.08762626313156578	4.1155798851547827E-13
0.08812641320660329	3.9364488770339573E-13
0.08862656328164081	3.742416599161589E-13
0.08912671335667834	3.533018121790704E-13
0.08962686343171586	3.307782843168434E-13
0.09012701350675337	3.0662344895360424E-13
0.09062716358179089	2.8078911151288843E-13
0.09112731365682841	2.532265102176465E-13
0.09162746373186594	2.2388631609023983E-13
0.09212761380690344	1.927186329524414E-13
0.09262776388194097	1.5967299742543518E-13
0.09312791395697849	1.2469837892981845E-13
0.093628064032016	8.774317968560038E-14
0.09412821410705352	4.8755234712200026E-14
0.09462836418209104	7.68181182845096E-15
0.09512851425712857	-3.553038834740351E-14
0.09562866433216607	-8.093523239770485E-14
0.0961288144072036	-1.2858715410538867E-13
0.09662896448224112	-1.78541154453974E-13
0.09712911455727863	-2.308528016275661E-13
0.09762926463231615	-2.855782310108653E-13
0.09812941470735367	-3.4277414518915425E-13
0.0986295647823912	-4.024978139483076E-13
0.0991297148574287	-4.648070742747816E-13
0.09962986493246623	-5.297603303556308E-13
0.10013001500750375	-4.303464873026643E-13
0.10063016508254126	-1.2563485734454485E-13
0.10113031515757878	1.5707005494534058E-13
0.1016304652326163	4.1846619584884384E-13
0.10213061530765383	6.592389175305259E-13
0.10263076538269134	8.800609780375534E-13
0.10313091545772886	1.0815925412997978E-12
0.10363106553276638	1.2644811771297907E-12
0.1041312156078039	1.429361861222677E-12
0.10463136568284141	1.5768569751562597E-12
0.10513151575787893	1.7075763063910892E-12
0.10563166583291646	1.8221170482702707E-12
0.10613181590795397	1.9210638000196513E-12
0.10663196598299149	2.004988566747624E-12
0.10713211605802901	2.0744507594453524E-12
0.10763226613306653	2.1299971949866336E-12
0.10813241620810404	2.1721620961278394E-12
0.10863256628314157	2.201467091508146E-12
0.10913271635817909	2.218421215649239E-12
0.1096328664332166	2.223520908955588E-12
0.11013301650825412	2.2172500177142114E-12
0.11063316658329164	2.200079794094871E-12
0.11113331665832916	2.1724688961499336E-12
0.11163346673336667	2.1348633878144655E-12
0.1121336168084042	2.0876967389061503E-12
0.11263376688344172	2.031389825125344E-12
0.11313391695847923	1.9663509280550916E-12
0.11363406703351675	1.8929757351610626E-12
0.11413421710855427	1.8116473397915855E-12
0.1146343671835918	1.7227362411776592E-12
0.1151345172586293	1.6266003444329222E-12
0.11563466733366683	1.5235849605536914E-12
0.11613481740870435	1.4140228064189741E-12
0.11663496748374186	1.2982340047903406E-12
0.11713511755877938	1.1765260843120968E-12
0.1176352676338169	1.0491939795111946E-12
0.11813541770885443	9.165200307972443E-13
0.11863556778389193	7.787739844624756E-13
0.11913571785892946	6.362129926818317E-13
0.11963586793396698	4.890816135128808E-13
0.12013601800900449	3.376118108958637E-13
0.12063616808404201	1.820229546536599E-13
0.12113631815907953	2.2521820491820663E-14
0.12163646823411706	-1.4069741000142335E-13
0.12213661830915457	-3.0745314935520536E-13
0.12263676838419209	-4.775764042160109E-13
0.12313691845922961	-6.509107753476694E-13
0.12363706853426713	-8.273124576313283E-13
0.12413721860930464	-1.0066502400654634E-12
0.12463736868434216	-1.1888055057659421E-12
0.12513751875937967	-1.3736722319659394E-12
0.12563766883441718	-1.5611569900159816E-12
0.12613781890945472	-1.7511789453839333E-12
0.12663796898449223	-1.9436698576549946E-12
0.12713811905952974	-2.1385740805317414E-12
0.12763826913456727	-2.3358485618340303E-12
0.12813841920960478	-2.535462843499118E-12
0.1286385692846423	-2.7373990615815746E-12
0.12913871935967983	-2.941651946253312E-12
0.12963886943471734	-3.148228821803585E-12
0.13013901950975484	-3.3571496066390064E-12
0.13063916958479238	-3.5684468132835303E-12
0.1311393196598299	-3.7821655483783965E-12
0.13163946973486743	-3.998363512682276E-12
0.13213961980990493	-4.2171110010710985E-12
0.13263976988494244	-4.438490902538197E-12
0.13313991995997998	-4.6625987001942275E-12
0.1336400700350175	-4.889542471267159E-12
0.134140220110055	-5.119442887102341E-12
0.13464037018509253	-5.35243321316246E-12
0.13514052026013004	-5.588659309027511E-12
0.13564067033516755	-5.8282796283948596E-12
0.1361408204102051	-6.07146521907923E-12
0.1366409704852426	-6.318399723012628E-12
0.1371411205602801	-6.569279376244464E-12
0.13764127063531764	-6.824313008941466E-12
0.13814142071035515	-7.0837220453876825E-12
0.1386415707853927	-7.347740503984553E-12
0.1391417208604302	-7.6166149972508E-12
0.1396418709354677	-7.890604731822522E-12
0.14014202101050524	-8.16998150845318E-12
0.14064217108554275	-8.455029722013521E-12
0.14114232116058026	-8.746046361491667E-12
0.1416424712356178	-9.043341009993119E-12
0.1421426213106553	-9.347235844740628E-12
0.1426427713856928	-9.658065637074345E-12
0.14314292146073035	-9.976177752451811E-12
0.14364307153576786	-1.0301932150447773E-11
0.1441432216108054	-1.0635701384754473E-11
0.1446433716858429	-1.097787060318136E-11
0.1451435217608804	-1.132883754765533E-11
0.14564367183591795	-1.1689012554220577E-11
0.14614382191095546	-1.2058818553038604E-11
0.14664397198599297	-1.2438691068388306E-11
0.1471441220610305	-1.2829078218665935E-11
0.147644272136068	-1.3230440716385004E-11
0.14814442221110552	-1.3643251868176442E-11
0.14864457228614306	-1.4067997574788506E-11
0.14914472236118057	-1.4505176331086747E-11
0.14964487243621807	-1.495529922605412E-11
0.1501450225112556	-1.5418889942790915E-11
0.15064517258629312	-1.5896484758514687E-11
0.15114532266133066	-1.6388632544560456E-11
0.15164547273636816	-1.6895894766380446E-11
0.15214562281140567	-1.7418845483544352E-11
0.1526457728864432	-1.795807134973916E-11
0.15314592296148072	-1.8514171612769126E-11
0.15364607303651823	-1.9087758114555972E-11
0.15414622311155576	-1.967945529113869E-11
0.15464637318659327	-2.028990017267361E-11
0.15514652326163078	-2.091974238343443E-11
0.15564667333666832	-2.1569644141812207E-11
0.15614682341170583	-2.224028026031526E-11
0.15664697348674333	-2.2932338145569307E-11
0.15714712356178087	-2.3646517798317486E-11
0.15764727363681838	-2.4383531813420095E-11
0.15814742371185592	-2.5144105379854955E-11
0.15864757378689343	-2.5928976280717032E-11
0.15914772386193093	-2.673889489321885E-11
0.15964787393696847	-2.7574624188690165E-11
0.16014802401200598	-2.843693973257804E-11
0.1606481740870435	-2.9326629684446924E-11
0.16114832416208102	-3.024449479797868E-11
0.16164847423711853	-3.119134842097233E-11
0.16214862431215604	-3.216801649534442E-11
0.16264877438719358	-3.31753375571288E-11
0.1631489244622311	-3.42141627364765E-11
0.16364907453726862	-3.528535575765615E-11
0.16414922461230613	-3.638979293905348E-11
0.16464937468734364	-3.752836319317172E-11
0.16514952476238118	-3.870196802663146E-11
0.1656496748374187	-3.991152154017044E-11
0.1661498249124562	-4.115795042864391E-11
0.16664997498749373	-4.244219398102452E-11
0.16715012506253124	-4.3765204080402006E-11
0.16765027513756875	-4.5127945203983656E-11
0.16815042521260629	-4.653139442309415E-11
0.1686505752876438	-4.797654140317523E-11
0.1691507253626813	-4.946438840378624E-11
0.16965087543771884	-5.0995950278603865E-11
0.17015102551275635	-5.257225447542187E-11
0.17065117558779389	-5.4194341036151703E-11
0.1711513256628314	-5.586326259682185E-11
0.1716514757378689	-5.758008438757832E-11
0.17215162581290644	-5.934588423268453E-11
0.17265177588794395	-6.116175255052096E-11
0.17315192596298146	-6.302879235358566E-11
0.173652076038019	-6.494811924849409E-11
0.1741522261130565	-6.692086143597869E-11
0.174652376188094	-6.894815971088964E-11
0.17515252626313155	-7.103116746219437E-11
0.17565267633816906	-7.317105067297739E-11
0.17615282641320656	-7.536898792044079E-11
0.1766529764882441	-7.762617037590408E-11
0.1771531265632816	-7.994380180480383E-11
0.17765327663831915	-8.232309856669429E-11
0.17815342671335666	-8.476528961524665E-11
0.17865357678839416	-8.727161649824972E-11
0.1791537268634317	-8.984333335760977E-11
0.1796538769384692	-9.248170692935001E-11
0.18015402701350672	-9.518801654361129E-11
0.18065417708854425	-9.796355412465185E-11
0.18115432716358176	-1.0080962419084693E-10
0.18165447723861927	-1.037275438546894E-10
0.1821546273136568	-1.0671864282278972E-10
0.18265477738869432	-1.0978426339587484E-10
0.18315492746373185	-1.129257604687901E-10
0.18365507753876936	-1.1614450153049716E-10
0.18415522761380687	-1.1944186666407588E-10
0.1846553776888444	-1.2281924854672317E-10
0.18515552776388192	-1.2627805244975287E-10
0.18565567783891943	-1.2981969623859673E-10
0.18615582791395696	-1.3344561037280384E-10
0.18665597798899447	-1.3715723790604E-10
0.18715612806403198	-1.409560344860889E-10
0.18765627813906952	-1.448434683548518E-10
0.18815642821410702	-1.4882102034834646E-10
0.18865657828914453	-1.5289018389670862E-10
0.18915672836418207	-1.5705246502419145E-10
0.18965687843921958	-1.6130938234916483E-10
0.19015702851425711	-1.6566246708411683E-10
0.19065717858929462	-1.701132630356518E-10
0.19115732866433213	-1.746633266044925E-10
0.19165747873936967	-1.7931422678547866E-10
0.19215762881440718	-1.840675451675666E-10
0.1926577788894447	-1.889248759338313E-10
0.19315792896448222	-1.9388782586146437E-10
0.19365807903951973	-1.9895801432177448E-10
0.19415822911455724	-2.0413707328018796E-10
0.19465837918959478	-2.09426647296249E-10
0.19515852926463229	-2.148283935236181E-10
0.19565867933966982	-2.2034398171007407E-10
0.19615882941470733	-2.259750941975121E-10
0.19665897948974484	-2.3172342592194546E-10
0.19715912956478238	-2.3759068441350507E-10
0.19765927963981988	-2.435785897964378E-10
0.1981594297148574	-2.4968887478910916E-10
0.19865957978989493	-2.559232847040019E-10
0.19915972986493244	-2.6228357744771517E-10
0.19965987993996995	-2.687715235209662E-10
0.20016003001500748	-2.7920923361482135E-10
0.200660180090045	-2.8982255736917436E-10
0.2011603301650825	-3.0039598014965646E-10
0.20166048024012004	-3.109335700836574E-10
0.20216063031515755	-3.214393486984571E-10
0.20266078039019508	-3.3191729092123033E-10
0.2031609304652326	-3.4237132507903963E-10
0.2036610805402701	-3.5280533289884337E-10
0.20416123061530764	-3.6322314950749003E-10
0.20466138069034515	-3.736285634317202E-10
0.20516153076538265	-3.8402531659816623E-10
0.2056616808404202	-3.944171043333543E-10
0.2061618309154577	-4.048075753636982E-10
0.2066619809904952	-4.152003318155085E-10
0.20716213106553275	-4.255989292149849E-10
0.20766228114057025	-4.360068764882198E-10
0.2081624312156078	-4.464276359611978E-10
0.2086625812906453	-4.5686462335979436E-10
0.2091627313656828	-4.673212078097777E-10
0.20966288144072034	-4.778007118368089E-10
0.21016303151575785	-4.883064113664386E-10
0.21066318159079536	-4.988415357241115E-10
0.2111633316658329	-5.094092676351643E-10
0.2116634817408704	-5.20012743224823E-10
0.21216363181590792	-5.306550520182085E-10
0.21266378189094545	-5.413392369403324E-10
0.21316393196598296	-5.520682943160982E-10
0.21366408204102047	-5.62845173870301E-10
0.214164232116058	-5.7367277872763E-10
0.21466438219109552	-5.845539654126625E-10
0.21516453226613305	-5.954915438498714E-10
0.21566468234117056	-6.064882773636189E-10
0.21616483241620807	-6.175468826781607E-10
0.2166649824912456	-6.286700299176449E-10
0.21716513256628311	-6.398603426061091E-10
0.21766528264132062	-6.511203976674852E-10
0.21816543271635816	-6.624527254255965E-10
0.21866558279139567	-6.738598096041571E-10
0.21916573286643318	-6.853440873267742E-10
0.2196658829414707	-6.969079491169476E-10
0.22016603301650822	-7.08553738898066E-10
0.22066618309154573	-7.202837539934135E-10
0.22116633316658327	-7.321002451261652E-10
0.22166648324162078	-7.44005416419386E-10
0.2221666333166583	-7.560014253960365E-10
0.22266678339169582	-7.68090382978965E-10
0.22316693346673333	-7.80274353490915E-10
0.22366708354177087	-7.925553546545212E-10
0.22416723361680838	-8.049353575923086E-10
0.22466738369184588	-8.174162868266959E-10
0.22516753376688342	-8.300000202799939E-10
0.22566768384192093	-8.42688389274404E-10
0.22616783391695844	-8.5548317853202E-10
0.22666798399199597	-8.683861261748288E-10
0.22716813406703348	-8.813989237247073E-10
0.22766828414207102	-8.945232161034259E-10
0.22816843421710853	-9.077606016326459E-10
0.22866858429214604	-9.211126320339205E-10
0.22916873436718357	-9.34580812428697E-10
0.22966888444222108	-9.48166601338311E-10
0.2301690345172586	-9.61871410683993E-10
0.23066918459229613	-9.756966057868654E-10
0.23116933466733364	-9.89643505367939E-10
0.23166948474237115	-1.0037133815481208E-09
0.23216963481740868	-1.0179074598482087E-09
0.2326697848924462	-1.0322269191888905E-09
0.2331699349674837	-1.0466728918907474E-09
0.23367008504252124	-1.0612464636742533E-09
0.23417023511755874	-1.0759486736597722E-09
0.23467038519259628	-1.0907805143675627E-09
0.2351705352676338	-1.105742931717771E-09
0.2356706853426713	-1.1208368250304399E-09
0.23617083541770884	-1.136063047025502E-09
0.23667098549274634	-1.1514224038227807E-09
0.23717113556778385	-1.1669156549419937E-09
0.2376712856428214	-1.1825435133027505E-09
0.2381714357178589	-1.1983066452245485E-09
0.2386715857928964	-1.2142056704267828E-09
0.23917173586793394	-1.2302411620287373E-09
0.23967188594297145	-1.2464136465495873E-09
0.24017203601800896	-1.2627236039084016E-09
0.2406721860930465	-1.279171467424141E-09
0.241172336168084	-1.2957576238156566E-09
0.24167248624312154	-1.3124824132016935E-09
0.24217263631815905	-1.3293461291008854E-09
0.24267278639319656	-1.346349018431763E-09
0.2431729364682341	-1.363491281512745E-09
0.2436730865432716	-1.3807730720621427E-09
0.24417323661830911	-1.3981944971981595E-09
0.24467338669334665	-1.415755617438893E-09
0.24517353676838416	-1.4334564467023287E-09
0.24567368684342167	-1.4512969523063473E-09
0.2461738369184592	-1.4692770549687205E-09
0.2466739869934967	-1.487396628807111E-09
0.24717413706853425	-1.5056555013390743E-09
0.24767428714357176	-1.5240534534820575E-09
0.24817443721860927	-1.5425902195533993E-09
0.2486745872936468	-1.5612654872703326E-09
0.2491747373686843	-1.580078897749979E-09
0.24967488744372182	-1.5990300455093535E-09
0.25017503751875936	-1.6181184784653645E-09
0.25067518759379687	-1.6373436979348092E-09
0.2511753376688344	-1.6567051586343789E-09
0.2516754877438719	-1.6762022686806559E-09
0.25217563781890945	-1.695834389590119E-09
0.25267578789394696	-1.7156008362791282E-09
0.25317593796898447	-1.735500877063946E-09
0.253676088044022	-1.7555337336607222E-09
0.2541762381190595	-1.7756985811854994E-09
0.254676388194097	-1.795994548154211E-09
0.25517653826913456	-1.8164207164826873E-09
0.25567668834417207	-1.8369761214866407E-09
0.2561768384192096	-1.8576597518816846E-09
0.2566769884942471	-1.878470549783321E-09
0.2571771385692846	-1.8994074107069437E-09
0.25767728864432216	-1.9204691835678402E-09
0.25817743871935966	-1.941654670681185E-09
0.2586775887943972	-1.96296262776205E-09
0.2591777388694347	-1.984391763925397E-09
0.2596778889444722	-2.0059407416860797E-09
0.2601780390195097	-2.0276081769588435E-09
0.26067818909454726	-2.0493926390583284E-09
0.2611783391695848	-2.07129265069906E-09
0.2616784892446223	-2.093306687995462E-09
0.2621786393196598	-2.1154331804618473E-09
0.2626787893946973	-2.1376705110124216E-09
0.26317893946973486	-2.160017015961284E-09
0.26367908954477237	-2.1824709850224207E-09
0.2641792396198099	-2.2050306613097134E-09
0.2646793896948474	-2.2276942413369353E-09
0.2651795397698849	-2.250459875017753E-09
0.2656796898449224	-2.2733256656657225E-09
0.26617983991995997	-2.2962896699942955E-09
0.2666799899949975	-2.3193498981168065E-09
0.267180140070035	-2.3425043135464923E-09
0.2676802901450725	-2.3657508331964776E-09
0.26818044022011	-2.389087327379779E-09
0.2686805902951475	-2.4125116198093057E-09
0.2691807403701851	-2.4360214875978587E-09
0.2696808904452226	-2.459614661258127E-09
0.2701810405202601	-2.483288824702698E-09
0.2706811905952976	-2.5070416152440476E-09
0.2711813406703351	-2.530870623594543E-09
0.2716814907453727	-2.554773393866448E-09
0.2721816408204102	-2.5787474235719103E-09
0.2726817908954477	-2.602790163622975E-09
0.2731819409704852	-2.62689901833158E-09
0.2736820910455227	-2.6510713454095513E-09
0.2741822411205602	-2.6753044559686113E-09
0.2746823911955978	-2.6995956145203714E-09
0.2751825412706353	-2.7239420389763317E-09
0.2756826913456728	-2.7483409006478908E-09
0.2761828414207103	-2.772789324246337E-09
0.2766829914957478	-2.7972843878828486E-09
0.2771831415707854	-2.8218231230685E-09
0.2776832916458229	-2.8464025147142494E-09
0.2781834417208604	-2.871019501130955E-09
0.2786835917958979	-2.8956709740293665E-09
0.2791837418709354	-2.920353778520119E-09
0.27968389194597293	-2.9450647131137467E-09
0.2801840420210105	-2.969800529720674E-09
0.280684192096048	-2.9945579336512113E-09
0.2811843421710855	-3.019333583615568E-09
0.281684492246123	-3.0441240917238418E-09
0.28218464232116053	-3.0689260234860267E-09
0.2826847923961981	-3.093735897812006E-09
0.2831849424712356	-3.118550187011551E-09
0.2836850925462731	-3.143365316794329E-09
0.2841852426213106	-3.168177666269898E-09
0.2846853926963481	-3.1929835679477122E-09
0.28518554277138564	-3.217779307737111E-09
0.2856856928464232	-3.2425611249473334E-09
0.2861858429214607	-3.2673252122874978E-09
0.2866859929964982	-3.292067715866628E-09
0.2871861430715357	-3.3167847351936334E-09
0.28768629314657324	-3.3414723231773157E-09
0.2881864432216108	-3.3661264861263737E-09
0.2886865932966483	-3.390743183749386E-09
0.2891867433716858	-3.415318329154831E-09
0.2896868934467233	-3.4398477888510843E-09
0.29018704352176083	-3.4643273827464047E-09
0.29068719359679834	-3.488752884148947E-09
0.2911873436718359	-3.513120019766758E-09
0.2916874937468734	-3.5374244697077726E-09
0.2921876438219109	-3.5616618674798195E-09
0.29268779389694843	-3.585827799990624E-09
0.29318794397198594	-3.6099178075477993E-09
0.29368809404702345	-3.6339273838588484E-09
0.294188244122061	-3.6578519760311716E-09
0.2946883941970985	-3.6816869845720536E-09
0.29518854427213603	-3.70542776338868E-09
0.29568869434717354	-3.729069619788122E-09
0.29618884442221105	-3.752607814477348E-09
0.2966889944972486	-3.7760375615632105E-09
0.2971891445722861	-3.799354028552461E-09
0.29768929464732363	-3.822552336351739E-09
0.29818944472236114	-3.845627559267578E-09
0.29868959479739865	-3.868574725006404E-09
0.29918974487243616	-3.891388814674532E-09
0.2996898949474737	-3.914064762778177E-09
0.30019004502251123	-3.928804170431373E-09
0.30069019509754874	-3.933292132058028E-09
0.30119034517258625	-3.9403951243510436E-09
0.30169049524762376	-3.9499837579858634E-09
0.3021906453226613	-3.961931688181084E-09
0.30269079539769883	-3.9761156146984585E-09
0.30319094547273634	-3.9924152818428995E-09
0.30369109554777385	-4.010713478462478E-09
0.30419124562281136	-4.030896037948419E-09
0.30469139569784887	-4.0528518382351085E-09
0.30519154577288643	-4.076472801800091E-09
0.30569169584792394	-4.101653895664057E-09
0.30619184592296145	-4.128293131390866E-09
0.30669199599799896	-4.156291565087534E-09
0.30719214607303647	-4.1855532974042304E-09
0.30769229614807403	-4.215985473534285E-09
0.30819244622311154	-4.24749828321418E-09
0.30869259629814905	-4.280004960723559E-09
0.30919274637318656	-4.3134217848852214E-09
0.30969289644822406	-4.347668079065127E-09
0.3101930465232616	-4.382666211172391E-09
0.31069319659829914	-4.418341593659286E-09
0.31119334667333665	-4.4546226835212376E-09
0.31169349674837415	-4.491440982296832E-09
0.31219364682341166	-4.528731036067817E-09
0.3126937968984492	-4.566430435459095E-09
0.3131939469734867	-4.6044798156387215E-09
0.31369409704852425	-4.642822856317915E-09
0.31419424712356175	-4.681406281751047E-09
0.31469439719859926	-4.720179860735648E-09
0.31519454727363677	-4.759096406612407E-09
0.3156946973486743	-4.798111777265171E-09
0.31619484742371184	-4.837184875120946E-09
0.31669499749874935	-4.8762776471498815E-09
0.31719514757378686	-4.915355084865302E-09
0.31769529764882437	-4.9543852243236814E-09
0.3181954477238619	-4.993339146124651E-09
0.3186955977988994	-5.032190975411001E-09
0.31919574787393695	-5.070917881868683E-09
0.31969589794897446	-5.10950007972679E-09
0.32019604802401197	-5.147920827757593E-09
0.3206961980990495	-5.186166429276506E-09
0.321196348174087	-5.2242262321421064E-09
0.32169649824912455	-5.262092628756133E-09
0.32219664832416206	-5.299761056063466E-09
0.32269679839919957	-5.337229995552159E-09
0.3231969484742371	-5.374500973253415E-09
0.3236970985492746	-5.411578559741603E-09
0.3241972486243121	-5.448470370134238E-09
0.32469739869934966	-5.485187064092004E-09
0.32519754877438717	-5.521742345818724E-09
0.3256976988494247	-5.558152964061399E-09
0.3261978489244622	-5.594438712110173E-09
0.3266979989994997	-5.630622427798358E-09
0.32719814907453726	-5.66672999350242E-09
0.32769829914957477	-5.70279033614197E-09
0.3281984492246123	-5.738835427179793E-09
0.3286985992996498	-5.7749002826218304E-09
0.3291987493746873	-5.811022963017163E-09
0.3296988994497248	-5.847244573458054E-09
0.33019904952476237	-5.88360926357991E-09
0.3306991995997999	-5.920164227561286E-09
0.3311993496748374	-5.956959704123912E-09
0.3316994997498749	-5.99404897653267E-09
0.3321996498249124	-6.031488372595594E-09
0.3326997998999499	-6.069337264663879E-09
0.3331999499749875	-6.107658069631884E-09
0.333700100050025	-6.146516248937105E-09
0.3342002501250625	-6.185980308560221E-09
0.3347004002001	-6.226121799025049E-09
0.3352005502751375	-6.267015315398572E-09
0.3357007003501751	-6.308738497290934E-09
0.3362008504252126	-6.3513720288554235E-09
0.3367010005002501	-6.394999638788494E-09
0.3372011505752876	-6.4397081003297635E-09
0.3377013006503251	-6.485587231261993E-09
0.3382014507253626	-6.532729893911111E-09
0.3387016008004002	-6.581231995146204E-09
0.3392017508754377	-6.631192486379504E-09
0.3397019009504752	-6.6827133635664145E-09
0.3402020510255127	-6.735899667205484E-09
0.3407022011005502	-6.79085948233843E-09
0.3412023511755878	-6.847703938550128E-09
0.3417025012506253	-6.906547209968591E-09
0.3422026513256628	-6.9675065152650075E-09
0.3427028014007003	-7.030702117653724E-09
0.3432029514757378	-7.096257324892236E-09
0.3437031015507753	-7.164298489281196E-09
0.3442032516258129	-7.234955007664433E-09
0.3447034017008504	-7.3083593214288975E-09
0.3452035517758879	-7.384646916504724E-09
0.3457037018509254	-7.463956323365203E-09
0.3462038519259629	-7.546429117026768E-09
0.3467040020010005	-7.63220991704904E-09
0.347204152076038	-7.721446387534754E-09
0.3477043021510755	-7.814289237129829E-09
0.348204452226113	-7.910892219023338E-09
0.3487046023011505	-8.011412130947515E-09
0.34920475237618803	-8.116008815177746E-09
0.3497049024512256	-8.224845158532583E-09
0.3502050525262631	-9.368753718455725E-09
0.3507052026013006	-1.1840186041969656E-08
0.3512053526763381	-1.3939127449191567E-08
0.35170550275137563	-1.5689116627532376E-08
0.35220565282641314	-1.7113073375010023E-08
0.3527058029014507	-1.82332986002492E-08
0.3532059529764882	-1.9071474322481217E-08
0.3537061030515257	-1.9648663671544523E-08
0.35420625312656323	-1.998531088788435E-08
0.35470640320160074	-2.0101241322552714E-08
0.3552065532766383	-2.0015661437208463E-08
0.3557067033516758	-1.974715880411731E-08
0.3562068534267133	-1.9313702106151828E-08
0.35670700350175083	-1.8732641136791385E-08
0.35720715357678834	-1.8020706800122256E-08
0.35770730365182585	-1.719401111083747E-08
0.3582074537268634	-1.6268047194236856E-08
0.3587076038019009	-1.5257689286227326E-08
0.35920775387693843	-1.4177192733322434E-08
0.35970790395197594	-1.3040193992642566E-08
0.36020805402701345	-1.1859710631915004E-08
0.360708204102051	-1.0648141329473723E-08
0.3612083541770885	-9.417265874259946E-09
0.36170850425212603	-8.178245165821322E-09
0.36220865432716354	-6.9416212143124996E-09
0.36270880440220105	-5.717317140494919E-09
0.36320895447723855	-4.514637175736919E-09
0.3637091045522761	-3.3422666620134956E-09
0.36420925462731363	-2.208272051906925E-09
0.36470940470235114	-1.120100908605899E-09
0.36520955477738865	-8.45819059060743E-11
0.36570970485242615	8.920751717900332E-10
0.3662098549274637	1.8042794294731644E-09
0.3667100050025012	2.647058861526925E-09
0.36721015507753874	3.416060351728404E-09
0.36771030515257624	4.107549673247703E-09
0.36821045522761375	4.718411488648149E-09
0.36871060530265126	5.246149349886175E-09
0.3692107553776888	5.688885698311423E-09
0.36971090545272633	6.0453618646665815E-09
0.37021105552776384	6.314938069087627E-09
0.37071120560280135	6.497593421103651E-09
0.37121135567783886	6.593925919636905E-09
0.3717115057528764	6.605152453002792E-09
0.37221165582791393	6.533108798909877E-09
0.37271180590295144	6.380249624459905E-09
0.37321195597798895	6.149648486147759E-09
0.37371210605302646	5.84499782986149E-09
0.37421225612806397	5.470608990882309E-09
0.37471240620310153	5.031412193884533E-09
0.37521255627813904	4.532956552935785E-09
0.37571270635317655	3.981410071496728E-09
0.37621285642821406	3.3835596424211886E-09
0.37671300650325157	2.746811047956185E-09
0.3772131565782891	2.079188959741886E-09
0.37771330665332664	1.3893369388115583E-09
0.37821345672836415	6.865174355918294E-10
0.37871360680340166	-1.9388210097729633E-11
0.37921375687843917	-7.178797690442923E-10
0.3797139069534767	-1.397838122641912E-09
0.38021405702851424	-2.0475252628914965E-09
0.38071420710355175	-2.6545842924006415E-09
0.38121435717858926	-3.2060394243839585E-09
0.38171450725362677	-3.688295982662833E-09
0.3822146573286643	-4.087140401665507E-09
0.3827148074037018	-4.3877402264270376E-09
0.38321495747873935	-4.5746441125893625E-09
0.38371510755377686	-4.63178182640117E-09
0.38421525762881437	-4.542464244718096E-09
0.3847154077038519	-4.289383355002575E-09
0.3852155577788894	-3.854612255323861E-09
0.38571570785392695	-3.2196051543579828E-09
0.38621585792896446	-2.365197371388032E-09
0.38671600800400197	-1.2716053363037511E-09
0.3872161580790395	8.15734103982459E-11
0.387716308154077	1.715360217614483E-09
0.3882164582291145	3.6513953236346277E-09
0.38871660830415206	5.911937856141832E-09
0.38921675837918956	8.51986583221162E-09
0.3897169084542271	1.1498676158313332E-08
0.3902170585292646	1.4872484630309318E-08
0.3907172086043021	1.8666025933455115E-08
0.39121735867933966	2.2904653642399823E-08
0.39171750875437716	2.761434022118432E-08
0.3922176588294147	3.282167702324406E-08
0.3927178089044522	3.8553874291407136E-08
0.3932179589794897	4.483876115789482E-08
0.3937181090545272	5.170478564432156E-08
0.39421825912956476	5.9181014661695895E-08
0.39471840920460227	6.729713401041692E-08
0.3952185592796398	7.60834483802793E-08
0.3957187093546773	8.557088135047015E-08
0.3962188594297148	9.579097538956976E-08
0.3967190095047523	1.0677589185555152E-07
0.39721915957978987	1.1855841099578326E-07
0.3977193096548274	1.3117193194702224E-07
0.3982194597298649	1.446504727354226E-07
0.3987196098049024	1.5902867027653027E-07
0.3992197598799399	1.743417803752846E-07
0.39971990995497747	1.9062567772601967E-07
0.400220060030015	1.0504762700475512E-07
0.4007202101050525	-6.307233063436337E-08
0.40122036018009	-1.5584835450937353E-07
0.4017205102551275	-1.8449072122902863E-07
0.402220660330165	-1.5933821815251304E-07
0.4027208104052026	-8.985814338942252E-08
0.4032209604802401	1.5353694200213818E-08
0.4037211105552776	1.4857297500595928E-07
0.4042212606303151	3.029468686669538E-07
0.4047214107053526	4.724940340719092E-07
0.4052215607803902	6.521046193591452E-07
0.4057217108554277	8.375402619164929E-07
0.4062218609304652	1.0254340883814356E-06
0.4067220110055027	1.2132907146410014E-06
0.4072221610805402	1.3994862458318042E-06
0.4077223111555777	1.5832682763400387E-06
0.4082224612306153	1.764755889801493E-06
0.4087226113056528	1.944939659101481E-06
0.4092227613806903	2.1256816463749556E-06
0.4097229114557278	2.3097154030064224E-06
0.4102230615307653	2.5006459696299694E-06
0.4107232116058029	2.7029498761292954E-06
0.4112233616808404	2.9219751416375978E-06
0.4117235117558779	3.1639412745377244E-06
0.4122236618309154	3.4359392724620825E-06
0.4127238119059529	3.7459316222926585E-06
0.41322396198099043	4.102752300161018E-06
0.413724112056028	4.516106771448351E-06
0.4142242621310655	4.996571990785291E-06
0.414724412206103	5.555596402052185E-06
0.4152245622811405	6.2054999383789106E-06
0.41572471235617803	6.959474022144929E-06
0.4162248624312156	7.831581564979388E-06
0.4167250125062531	8.836756967760717E-06
0.4172251625812906	9.99080612061719E-06
0.4177253126563281	1.1310406402926596E-05
0.4182254627313656	1.2813106683316297E-05
0.41872561280640314	1.4517327319663215E-05
0.4192257628814407	1.644236015909412E-05
0.4197259129564782	1.8608368537984637E-05
0.4202260630315157	2.1036387281960682E-05
0.4207262131065532	2.3748322705897483E-05
0.42122636318159073	2.6766952613919894E-05
0.42172651325662824	3.01159262994023E-05
0.4222266633316658	3.381976454496915E-05
0.4227268134067033	3.790385962249317E-05
0.4232269634817408	4.2394475293097923E-05
0.42372711355677833	4.7318746807156144E-05
0.42422726363181584	5.27046809042901E-05
0.4247274137068534	5.8581155813372404E-05
0.4252275637818909	6.583016514153125E-05
0.4257277138569284	7.46436400924615E-05
0.42622786393196593	8.401015242543324E-05
0.42672801400700344	9.40279988582371E-05
0.42722816408204095	0.00010480975767295227
0.4277283141570785	0.00011648228871594792
0.428228464232116	0.00012918673339787804
0.42872861430715353	0.00014307851469368748
0.42922876438219104	0.00015832733714261048
0.42972891445722855	0.00017511718684816758
0.4302290645322661	0.00019364633147817172
0.4307292146073036	0.000214127320264716
0.43122936468234113	0.00023678698400419
0.43172951475737864	0.0002618664350572689
0.43222966483241615	0.00028962106734891637
0.43272981490745366	0.00032032055636838455
0.4332299649824912	0.000354248859169218
0.43373011505752873	0.00039170421436923833
0.43423026513256624	0.0004329991421505667
0.43473041520760375	0.000478460444259609
0.43523056528264126	0.0005284292040070596
0.4357307153576788	0.0005832607862679079
0.43623086543271633	0.000643324837481413
0.43673101550775384	0.0007090052856511402
0.43723116558279135	0.0007807003403449377
0.43773131565782886	0.0008588224926949426
0.43823146573286637	0.0009437985153975795
0.43873161580790393	0.0010360694627135735
0.43923176588294144	0.0011360906704679051
0.43973191595797895	0.001244331756049875
0.44023206603301646	0.0013612766184130619
0.44073221610805396	0.0014874234380753341
0.4412323661830915	0.0016232846771188456
0.44173251625812904	0.0017693870791900591
0.44223266633316655	0.0019262716694996742
0.44273281640820406	0.0020944937548227275
0.44323296648324156	0.0022746229234985294
0.4437331165582791	0.0024672430454306758
0.44423326663331664	0.0026729522720870787
0.44473341670835415	0.002892363036499868
0.44523356678339165	0.0031261020532655265
0.44573371685842916	0.0033748103185448105
0.44623386693346667	0.0036391431100627554
0.4467340170085042	0.0039197699871086926
0.44723416708354174	0.004217374790536272
0.44773431715857925	0.004532655642763336
0.44823446723361676	0.0048663249477721065
0.44873461730865427	0.005219109391109068
0.4492347673836918	0.005591749939884994
0.44973491745872934	0.0059850018427749846
0.45023506753376685	0.006396640450258349
0.45073521760880436	0.006825385622735513
0.45123536768384187	0.007274082513107271
0.4517355177588794	0.0077427857288626094
0.4522356678339169	0.00823151257528562
0.45273581790895445	0.00874024305545558
0.45323596798399196	0.0092689198702467
0.45373611805902947	0.009817448418328479
0.454236268134067	0.010385696796165475
0.4547364182091045	0.010973495798017372
0.45523656828414205	0.011580638915939011
0.45573671835917956	0.012206882339780185
0.45623686843421707	0.01285194495718597
0.4567370185092546	0.01351550835359649
0.4572371685842921	0.014197216812247013
0.4577373186593296	0.014896677314167906
0.45823746873436716	0.015613459538184722
0.45873761880940467	0.016347095860917902
0.4592377688844422	0.017097081356783242
0.4597379189594797	0.017862873797991567
0.4602380690345172	0.01864389365454882
0.4607382191095547	0.01943952409425606
0.46123836918459227	0.020249110982709564
0.4617385192596298	0.021071962883300432
0.4622386693346673	0.02190735105721515
0.4627388194097048	0.02275492882438666
0.4632389694847423	0.023614520090952086
0.46373911955977987	0.024485257305293728
0.4642392696348174	0.025366552555352473
0.4647394197098549	0.026257835120234718
0.4652395697848924	0.027158551470212046
0.4657397198599299	0.028068165266721293
0.4662398699349674	0.028986157362364512
0.466740020010005	0.029912025800909143
0.4672401700850425	0.030845285817287578
0.46774032016008	0.03178546983759773
0.4682404702351175	0.0327321274791027
0.468740620310155	0.03368482555023083
0.4692407703851926	0.03464314805057582
0.4697409204602301	0.03560669617089628
0.4702410705352676	0.036575088293116446
0.4707412206103051	0.03754795999032565
0.4712413706853426	0.03852496402677848
0.4717415207603801	0.03950577035789481
0.4722416708354177	0.040490066130259836
0.4727418209104552	0.04147755568162372
0.4732419709854927	0.042467960540902176
0.4737421210605302	0.04346101942817607
0.4742422711355677	0.04445648825469149
0.4747424212106053	0.04545414012285996
0.4752425712856428	0.046454129967225324
0.4757427213606803	0.04745602950785959
0.4762428714357178	0.04845920212331529
0.4767430215107553	0.04946352664595934
0.4772431715857928	0.05046888471196113
0.4777433216608304	0.05147516076129261
0.4782434717358679	0.052482242037727854
0.4787436218109054	0.05349001858884366
0.4792437718859429	0.0544983832660193
0.4797439219609804	0.055507231724436376
0.48024407203601793	0.05651646242307899
0.4807442221110555	0.05752597662473377
0.481244372186093	0.05853567839598953
0.4817445222611305	0.05954547460723782
0.482244672336168	0.060555274932672494
0.48274482241120553	0.061564991850289984
0.4832449724862431	0.06257454064188916
0.4837451225612806	0.06358383939307101
0.4842452726363181	0.06459280899323942
0.4847454227113556	0.06560137313560054
0.48524557278639313	0.06660945831716293
0.48574572286143064	0.0676169938387377
0.4862458729364682	0.06862391180493845
0.4867460230115057	0.06963014712418089
0.4872461730865432	0.0706356375086836
0.48774632316158073	0.07164032347446743
0.48824647323661824	0.07264414834135564
0.4887466233116558	0.07364705823297418
0.4892467733866933	0.07464900207675104
0.4897469234617308	0.07564993160391696
0.49024707353676833	0.07664980134950508
0.49074722361180584	0.077648568652351
0.49124737368684335	0.0786461936550927
0.4917475237618809	0.0796426393041708
0.4922476738369184	0.08063787134982799
0.49274782391195593	0.08163185834610975
0.49324797398699344	0.08262457165086394
0.49374812406203095	0.08361598542574084
0.4942482741370685	0.08460607663619324
0.494748424212106	0.08559482505147618
0.49524857428714353	0.08658221324464735
0.49574872436218104	0.08756822659256686
0.49624887443721855	0.08855285327589724
0.49674902451225605	0.08953608427910348
0.4972491745872936	0.09051791339045315
0.4977493246623311	0.09149833720201586
0.49824947473736864	0.09247735510966419
0.49874962481240614	0.09345496931307279
0.49924977488744365	0.09443118481571901
0.4997499249624812	0.09540600942488263
0.5002500750375187	0.09637912105085644
0.5007502251125562	0.0973503425639704
0.5012503751875937	0.09831988262697662
0.5017505252626313	0.0992877217641059
0.5022506753376688	0.10025384035367829
0.5027508254127063	0.10121821862810355
0.5032509754877438	0.10218083667387984
0.5037511255627813	0.10314167443159512
0.5042512756378189	0.10410071169592618
0.5047514257128564	0.1050579281156386
0.5052515757878939	0.10601330319358794
0.5057517258629314	0.10696681628671811
0.5062518759379689	0.10791844660606283
0.5067520260130065	0.10886817321674447
0.507252176088044	0.10981597503797455
0.5077523261630815	0.11076183084305426
0.508252476238119	0.11170571925937325
0.5087526263131565	0.11264761876841096
0.509252776388194	0.11358750770573535
0.5097529264632316	0.11452536426100422
0.5102530765382691	0.11546116647796387
0.5107532266133066	0.11639489225444992
0.5112533766883441	0.11732651934238761
0.5117535267633816	0.11825602534779049
0.5122536768384192	0.11918338773076219
0.5127538269134567	0.12010858380549476
0.5132539769884942	0.12103159074026949
0.5137541270635317	0.12195238555745735
0.5142542771385692	0.12287094513351769
0.5147544272136068	0.12378724619899982
0.5152545772886443	0.12470126533854153
0.5157547273636818	0.12561297899086982
0.5162548774387193	0.1265223634488015
0.5167550275137568	0.1274293948592415
0.5172551775887944	0.12833404922318492
0.5177553276638318	0.12923630239571518
0.5182554777388694	0.13013613008600552
0.5187556278139069	0.13103350785731782
0.5192557778889444	0.1319284111270031
0.519755927963982	0.13282081516650218
0.5202560780390194	0.1337106951013441
0.520756228114057	0.13459802591114778
0.5212563781890945	0.13548278242962103
0.521756528264132	0.1363649393445605
0.5222566783391696	0.13724447119785269
0.522756828414207	0.1381213523854724
0.5232569784892446	0.13899555715748452
0.5237571285642821	0.13986705961804222
0.5242572786393196	0.14073583372538803
0.5247574287143572	0.1416018532918543
0.5252575787893946	0.14246509198386145
0.5257577288644322	0.14332552332192003
0.5262578789394697	0.14418312068062916
0.5267580290145072	0.14503785728867696
0.5272581790895448	0.14588970622884148
0.5277583291645822	0.14673864043798895
0.5282584792396198	0.1475846327070756
0.5287586293146572	0.14842765568114616
0.5292587793896948	0.14926768185933498
0.5297589294647324	0.1501046835948653
0.5302590795397698	0.15093863309504935
0.5307592296148074	0.151769502421289
0.5312593796898448	0.15259726348907462
0.5317595297648824	0.1534218880679866
0.53225967983992	0.1542433477816936
0.5327598299149574	0.15506161410795363
0.533259979989995	0.15587665837861453
0.5337601300650324	0.15668845177961221
0.53426028014007	0.15749696535097268
0.5347604302151076	0.15830216998681065
0.535260580290145	0.15910403643532967
0.5357607303651826	0.1599025352988232
0.53626088044022	0.1606976370336731
0.5367610305152576	0.16148931195035113
0.537261180590295	0.1622775302134173
0.5377613306653326	0.16306226184152164
0.5382614807403702	0.16384347670740276
0.5387616308154076	0.16462114453788848
0.5392617808904452	0.16539523491389613
0.5397619309654826	0.16616571727043158
0.5402620810405202	0.16693256089659064
0.5407622311155578	0.16769573493555753
0.5412623811905952	0.16845520838460584
0.5417625312656328	0.16921095009509865
0.5422626813406702	0.16996292877248764
0.5427628314157078	0.17071111297631422
0.5432629814907454	0.1714554711202084
0.5437631315657828	0.17219597147188953
0.5442632816408204	0.17293258215316637
0.5447634317158578	0.17366527113993638
0.5452635817908954	0.17439400626218662
0.545763731865933	0.17511875520399295
0.5462638819409704	0.17583948550352035
0.546764032016008	0.17655616455302348
0.5472641820910454	0.17726875959884533
0.547764332166083	0.17797723774141874
0.5482644822411205	0.1786815659352652
0.548764632316158	0.17938171098899588
0.5492647823911956	0.18007763956531075
0.549764932466233	0.18076931818099867
0.5502650825412706	0.18145608349082362
0.550765232616308	0.18213807378007682
0.5512653826913456	0.18281594491679992
0.5517655327663832	0.183489640150317
0.5522656828414206	0.1841591038322962
0.5527658329164582	0.18482428141675034
0.5532659829914957	0.1854851194600353
0.5537661330665332	0.1861415656208517
0.5542662831415708	0.18679356866024371
0.5547664332166082	0.18744107844159935
0.5552665832916458	0.18808404593065123
0.5557667333666833	0.18872242319547544
0.5562668834417208	0.1893561634064924
0.5567670335167583	0.18998522083646613
0.5572671835917958	0.19060955086050516
0.5577673336668334	0.19122910995606168
0.5582674837418709	0.19184385570293153
0.5587676338169084	0.19245374678325544
0.5592677838919459	0.19305874298151737
0.5597679339669834	0.19365880518454567
0.560268084042021	0.1942538953815125
0.5607682341170585	0.19484397666393377
0.561268384192096	0.1954290132256702
0.5617685342671335	0.1960089703629255
0.562268684342171	0.19658381447424816
0.5627688344172086	0.19715351306053025
0.563268984492246	0.19771803472500774
0.5637691345672836	0.1982773491732611
0.5642692846423211	0.19883142721321417
0.5647694347173586	0.19938024075513544
0.5652695847923962	0.1999237628116369
0.5657697348674336	0.2004619674976745
0.5662698849424712	0.20099483003054855
0.5667700350175087	0.20152232672990297
0.5672701850925462	0.20204443501772618
0.5677703351675837	0.20256113341834991
0.5682704852426212	0.20307240155845063
0.5687706353176588	0.20357822016704827
0.5692707853926963	0.20407857107550662
0.5697709354677338	0.20457343721753413
0.5702710855427713	0.20506280262918272
0.5707712356178088	0.20554665244884854
0.5712713856928464	0.20602497291727148
0.5717715357678839	0.20649775137753557
0.5722716858429214	0.20696497627506907
0.5727718359179589	0.20742663715764365
0.5732719859929964	0.20788272467537577
0.573772136068034	0.20833323058072512
0.5742722861430715	0.20877814772849587
0.574772436218109	0.20921747007583585
0.5752725862931465	0.20965119268223717
0.575772736368184	0.2100793117095358
0.5762728864432216	0.21050182442191176
0.5767730365182591	0.21091872918588883
0.5772731865932966	0.21133002547033525
0.5777733366683341	0.21173571384646267
0.5782734867433716	0.2121357959878273
0.5787736368184091	0.212530274670329
0.5792737868934467	0.21291915377221174
0.5797739369684842	0.2133024382740633
0.5802740870435217	0.2136801342588157
0.5807742371185592	0.2140522489117449
0.5812743871935967	0.21441879052047066
0.5817745372686343	0.21477976847495706
0.5822746873436718	0.21513519326751193
0.5827748374187093	0.215485076492787
0.5832749874937468	0.2158294308477784
0.5837751375687843	0.2161682701318257
0.5842752876438219	0.2165016092466131
0.5847754377188594	0.2168294641961682
0.5852755877938969	0.21715185208686294
0.5857757378689344	0.2174687911274132
0.5862758879439719	0.2177803006288786
0.5867760380190095	0.21808640100466328
0.5872761880940469	0.21838711377051495
0.5877763381690845	0.21868246154452536
0.588276488244122	0.21897246804713033
0.5887766383191595	0.2192571581011097
0.5892767883941971	0.21953655763158722
0.5897769384692345	0.2198106936660306
0.5902770885442721	0.2200795943342519
0.5907772386193096	0.22034328886840654
0.5912773886943471	0.22060180760299444
0.5917775387693847	0.2208551819748594
0.5922776888444221	0.22110344452318906
0.5927778389194597	0.22134662888951528
0.5932779889944972	0.22158476981771372
0.5937781390695347	0.22181790315400413
0.5942782891445723	0.22204606584695027
0.5947784392196097	0.22226929594745964
0.5952785892946473	0.2224876326087843
0.5957787393696848	0.22270111608651968
0.5962788894447223	0.2229097877386056
0.5967790395197599	0.2231136900253256
0.5972791895947973	0.2233128665093075
0.5977793396698349	0.22350736185552292
0.5982794897448723	0.22369722183128746
0.5987796398199099	0.223882493306261
0.5992797898949475	0.22406322425244693
0.5997799399699849	0.2242394637441929
0.6002800900450225	0.22441314643535099
0.6007802401200599	0.22458395238575465
0.6012803901950975	0.22475058437378348
0.6017805402701351	0.22491311126467026
0.6022806903451725	0.22507160136569734
0.6027808404202101	0.2252261224261958
0.6032809904952475	0.22537674163754592
0.6037811405702851	0.22552352563317704
0.6042812906453227	0.22566654048856744
0.6047814407203601	0.22580585172124465
0.6052815907953977	0.22594152429078526
0.6057817408704351	0.22607362259881456
0.6062818909454727	0.22620221048900752
0.6067820410205101	0.2263273512470875
0.6072821910955477	0.22644910760082748
0.6077823411705853	0.2265675417200492
0.6082824912456227	0.22668271521662348
0.6087826413206603	0.22679468914447032
0.6092827913956977	0.22690352399955876
0.6097829414707353	0.22700927971990686
0.6102830915457729	0.2271120156855817
0.6107832416208103	0.22721179071869946
0.6112833916958479	0.2273086630834254
0.6117835417708853	0.22740269048597392
0.6122836918459229	0.2274939300746084
0.6127838419209605	0.22758243843964102
0.6132839919959979	0.2276682716134337
0.6137841420710355	0.22775148507039683
0.6142842921460729	0.22783213372698982
0.6147844422211105	0.22791027194172161
0.6152845922961481	0.22798595351514994
0.6157847423711855	0.22805923168988157
0.6162848924462231	0.22813015915057247
0.6167850425212605	0.22819878802392746
0.6172851925962981	0.2282651698787006
0.6177853426713356	0.22832935572569493
0.6182854927463731	0.22839139601776273
0.6187856428214107	0.22845134064980507
0.6192857928964481	0.22850923895877215
0.6197859429714857	0.22856513972366335
0.6202860930465232	0.22861909116552714
0.6207862431215607	0.22867114094746094
0.6212863931965983	0.22872133617461118
0.6217865432716357	0.2287697233941734
0.6222866933466733	0.22881634859539246
0.6227868434217108	0.22886125720956174
0.6232869934967483	0.2289044941100243
0.6237871435717859	0.2289461036121718
0.6242872936468233	0.228986129473445
0.6247874437218609	0.22902461489333426
0.6252875937968984	0.22906160251337812
0.6257877438719359	0.229097134417165
0.6262878939469734	0.22913125213033186
0.6267880440220109	0.22916399662056486
0.6272881940970485	0.22919540829759955
0.627788344172086	0.22922552701321988
0.6282884942471235	0.2292543920612595
0.628788644322161	0.22928204217760084
0.6292887943971985	0.2293085155401752
0.6297889444722361	0.2293338497689634
0.6302890945472736	0.2293580819259949
0.6307892446223111	0.22938124851534863
0.6312893946973486	0.22940338548315212
0.6317895447723861	0.22942452821758236
0.6322896948474237	0.22944471154886506
0.6327898449224612	0.2294639697492754
0.6332899949974987	0.22948233653313718
0.6337901450725362	0.22949984505682364
0.6342902951475737	0.2295165279187568
0.6347904452226113	0.22953241715940803
0.6352905952976488	0.2295475442612974
0.6357907453726863	0.22956194014899436
0.6362908954477238	0.2295756351891173
0.6367910455227613	0.22958865919033358
0.6372911955977988	0.2296010414033599
0.6377913456728364	0.22961281052096164
0.6382914957478739	0.22962399467795358
0.6387916458229114	0.2296346214511993
0.6392917958979489	0.2296447178596117
0.6397919459729864	0.22965431036415254
0.640292096048024	0.2296634248678327
0.6407922461230615	0.22967208671571218
0.641292396198099	0.22968032069490008
0.6417925462731365	0.22968815103455437
0.642292696348174	0.22969560140588208
0.6427928464232116	0.22970269492213966
0.6432929964982491	0.22970945413863222
0.6437931465732866	0.22971590105271425
0.6442932966483241	0.22972205710378898
0.6447934467233616	0.22972794317330894
0.6452935967983991	0.2297335795847756
0.6457937468734366	0.22973898610373963
0.6462938969484742	0.22974418193780066
0.6467940470235117	0.22974918573660735
0.6472941970985492	0.22975401559185754
0.6477943471735867	0.22975868903729807
0.6482944972486242	0.22976322304872468
0.6487946473236618	0.22976763404398254
0.6492947973986993	0.22977193788296546
0.6497949474737368	0.22977614986761677
0.6502950975487743	0.22978028474192844
0.6507952476238118	0.22978435669194172
0.6512953976988494	0.2297883793457469
0.6517955477738869	0.22979236577348341
0.6522956978489244	0.22979632848733947
0.652795847923962	0.22980027944155268
0.6532959979989994	0.22980423003240955
0.653796148074037	0.22980819109824557
0.6542962981490745	0.22981217291944553
0.654796448224112	0.22981618521844308
0.6552965982991495	0.22982023715972089
0.655796748374187	0.22982433734981098
0.6562968984492246	0.22982849383729412
0.656797048524262	0.22983271411280043
0.6572971985992996	0.22983700510900867
0.6577973486743371	0.22984137320064724
0.6582974987493746	0.22984582420449315
0.6587976488244122	0.22985036337937256
0.6592977988994496	0.22985499542616078
0.6597979489744872	0.22985972448778225
0.6602980990495247	0.2298645541492103
0.6607982491245622	0.22986948743746743
0.6612983991995998	0.22987452682162504
0.6617985492746372	0.22987967421280395
0.6622986993496748	0.2298849309641735
0.6627988494247123	0.2298902978709528
0.6632989994997498	0.22989577517040924
0.6637991495747874	0.2299013625418601
0.6642992996498248	0.22990705910667084
0.6647994497248624	0.22991286342825662
0.6652995997998998	0.22991877351208156
0.6657997498749374	0.22992478680565862
0.666299899949975	0.22993090019855003
0.6668000500250124	0.22993711002236705
0.66730020010005	0.22994341205076987
0.6678003501750874	0.22994980149946787
0.668300500250125	0.22995627302621946
0.6688006503251626	0.22996282073083207
0.6693008004002	0.22996943815516238
0.6698009504752376	0.22997611828311565
0.670301100550275	0.2299828535406469
0.6708012506253126	0.22998963579575982
0.6713014007003502	0.22999645635850705
0.6718015507753876	0.23000330598099034
0.6723017008504252	0.23001017485736103
0.6728018509254626	0.23001705262381855
0.6733020010005002	0.23002392835861232
0.6738021510755378	0.23003079058204026
0.6743023011505752	0.23003762725644963
0.6748024512256128	0.23004442578623652
0.6753026013006502	0.2300511730178464
0.6758027513756878	0.23005785523977348
0.6763029014507252	0.23006445818256124
0.6768030515257628	0.2300709670188021
0.6773032016008004	0.23007736636313778
0.6778033516758378	0.2300836402722585
0.6783035017508754	0.2300897722449043
0.6788036518259128	0.2300957452218636
0.6793038019009504	0.23010154158597457
0.679803951975988	0.23010714316212375
0.6803041020510254	0.23011253121724715
0.680804252126063	0.23011768646032973
0.6813044022011004	0.23012258904240554
0.681804552276138	0.23012721855655774
0.6823047023511756	0.23013155403791846
0.682804852426213	0.23013557396366877
0.6833050025012506	0.23013925625303921
0.683805152576288	0.23014257826730908
0.6843053026513256	0.23014551680980674
0.6848054527263631	0.2301480481259095
0.6853056028014006	0.23015014790304422
0.6858057528764382	0.23015179127068633
0.6863059029514756	0.2301529528003605
0.6868060530265132	0.23015360650564048
0.6873062031015507	0.23015372584214913
0.6878063531765882	0.2301532837075581
0.6883065032516258	0.2301522524415887
0.6888066533266632	0.23015060382601044
0.6893068034017008	0.23014830908464273
0.6898069534767383	0.23014533888335348
0.6903071035517758	0.23014166333005998
0.6908072536268134	0.2301372519747283
0.6913074037018508	0.23013207380937395
0.6918075537768884	0.23012609726806096
0.6923077038519259	0.2301192902269032
0.6928078539269634	0.23011162000406277
0.693308004002001	0.23010305335975142
0.6938081540770384	0.23009355649622965
0.694308304152076	0.23008309505780727
0.6948084542271135	0.23007163413084286
0.695308604302151	0.23005913824374435
0.6958087543771885	0.2300455713669684
0.696308904452226	0.23003089691302114
0.6968090545272636	0.23001507773645755
0.6973092046023011	0.22999807613388154
0.6978093546773386	0.22997985384394626
0.6983095047523761	0.22996037204735395
0.6988096548274136	0.22993959136685577
0.6993098049024512	0.22991747186725217
0.6998099549774887	0.2298939730553923
0.7003101050525262	0.22989021064002266
0.7008102551275637	0.22989501798932382
0.7013104052026012	0.22989968255619883
0.7018105552776388	0.22990420691912164
0.7023107053526763	0.22990859363491412
0.7028108554277138	0.22991284523874622
0.7033110055027513	0.2299169642441356
0.7038111555777888	0.229920953142948
0.7043113056528263	0.22992481440539697
0.7048114557278639	0.2299285504800441
0.7053116058029014	0.229932163793799
0.7058117558779389	0.22993565675191904
0.7063119059529764	0.22993903173800967
0.7068120560280139	0.2299422911140242
0.7073122061030515	0.2299454372202638
0.707812356178089	0.22994847237537772
0.7083125062531265	0.22995139887636304
0.708812656328164	0.22995421899856494
0.7093128064032015	0.2299569349956763
0.709812956478239	0.22995954909973823
0.7103131065532766	0.2299620635211393
0.7108132566283141	0.22996448044861667
0.7113134067033516	0.22996680204925493
0.7118135567783891	0.22996903046848674
0.7123137068534267	0.22997116783009278
0.7128138569284642	0.22997321623620157
0.7133140070035017	0.2299751777672896
0.7138141570785392	0.22997705448218134
0.7143143071535767	0.2299788484180492
0.7148144572286143	0.22998056159041338
0.7153146073036517	0.2299821959931421
0.7158147573786893	0.22998375359845177
0.7163149074537268	0.22998523635690632
0.7168150575287643	0.22998664619741782
0.7173152076038019	0.22998798502724632
0.7178153576788393	0.22998925473199963
0.7183155077538769	0.22999045717563382
0.7188156578289144	0.22999159420045254
0.7193158079039519	0.2299926676271075
0.7198159579789895	0.22999367925459838
0.7203161080540269	0.22999463086027294
0.7208162581290645	0.22999552419982658
0.721316408204102	0.22999636100730286
0.7218165582791395	0.2299971429950932
0.722316708354177	0.22999787185393683
0.7228168584292145	0.22999854925292126
0.7233170085042521	0.22999917683948154
0.7238171585792896	0.22999975623940086
0.7243173086543271	0.23000028905681041
0.7248174587293646	0.23000077687418932
0.7253176088044021	0.23000122125236425
0.7258177588794397	0.23000162373051042
0.7263179089544771	0.23000198582615056
0.7268180590295147	0.2300023090351555
0.7273182091045522	0.23000259483174387
0.7278183591795897	0.2300028446684824
0.7283185092546273	0.23000305997628567
0.7288186593296647	0.23000324216441612
0.7293188094047023	0.23000339262048453
0.7298189594797398	0.2300035127104491
0.7303191095547773	0.2300036037786161
0.7308192596298149	0.23000366714763984
0.7313194097048523	0.23000370411852267
0.7318195597798899	0.23000371597061467
0.7323197098549274	0.23000370396161385
0.7328198599299649	0.23000366932756638
0.7333200100050025	0.23000361328286625
0.7338201600800399	0.23000353702025514
0.7343203101550775	0.23000344171082315
0.7348204602301149	0.2300033285040078
0.7353206103051525	0.2300031985275951
0.7358207603801901	0.23000305288771833
0.7363209104552275	0.23000289266885934
0.7368210605302651	0.23000271893384766
0.7373212106053025	0.23000253272386068
0.7378213606803401	0.23000233505842388
0.7383215107553777	0.23000212693541042
0.7388216608304151	0.2300019093310417
0.7393218109054527	0.23000168319988679
0.7398219609804901	0.23000144947486292
0.7403221110555277	0.23000120906723528
0.7408222611305653	0.2300009628666167
0.7413224112056027	0.23000071174096828
0.7418225612806403	0.23000045653659887
0.7423227113556777	0.2300001980781652
0.7428228614307153	0.22999993716867217
0.7433230115057529	0.2299996745894724
0.7438231615807903	0.22999941110026648
0.7443233116558279	0.22999914743910316
0.7448234617308653	0.22999888432237878
0.7453236118059029	0.22999862244483787
0.7458237618809404	0.22999836247957278
0.7463239119559779	0.22999810507802376
0.7468240620310155	0.22999785086997926
0.7473242121060529	0.2299976004635753
0.7478243621810905	0.22999735444529612
0.748324512256128	0.2299971133799736
0.7488246623311655	0.22999687781078806
0.7493248124062031	0.22999664825926716
0.7498249624812405	0.22999642522528688
0.7503251125562781	0.22999620918707106
0.7508252626313155	0.22999600060119144
0.7513254127063531	0.2299957999025676
0.7518255627813907	0.22999560750446726
0.7523257128564281	0.22999542379850604
0.7528258629314657	0.22999524915464742
0.7533260130065031	0.22999508392120266
0.7538261630815407	0.2299949284248313
0.7543263131565782	0.22999478297054063
0.7548264632316157	0.22999464784168583
0.7553266133066533	0.22999452329997025
0.7558267633816907	0.2299944095854447
0.7563269134567283	0.2299943069165084
0.7568270635317658	0.22999421548990842
0.7573272136068033	0.22999413548073971
0.7578273636818409	0.2299940670424449
0.7583275137568783	0.22999401030681504
0.7588276638319159	0.22999396538398875
0.7593278139069534	0.22999393236245255
0.7598279639819909	0.22999391130904145
0.7603281140570285	0.2299939022689376
0.760828264132066	0.22999390526567176
0.7613284142071035	0.22999392030112226
0.761828564282141	0.22999394735551534
0.7623287143571785	0.22999398638742546
0.7628288644322161	0.22999403733377474
0.7633290145072535	0.22999410010983343
0.7638291645822911	0.22999417460921961
0.7643293146573286	0.2299942607038994
0.7648294647323661	0.22999435824418654
0.7653296148074036	0.2299944670587431
0.7658297648824411	0.22999458695457894
0.7663299149574787	0.22999471771705193
0.7668300650325162	0.2299948591098677
0.7673302151075537	0.22999501087507984
0.7678303651825912	0.22999517273308998
0.7683305152576287	0.22999534438264785
0.7688306653326663	0.2299955255008507
0.7693308154077038	0.229995715743144
0.7698309654827413	0.22999591474332107
0.7703311155577788	0.22999612211352327
0.7708312656328163	0.22999633744423986
0.7713314157078539	0.2299965603043077
0.7718315657828914	0.2299967902409122
0.7723317158579289	0.22999702677958642
0.7728318659329664	0.22999726942421098
0.7733320160080039	0.22999751765701515
0.7738321660830414	0.22999777093857549
0.774332316158079	0.22999802870781696
0.7748324662331165	0.22999829038201228
0.775332616308154	0.22999855535678185
0.7758327663831915	0.2299988230060946
0.776332916458229	0.22999909268226676
0.7768330665332666	0.22999936371596305
0.7773332166083041	0.22999963541619559
0.7778333666833416	0.229999907070325
0.7783335167583791	0.2300001779440594
0.7788336668334166	0.23000044728145486
0.7793338169084542	0.23000071430491578
0.7798339669834917	0.2300009782151941
0.7803341170585292	0.23000123819138987
0.7808342671335667	0.23000149339095113
0.7813344172086042	0.23000174294967354
0.7818345672836418	0.2300019859817011
0.7823347173586793	0.23000222157952555
0.7828348674337168	0.2300024488139866
0.7833350175087543	0.2300026667342718
0.7838351675837918	0.2300028743679168
0.7843353176588294	0.23000307072080514
0.7848354677338668	0.2300032547771682
0.7853356178089044	0.23000342549958536
0.7858357678839419	0.23000358182898403
0.7863359179589794	0.23000372268463937
0.786836068034017	0.23000384696417464
0.7873362181090544	0.23000395354356085
0.787836368184092	0.23000404127711724
0.7883365182591295	0.2300041089975107
0.788836668334167	0.23000415551575626
0.7893368184092046	0.23000417962121664
0.789836968484242	0.2300041800816028
0.7903371185592796	0.23000415564297347
0.7908372686343171	0.23000410502973528
0.7913374187093546	0.23000402694464292
0.7918375687843922	0.2300039200687989
0.7923377188594296	0.23000378306165373
0.7928378689344672	0.2300036145610058
0.7933380190095046	0.23000341318300155
0.7938381690845422	0.23000317752213534
0.7943383191595798	0.23000290615124933
0.7948384692346172	0.2300025976215336
0.7953386193096548	0.23000225046252645
0.7958387693846922	0.2300018631821139
0.7963389194597298	0.23000143426652989
0.7968390695347674	0.2300009621803563
0.7973392196098048	0.2300004453665231
0.7978393696848424	0.22999988224630807
0.7983395197598798	0.2299992712193369
0.7988396698349174	0.2299986106635833
0.799339819909955	0.2299978989353689
0.7998399699849924	0.22999713436936323
0.80034012006003	0.2299971083841398
0.8008402701350674	0.2299972636414988
0.801340420210105	0.22999741246229058
0.8018405702851426	0.22999755499477992
0.80234072036018	0.22999769138574386
0.8028408704352176	0.2299978217804713
0.803341020510255	0.22999794632276335
0.8038411705852926	0.2299980651549326
0.80434132066033	0.22999817841780418
0.8048414707353676	0.22999828625071483
0.8053416208104052	0.22999838879151357
0.8058417708854426	0.2299984861765614
0.8063419209604802	0.22999857854073097
0.8068420710355176	0.22999866601740707
0.8073422211105552	0.22999874873848689
0.8078423711855928	0.22999882683437908
0.8083425212606302	0.22999890043400453
0.8088426713356678	0.2299989696647961
0.8093428214107052	0.22999903465269855
0.8098429714857428	0.22999909552216877
0.8103431215607804	0.22999915239617566
0.8108432716358178	0.22999920539619984
0.8113434217108554	0.22999925464223428
0.8118435717858928	0.22999930025278362
0.8123437218609304	0.22999934234486472
0.8128438719359679	0.22999938103400647
0.8133440220110054	0.22999941643424943
0.813844172086043	0.22999944865814648
0.8143443221610804	0.22999947781676236
0.814844472236118	0.22999950401967384
0.8153446223111555	0.22999952737496976
0.815844772386193	0.22999954798925065
0.8163449224612306	0.22999956596762933
0.816845072536268	0.22999958141373048
0.8173452226113056	0.2299995944296909
0.817845372686343	0.22999960511615916
0.8183455227613806	0.22999961357229612
0.8188456728364182	0.22999961989577436
0.8193458229114556	0.22999962418277858
0.8198459729864932	0.22999962652800549
0.8203461230615307	0.22999962702466364
0.8208462731365682	0.22999962576447386
0.8213464232116058	0.2299996228376687
0.8218465732866432	0.22999961833299293
0.8223467233616808	0.22999961233770286
0.8228468734367183	0.22999960493756735
0.8233470235117558	0.22999959621686708
0.8238471735867933	0.22999958625839453
0.8243473236618308	0.22999957514345434
0.8248474737368684	0.2299995629518633
0.8253476238119059	0.2299995497619496
0.8258477738869434	0.2299995356505541
0.8263479239619809	0.22999952069302937
0.8268480740370184	0.2299995049632399
0.827348224112056	0.2299994885335623
0.8278483741870934	0.2299994714748851
0.828348524262131	0.22999945385660872
0.8288486743371685	0.22999943574664589
0.829348824412206	0.2299994172114211
0.8298489744872436	0.2299993983158707
0.830349124562281	0.22999937912344362
0.8308492746373186	0.22999935969609983
0.8313494247123561	0.22999934009431217
0.8318495747873936	0.22999932037706508
0.8323497248624312	0.22999930060185497
0.8328498749374686	0.22999928082469034
0.8333500250125062	0.22999926110009175
0.8338501750875437	0.2299992414810914
0.8343503251625812	0.229999222019234
0.8348504752376187	0.22999920276457597
0.8353506253126562	0.22999918376568568
0.8358507753876938	0.22999916506964363
0.8363509254627313	0.22999914672204214
0.8368510755377688	0.2299991287669856
0.8373512256128063	0.22999911124709063
0.8378513756878438	0.22999909420348547
0.8383515257628814	0.22999907767581051
0.8388516758379189	0.22999906170221818
0.8393518259129564	0.22999904631937276
0.8398519759879939	0.22999903156245075
0.8403521260630314	0.2299990174651405
0.840852276138069	0.22999900405964221
0.8413524262131065	0.22999899137666843
0.841852576288144	0.22999897944544342
0.8423527263631815	0.22999896829370342
0.842852876438219	0.22999895794769687
0.8433530265132565	0.2299989484321841
0.8438531765882941	0.22999893977043728
0.8443533266633316	0.22999893198424087
0.8448534767383691	0.22999892509389108
0.8453536268134066	0.22999891911819614
0.8458537768884441	0.22999891407447645
0.8463539269634817	0.22999890997856431
0.8468540770385192	0.22999890684480379
0.8473542271135567	0.22999890468605125
0.8478543771885942	0.22999890351367497
0.8483545272636317	0.2299989033375552
0.8488546773386693	0.22999890416608415
0.8493548274137068	0.22999890600616604
0.8498549774887443	0.22999890886321703
0.8503551275637818	0.22999891274116543
0.8508552776388193	0.22999891764245137
0.8513554277138569	0.229998923568027
0.8518555777888944	0.22999893051735668
0.8523557278639319	0.22999893848841643
0.8528558779389694	0.2299989474776944
0.8533560280140069	0.22999895748019103
0.8538561780890445	0.22999896848941814
0.8543563281640819	0.22999898049740003
0.8548564782391195	0.22999899349467287
0.855356628314157	0.22999900747028476
0.8558567783891945	0.2299990224117957
0.8563569284642321	0.22999903830527804
0.8568570785392695	0.22999905513531577
0.8573572286143071	0.22999907288500498
0.8578573786893446	0.2299990915359539
0.8583575287643821	0.22999911106828247
0.8588576788394197	0.22999913146062273
0.8593578289144571	0.2299991526901189
0.8598579789894947	0.22999917473242687
0.8603581290645322	0.229999197561715
0.8608582791395697	0.22999922115066299
0.8613584292146073	0.22999924547046305
0.8618585792896447	0.22999927049081925
0.8623587293646823	0.22999929617994758
0.8628588794397197	0.22999932250457605
0.8633590295147573	0.22999934942994468
0.8638591795897949	0.2299993769198055
0.8643593296648323	0.22999940493642237
0.8648594797398699	0.22999943344057155
0.8653596298149073	0.2299994623915408
0.8658597798899449	0.22999949174713016
0.8663599299649825	0.2299995214636516
0.8668600800400199	0.22999955149592904
0.8673602301150575	0.22999958179729849
0.8678603801900949	0.22999961231960786
0.8683605302651325	0.22999964301321713
0.86886068034017	0.22999967382699818
0.8693608304152075	0.22999970470833503
0.8698609804902451	0.22999973560312337
0.8703611305652825	0.22999976645577128
0.8708612806403201	0.2299997972091987
0.8713614307153577	0.22999982780483744
0.8718615807903951	0.22999985818263127
0.8723617308654327	0.22999988828103635
0.8728618809404701	0.22999991803702027
0.8733620310155077	0.22999994738606308
0.8738621810905451	0.22999997626215657
0.8743623311655827	0.23000000459780456
0.8748624812406203	0.23000003232402294
0.8753626313156577	0.2300000593703395
0.8758627813906953	0.23000008566479402
0.8763629314657327	0.2300001111339384
0.8768630815407703	0.23000013570283645
0.8773632316158079	0.23000015929506382
0.8778633816908453	0.2300001818327085
0.8783635317658829	0.2300002032363701
0.8788636818409203	0.23000022342516055
0.8793638319159579	0.23000024231670363
0.8798639819909955	0.23000025982713504
0.8803641320660329	0.23000027587110242
0.8808642821410705	0.23000029036176567
0.8813644322161079	0.23000030321079637
0.8818645822911455	0.23000031432837847
0.882364732366183	0.23000032362320774
0.8828648824412205	0.2300003310024915
0.8833650325162581	0.23000033637194986
0.8838651825912955	0.23000033963581426
0.8843653326663331	0.2300003406968285
0.8848654827413706	0.23000033945624848
0.8853656328164081	0.2300003358138415
0.8858657828914457	0.23000032966788736
0.8863659329664831	0.23000032091517777
0.8868660830415207	0.23000030945101635
0.8873662331165582	0.2300002951692189
0.8878663831915957	0.23000027796211286
0.8883665332666333	0.23000025772053792
0.8888666833416707	0.23000023433384575
0.8893668334167083	0.2300002076898999
0.8898669834917458	0.23000017767507608
0.8903671335667833	0.23000014417426184
0.8908672836418209	0.23000010707085683
0.8913674337168583	0.23000006624677233
0.8918675837918959	0.2300000215824324
0.8923677338669334	0.2299999729567723
0.8928678839419709	0.2299999202472397
0.8933680340170084	0.22999986332979416
0.8938681840920459	0.22999980207890716
0.8943683341670835	0.22999973636756235
0.894868484242121	0.2299996660672551
0.8953686343171585	0.22999959104799306
0.895868784392196	0.22999951117829584
0.8963689344672335	0.22999942632519468
0.8968690845422711	0.22999933635423334
0.8973692346173086	0.22999924112946712
0.8978693846923461	0.22999914051346373
0.8983695347673836	0.22999903436730249
0.8988696848424211	0.22999892255057486
0.8993698349174587	0.22999880492138441
0.8998699849924962	0.22999868133634652
0.9003701350675337	0.22999866195504054
0.9008702851425712	0.22999869089553784
0.9013704352176087	0.22999871967458077
0.9018705852926462	0.22999874828059777
0.9023707353676838	0.2299987767022344
0.9028708854427213	0.22999880492835184
0.9033710355177588	0.22999883294802834
0.9038711855927963	0.2299988607505582
0.9043713356678338	0.22999888832545226
0.9048714857428714	0.22999891566243771
0.9053716358179089	0.22999894275145838
0.9058717858929464	0.2299989695826743
0.9063719359679839	0.22999899614646202
0.9068720860430214	0.22999902243341439
0.907372236118059	0.2299990484343408
0.9078723861930965	0.22999907414026696
0.908372536268134	0.22999909954243533
0.9088726863431715	0.22999912463230424
0.909372836418209	0.22999914940154897
0.9098729864932465	0.22999917384206076
0.9103731365682841	0.22999919794594764
0.9108732866433216	0.2299992217055339
0.9113734367183591	0.22999924511336026
0.9118735867933966	0.22999926816218383
0.9123737368684341	0.22999929084497825
0.9128738869434716	0.2299993131549334
0.9133740370185092	0.2299993350854559
0.9138741870935467	0.22999935663016835
0.9143743371685842	0.2299993777829101
0.9148744872436217	0.22999939853773688
0.9153746373186592	0.22999941888892073
0.9158747873936968	0.22999943883095014
0.9163749374687343	0.22999945835853022
0.9168750875437718	0.2299994774665821
0.9173752376188093	0.2299994961502436
0.9178753876938468	0.22999951440486913
0.9183755377688844	0.2299995322260291
0.9188756878439219	0.22999954960951058
0.9193758379189594	0.22999956655131717
0.919875987993997	0.22999958304766857
0.9203761380690344	0.22999959909500126
0.920876288144072	0.22999961468996782
0.9213764382191094	0.22999962982943753
0.921876588294147	0.22999964451049593
0.9223767383691845	0.22999965873044503
0.922876888444222	0.2299996724868031
0.9233770385192596	0.2299996857773052
0.923877188594297	0.22999969859990232
0.9243773386693346	0.2299997109527623
0.9248774887443721	0.2299997228342694
0.9253776388194096	0.2299997342430238
0.9258777888944472	0.22999974517784272
0.9263779389694846	0.22999975563775932
0.9268780890445222	0.22999976562202346
0.9273782391195597	0.22999977513010134
0.9278783891945972	0.22999978416167566
0.9283785392696348	0.2299997927166454
0.9288786893446722	0.22999980079512602
0.9293788394197098	0.2299998083974494
0.9298789894947473	0.22999981552416388
0.9303791395697848	0.22999982217603418
0.9308792896448224	0.22999982835404142
0.9313794397198598	0.2299998340593832
0.9318795897948974	0.22999983929347353
0.9323797398699348	0.22999984405794283
0.9328798899449724	0.22999984835463796
0.93338004002001	0.22999985218562208
0.9338801900950474	0.2299998555531749
0.934380340170085	0.22999985845979262
0.9348804902451224	0.22999986090818764
0.93538064032016	0.22999986290128902
0.9358807903951976	0.22999986444224188
0.936380940470235	0.22999986553440827
0.9368810905452726	0.22999986618136634
0.93738124062031	0.2299998663869106
0.9378813906953476	0.22999986615505222
0.9383815407703852	0.2299998654900186
0.9388816908454226	0.2299998643962537
0.9393818409204602	0.2299998628784177
0.9398819909954976	0.22999986094138747
0.9403821410705352	0.22999985859025612
0.9408822911455726	0.22999985583033308
0.9413824412206102	0.22999985266714457
0.9418825912956478	0.2299998491064329
0.9423827413706852	0.22999984515415692
0.9428828914457228	0.22999984081649194
0.9433830415207602	0.22999983609982946
0.9438831915957978	0.22999983101077773
0.9443833416708354	0.2299998255561613
0.9448834917458728	0.2299998197430211
0.9453836418209104	0.22999981357861435
0.9458837918959478	0.22999980707041495
0.9463839419709854	0.22999980022611313
0.946884092046023	0.22999979305361545
0.9473842421210604	0.22999978556104514
0.947884392196098	0.22999977775674135
0.9483845422711354	0.22999976964926008
0.948884692346173	0.22999976124737384
0.9493848424212106	0.22999975256007113
0.949884992496248	0.22999974359655728
0.9503851425712856	0.22999973436625373
0.950885292646323	0.22999972487879858
0.9513854427213606	0.2299997151440461
0.9518855927963981	0.2299997051720674
0.9523857428714356	0.22999969497314945
0.9528858929464732	0.22999968455779593
0.9533860430215106	0.22999967393672718
0.9538861930965482	0.22999966312087955
0.9543863431715857	0.22999965212140608
0.9548864932466232	0.22999964094967604
0.9553866433216608	0.2299996296172753
0.9558867933966982	0.22999961813600597
0.9563869434717358	0.22999960651788687
0.9568870935467733	0.2299995947751528
0.9573872436218108	0.22999958292025535
0.9578873936968484	0.2299995709658624
0.9583875437718858	0.22999955892485827
0.9588876938469234	0.22999954681034374
0.9593878439219609	0.2299995346356359
0.9598879939969984	0.22999952241426824
0.9603881440720359	0.22999951015999107
0.9608882941470734	0.22999949788677043
0.961388444222111	0.22999948560878944
0.9618885942971485	0.22999947334044718
0.962388744372186	0.22999946109635944
0.9628888944472235	0.22999944889135818
0.963389044522261	0.2299994367404921
0.9638891945972986	0.22999942465902604
0.9643893446723361	0.2299994126624415
0.9648894947473736	0.22999940076643607
0.9653896448224111	0.22999938898692407
0.9658897948974486	0.22999937734003612
0.9663899449724862	0.22999936584211925
0.9668900950475237	0.22999935450973688
0.9673902451225612	0.22999934335966907
0.9678903951975987	0.229999332408912
0.9683905452726362	0.22999932167467838
0.9688906953476738	0.22999931117439756
0.9693908454227113	0.22999930092571494
0.9698909954977488	0.22999929094649238
0.9703911455727863	0.2299992812548086
0.9708912956478238	0.2299992718689583
0.9713914457228613	0.22999926280745273
0.9718915957978989	0.22999925408901964
0.9723917458729364	0.22999924573260302
0.9728918959479739	0.2299992377573635
0.9733920460230114	0.22999923018267807
0.9738921960980489	0.22999922302814
0.9743923461730865	0.22999921631355902
0.974892496248124	0.2299992100589614
0.9753926463231615	0.22999920428458986
0.975892796398199	0.22999919901090338
0.9763929464732365	0.22999919425857734
0.976893096548274	0.22999919004850378
0.9773932466233116	0.22999918640179098
0.9778933966983491	0.22999918333976366
0.9783935467733866	0.22999918088396293
0.9788936968484241	0.22999917905614636
0.9793938469234617	0.22999917787828802
0.9798939969984992	0.2299991773725783
0.9803941470735367	0.22999917756142416
0.9808942971485742	0.22999917846744863
0.9813944472236117	0.22999918011349155
0.9818945972986493	0.229999182522609
0.9823947473736867	0.22999918571807346
0.9828948974487243	0.22999918972337402
0.9833950475237618	0.22999919456221585
0.9838951975987993	0.22999920025852078
0.9843953476738369	0.22999920683642713
0.9848954977488743	0.22999921432028947
0.9853956478239119	0.2299992227346788
0.9858957978989494	0.22999923210438278
0.9863959479739869	0.229999242454405
0.9868960980490245	0.22999925380996603
0.9873962481240619	0.22999926619650252
0.9878963981990995	0.22999927963966763
0.988396548274137	0.22999929416533088
0.9888966983491745	0.22999930979957844
0.989396848424212	0.2299993265687125
0.9898969984992495	0.22999934449925205
0.9903971485742871	0.22999936361793236
0.9908972986493245	0.22999938395170508
0.9913974487243621	0.2299994055277383
0.9918975987993996	0.22999942837341655
0.9923977488744371	0.22999945251634082
0.9928978989494747	0.22999947798432838
0.9933980490245121	0.22999950480541317
0.9938981990995497	0.22999953300784526
0.9943983491745872	0.2299995626200914
0.9948984992496247	0.22999959367083456
0.9953986493246623	0.2299996261889743
0.9958987993996997	0.2299996602036263
0.9963989494747373	0.22999969574412307
0.9968990995497748	0.22999973284001343
0.9973992496248123	0.22999977152106232
0.9978993996998499	0.22999981181725146
0.9983995497748873	0.2299998537587788
0.9988996998499249	0.22999989737605875
0.9993998499249624	0.22999994269972218
0.9999	0.22999998976061636
