0.0001	0
0.0006001500750375188	0
0.0011003001500750375	0
0.0016004502251125562	0
0.0021006003001500747	0
0.0026007503751875934	0
0.003100900450225112	0
0.003601050525262631	0
0.00410120060030015	0
0.004601350675337669	0
0.0051015007503751875	0
0.005601650825412706	0
0.006101800900450225	0
0.006601950975487744	0
0.007102101050525262	0
0.007602251125562781	0
0.008102401200600299	0
0.008602551275637818	0
0.009102701350675337	0
0.009602851425712855	0
0.010103001500750374	0
0.010603151575787893	0
0.01110330165082541	0
0.01160345172586293	0
0.012103601800900449	0
0.012603751875937968	0
0.013103901950975487	0
0.013604052026013004	0
0.014104202101050524	0
0.014604352176088043	0
0.01510450225112556	0
0.01560465232616308	0
0.0161048024012006	0
0.016604952476238118	0
0.017105102551275637	0
0.017605252626313156	0
0.018105402701350675	0
0.01860555277638819	0
0.01910570285142571	0
0.01960585292646323	0
0.020106003001500748	0
0.020606153076538267	0
0.021106303151575787	0
0.021606453226613306	0
0.02210660330165082	0
0.02260675337668834	0
0.02310690345172586	0
0.02360705352676338	0
0.024107203601800898	0
0.024607353676838417	0
0.025107503751875936	0
0.025607653826913455	0
0.026107803901950975	0
0.02660795397698849	0
0.02710810405202601	0
0.02760825412706353	0
0.028108404202101048	0
0.028608554277138567	0
0.029108704352176086	0
0.029608854427213605	0
0.03010900450225112	0
0.03060915457728864	0
0.03110930465232616	0
0.031609454727363685	0
0.0321096048024012	0
0.03260975487743872	0
0.03310990495247624	0
0.033610055027513755	0
0.03411020510255128	0
0.03461035517758879	0
0.035110505252626316	0
0.03561065532766383	0
0.036110805402701354	0
0.03661095547773887	0
0.037111105552776386	0
0.03761125562781391	0
0.038111405702851424	0
0.038611555777888946	0
0.03911170585292646	0
0.039611855927963985	0
0.0401120060030015	0
0.040612156078039016	0
0.04111230615307654	0
0.041612456228114054	0
0.04211260630315158	0
0.04261275637818909	0
0.043112906453226615	0
0.04361305652826413	0
0.04411320660330165	0
0.04461335667833917	0
0.045113506753376685	0
0.04561365682841421	0
0.04611380690345172	0
0.046613956978489246	0
0.04711410705352676	0
0.047614257128564284	0
0.0481144072036018	0
0.048614557278639316	0
0.04911470735367684	0
0.049614857428714354	0
0.05011500750375188	0
0.05061515757878939	0
0.051115307653826915	0
0.05161545772886443	0
0.05211560780390195	0
0.05261575787893947	0
0.053115907953976985	0
0.05361605802901451	0
0.05411620810405202	0
0.054616358179089546	0
0.05511650825412706	0
0.055616658329164584	0
0.0561168084042021	0
0.056616958479239615	0
0.05711710855427714	0
0.057617258629314654	0
0.058117408704352176	0
0.05861755877938969	0
0.059117708854427214	0
0.05961785892946473	0
0.060118009004502246	0
0.06061815907953977	0
0.061118309154577284	0
0.06161845922961481	0
0.06211860930465232	0
0.06261875937968985	0
0.06311890945472737	0
0.06361905952976488	0
0.0641192096048024	0
0.06461935967983992	0
0.06511950975487743	0
0.06561965982991495	0
0.06611980990495248	0
0.06661995997999	0
0.06712011005502751	0
0.06762026013006503	0
0.06812041020510255	0
0.06862056028014006	0
0.06912071035517758	0
0.0696208604302151	0
0.07012101050525263	0
0.07062116058029014	0
0.07112131065532766	0
0.07162146073036518	0
0.0721216108054027	0
0.07262176088044021	0
0.07312191095547774	0
0.07362206103051526	0
0.07412221110555277	0
0.07462236118059029	0
0.07512251125562781	0
0.07562266133066534	0
0.07612281140570284	0
0.07662296148074037	0
0.07712311155577789	0
0.0776232616308154	0
0.07812341170585292	0
0.07862356178089044	0
0.07912371185592797	0
0.07962386193096548	0
0.080124012006003	0
0.08062416208104052	0
0.08112431215607803	0
0.08162446223111555	0
0.08212461230615307	0
0.0826247623811906	0
0.0831249124562281	0
0.08362506253126563	0
0.08412521260630315	0
0.08462536268134066	0
0.08512551275637818	0
0.0856256628314157	0
0.08612581290645323	0
0.08662596298149074	0
0.08712611305652826	0
0.08762626313156578	0
0.08812641320660329	0
0.08862656328164081	0
0.08912671335667834	0
0.08962686343171586	0
0.09012701350675337	0
0.09062716358179089	0
0.09112731365682841	0
0.09162746373186594	0
0.09212761380690344	0
0.09262776388194097	0
0.09312791395697849	0
0.093628064032016	0
0.09412821410705352	0
0.09462836418209104	0
0.09512851425712857	0
0.09562866433216607	0
0.0961288144072036	0
0.09662896448224112	0
0.09712911455727863	0
0.09762926463231615	0
0.09812941470735367	0
0.0986295647823912	0
0.0991297148574287	0
0.09962986493246623	0
0.10013001500750375	0
0.10063016508254126	0
0.10113031515757878	0
0.1016304652326163	0
0.10213061530765383	0
0.10263076538269134	0
0.10313091545772886	0
0.10363106553276638	0
0.1041312156078039	0
0.10463136568284141	0
0.10513151575787893	0
0.10563166583291646	0
0.10613181590795397	0
0.10663196598299149	0
0.10713211605802901	0
0.10763226613306653	0
0.10813241620810404	0
0.10863256628314157	0
0.10913271635817909	0
0.1096328664332166	0
0.11013301650825412	0
0.11063316658329164	0
0.11113331665832916	0
0.11163346673336667	0
0.1121336168084042	0
0.11263376688344172	0
0.11313391695847923	0
0.11363406703351675	0
0.11413421710855427	0
0.1146343671835918	0
0.1151345172586293	0
0.11563466733366683	0
0.11613481740870435	0
0.11663496748374186	0
0.11713511755877938	0
0.1176352676338169	0
0.11813541770885443	0
0.11863556778389193	0
0.11913571785892946	0
0.11963586793396698	0
0.12013601800900449	0
0.12063616808404201	0
0.12113631815907953	0
0.12163646823411706	0
0.12213661830915457	0
0.12263676838419209	0
0.12313691845922961	0
0.12363706853426713	0
0.12413721860930464	0
0.12463736868434216	0
0.12513751875937967	0
0.12563766883441718	0
0.12613781890945472	0
0.12663796898449223	0
0.12713811905952974	0
0.12763826913456727	0
0.12813841920960478	0
0.1286385692846423	0
0.12913871935967983	0
0.12963886943471734	0
0.13013901950975484	0
0.13063916958479238	0
0.1311393196598299	0
0.13163946973486743	0
0.13213961980990493	0
0.13263976988494244	0
0.13313991995997998	0
0.1336400700350175	0
0.134140220110055	0
0.13464037018509253	0
0.13514052026013004	0
0.13564067033516755	0
0.1361408204102051	0
0.1366409704852426	0
0.1371411205602801	0
0.13764127063531764	0
0.13814142071035515	0
0.1386415707853927	0
0.1391417208604302	0
0.1396418709354677	0
0.14014202101050524	0
0.14064217108554275	0
0.14114232116058026	0
0.1416424712356178	0
0.1421426213106553	0
0.1426427713856928	0
0.14314292146073035	0
0.14364307153576786	0
0.1441432216108054	0
0.1446433716858429	0
0.1451435217608804	0
0.14564367183591795	0
0.14614382191095546	0
0.14664397198599297	0
0.1471441220610305	0
0.147644272136068	0
0.14814442221110552	0
0.14864457228614306	0
0.14914472236118057	0
0.14964487243621807	0
0.1501450225112556	0
0.15064517258629312	0
0.15114532266133066	0
0.15164547273636816	0
0.15214562281140567	0
0.1526457728864432	0
0.15314592296148072	0
0.15364607303651823	0
0.15414622311155576	0
0.15464637318659327	0
0.15514652326163078	0
0.15564667333666832	0
0.15614682341170583	0
0.15664697348674333	0
0.15714712356178087	0
0.15764727363681838	0
0.15814742371185592	0
0.15864757378689343	0
0.15914772386193093	0
0.15964787393696847	0
0.16014802401200598	0
0.1606481740870435	0
0.16114832416208102	0
0.16164847423711853	0
0.16214862431215604	0
0.16264877438719358	0
0.1631489244622311	0
0.16364907453726862	0
0.16414922461230613	0
0.16464937468734364	0
0.16514952476238118	0
0.1656496748374187	0
0.1661498249124562	0
0.16664997498749373	0
0.16715012506253124	0
0.16765027513756875	0
0.16815042521260629	0
0.1686505752876438	0
0.1691507253626813	0
0.16965087543771884	0
0.17015102551275635	0
0.17065117558779389	0
0.1711513256628314	0
0.1716514757378689	0
0.17215162581290644	0
0.17265177588794395	0
0.17315192596298146	0
0.173652076038019	0
0.1741522261130565	0
0.174652376188094	0
0.17515252626313155	0
0.17565267633816906	0
0.17615282641320656	0
0.1766529764882441	0
0.1771531265632816	0
0.17765327663831915	0
0.17815342671335666	0
0.17865357678839416	0
0.1791537268634317	0
0.1796538769384692	0
0.18015402701350672	0
0.18065417708854425	0
0.18115432716358176	0
0.18165447723861927	0
0.1821546273136568	0
0.18265477738869432	0
0.18315492746373185	0
0.18365507753876936	0
0.18415522761380687	0
0.1846553776888444	0
0.18515552776388192	0
0.18565567783891943	0
0.18615582791395696	0
0.18665597798899447	0
0.18715612806403198	0
0.18765627813906952	0
0.18815642821410702	0
0.18865657828914453	0
0.18915672836418207	0
0.18965687843921958	0
0.19015702851425711	0
0.19065717858929462	0
0.19115732866433213	0
0.19165747873936967	0
0.19215762881440718	0
0.1926577788894447	0
0.19315792896448222	0
0.19365807903951973	0
0.19415822911455724	0
0.19465837918959478	0
0.19515852926463229	0
0.19565867933966982	0
0.19615882941470733	0
0.19665897948974484	0
0.19715912956478238	0
0.19765927963981988	0
0.1981594297148574	0
0.19865957978989493	0
0.19915972986493244	0
0.19965987993996995	0
0.20016003001500748	0
0.200660180090045	0
0.2011603301650825	0
0.20166048024012004	0
0.20216063031515755	0
0.20266078039019508	0
0.2031609304652326	0
0.2036610805402701	0
0.20416123061530764	0
0.20466138069034515	0
0.20516153076538265	0
0.2056616808404202	0
0.2061618309154577	0
0.2066619809904952	0
0.20716213106553275	0
0.20766228114057025	0
0.2081624312156078	0
0.2086625812906453	0
0.2091627313656828	0
0.20966288144072034	0
0.21016303151575785	0
0.21066318159079536	0
0.2111633316658329	0
0.2116634817408704	0
0.21216363181590792	0
0.21266378189094545	0
0.21316393196598296	0
0.21366408204102047	0
0.214164232116058	0
0.21466438219109552	0
0.21516453226613305	0
0.21566468234117056	0
0.21616483241620807	0
0.2166649824912456	0
0.21716513256628311	0
0.21766528264132062	0
0.21816543271635816	0
0.21866558279139567	0
0.21916573286643318	0
0.2196658829414707	0
0.22016603301650822	0
0.22066618309154573	0
0.22116633316658327	0
0.22166648324162078	0
0.2221666333166583	0
0.22266678339169582	0
0.22316693346673333	0
0.22366708354177087	0
0.22416723361680838	0
0.22466738369184588	0
0.22516753376688342	0
0.22566768384192093	0
0.22616783391695844	0
0.22666798399199597	0
0.22716813406703348	0
0.22766828414207102	0
0.22816843421710853	0
0.22866858429214604	0
0.22916873436718357	0
0.22966888444222108	0
0.2301690345172586	0
0.23066918459229613	0
0.23116933466733364	0
0.23166948474237115	0
0.23216963481740868	0
0.2326697848924462	0
0.2331699349674837	0
0.23367008504252124	0
0.23417023511755874	0
0.23467038519259628	0
0.2351705352676338	0
0.2356706853426713	0
0.23617083541770884	0
0.23667098549274634	0
0.23717113556778385	0
0.2376712856428214	0
0.2381714357178589	0
0.2386715857928964	0
0.23917173586793394	0
0.23967188594297145	0
0.24017203601800896	0
0.2406721860930465	0
0.241172336168084	0
0.24167248624312154	0
0.24217263631815905	0
0.24267278639319656	0
0.2431729364682341	0
0.2436730865432716	0
0.24417323661830911	0
0.24467338669334665	0
0.24517353676838416	0
0.24567368684342167	0
0.2461738369184592	0
0.2466739869934967	0
0.24717413706853425	0
0.24767428714357176	0
0.24817443721860927	0
0.2486745872936468	0
0.2491747373686843	0
0.24967488744372182	0
0.25017503751875936	0
0.25067518759379687	0
0.2511753376688344	0
0.2516754877438719	0
0.25217563781890945	0
0.25267578789394696	0
0.25317593796898447	0
0.253676088044022	0
0.2541762381190595	0
0.254676388194097	0
0.25517653826913456	0
0.25567668834417207	0
0.2561768384192096	0
0.2566769884942471	0
0.2571771385692846	0
0.25767728864432216	0
0.25817743871935966	0
0.2586775887943972	0
0.2591777388694347	0
0.2596778889444722	0
0.2601780390195097	0
0.26067818909454726	0
0.2611783391695848	0
0.2616784892446223	0
0.2621786393196598	0
0.2626787893946973	0
0.26317893946973486	0
0.26367908954477237	0
0.2641792396198099	0
0.2646793896948474	0
0.2651795397698849	0
0.2656796898449224	0
0.26617983991995997	0
0.2666799899949975	0
0.267180140070035	0
0.2676802901450725	0
0.26818044022011	0
0.2686805902951475	0
0.2691807403701851	0
0.2696808904452226	0
0.2701810405202601	0
0.2706811905952976	0
0.2711813406703351	0
0.2716814907453727	0
0.2721816408204102	0
0.2726817908954477	0
0.2731819409704852	0
0.2736820910455227	0
0.2741822411205602	0
0.2746823911955978	0
0.2751825412706353	0
0.2756826913456728	0
0.2761828414207103	0
0.2766829914957478	0
0.2771831415707854	0
0.2776832916458229	0
0.2781834417208604	0
0.2786835917958979	0
0.2791837418709354	0
0.27968389194597293	0
0.2801840420210105	0
0.280684192096048	0
0.2811843421710855	0
0.281684492246123	0
0.28218464232116053	0
0.2826847923961981	0
0.2831849424712356	0
0.2836850925462731	0
0.2841852426213106	0
0.2846853926963481	0
0.28518554277138564	0
0.2856856928464232	0
0.2861858429214607	0
0.2866859929964982	0
0.2871861430715357	0
0.28768629314657324	0
0.2881864432216108	0
0.2886865932966483	0
0.2891867433716858	0
0.2896868934467233	0
0.29018704352176083	0
0.29068719359679834	0
0.2911873436718359	0
0.2916874937468734	0
0.2921876438219109	0
0.29268779389694843	0
0.29318794397198594	0
0.29368809404702345	0
0.294188244122061	0
0.2946883941970985	0
0.29518854427213603	0
0.29568869434717354	0
0.29618884442221105	0
0.2966889944972486	0
0.2971891445722861	0
0.29768929464732363	0
0.29818944472236114	0
0.29868959479739865	0
0.29918974487243616	0
0.2996898949474737	0
0.30019004502251123	0
0.30069019509754874	0
0.30119034517258625	0
0.30169049524762376	0
0.3021906453226613	0
0.30269079539769883	0
0.30319094547273634	0
0.30369109554777385	0
0.30419124562281136	0
0.30469139569784887	0
0.30519154577288643	0
0.30569169584792394	0
0.30619184592296145	0
0.30669199599799896	0
0.30719214607303647	0
0.30769229614807403	0
0.30819244622311154	0
0.30869259629814905	0
0.30919274637318656	0
0.30969289644822406	0
0.3101930465232616	0
0.31069319659829914	0
0.31119334667333665	0
0.31169349674837415	0
0.31219364682341166	0
0.3126937968984492	0
0.3131939469734867	0
0.31369409704852425	0
0.31419424712356175	0
0.31469439719859926	0
0.31519454727363677	0
0.3156946973486743	0
0.31619484742371184	0
0.31669499749874935	0
0.31719514757378686	0
0.31769529764882437	0
0.3181954477238619	0
0.3186955977988994	0
0.31919574787393695	0
0.31969589794897446	0
0.32019604802401197	0
0.3206961980990495	0
0.321196348174087	0
0.32169649824912455	0
0.32219664832416206	0
0.32269679839919957	0
0.3231969484742371	0
0.3236970985492746	0
0.3241972486243121	0
0.32469739869934966	0
0.32519754877438717	0
0.3256976988494247	0
0.3261978489244622	0
0.3266979989994997	0
0.32719814907453726	0
0.32769829914957477	0
0.3281984492246123	0
0.3286985992996498	0
0.3291987493746873	0
0.3296988994497248	0
0.33019904952476237	0
0.3306991995997999	0
0.3311993496748374	0
0.3316994997498749	0
0.3321996498249124	0
0.3326997998999499	0
0.3331999499749875	0
0.333700100050025	0
0.3342002501250625	0
0.3347004002001	0
0.3352005502751375	0
0.3357007003501751	0
0.3362008504252126	0
0.3367010005002501	0
0.3372011505752876	0
0.3377013006503251	0
0.3382014507253626	0
0.3387016008004002	0
0.3392017508754377	0
0.3397019009504752	0
0.3402020510255127	0
0.3407022011005502	0
0.3412023511755878	0
0.3417025012506253	0
0.3422026513256628	0
0.3427028014007003	0
0.3432029514757378	0
0.3437031015507753	0
0.3442032516258129	0
0.3447034017008504	0
0.3452035517758879	0
0.3457037018509254	0
0.3462038519259629	0
0.3467040020010005	0
0.347204152076038	0
0.3477043021510755	0
0.348204452226113	0
0.3487046023011505	0
0.34920475237618803	0
0.3497049024512256	0
0.3502050525262631	0
0.3507052026013006	0
0.3512053526763381	0
0.35170550275137563	0
0.35220565282641314	0
0.3527058029014507	0
0.3532059529764882	0
0.3537061030515257	0
0.35420625312656323	0
0.35470640320160074	0
0.3552065532766383	0
0.3557067033516758	0
0.3562068534267133	0
0.35670700350175083	0
0.35720715357678834	0
0.35770730365182585	0
0.3582074537268634	0
0.3587076038019009	0
0.35920775387693843	0
0.35970790395197594	0
0.36020805402701345	0
0.360708204102051	0
0.3612083541770885	0
0.36170850425212603	0
0.36220865432716354	0
0.36270880440220105	0
0.36320895447723855	0
0.3637091045522761	0
0.36420925462731363	0
0.36470940470235114	0
0.36520955477738865	0
0.36570970485242615	0
0.3662098549274637	0
0.3667100050025012	0
0.36721015507753874	0
0.36771030515257624	0
0.36821045522761375	0
0.36871060530265126	0
0.3692107553776888	0
0.36971090545272633	0
0.37021105552776384	0
0.37071120560280135	0
0.37121135567783886	0
0.3717115057528764	0
0.37221165582791393	0
0.37271180590295144	0
0.37321195597798895	0
0.37371210605302646	0
0.37421225612806397	0
0.37471240620310153	0
0.37521255627813904	0
0.37571270635317655	0
0.37621285642821406	0
0.37671300650325157	0
0.3772131565782891	0
0.37771330665332664	0
0.37821345672836415	0
0.37871360680340166	0
0.37921375687843917	0
0.3797139069534767	0
0.38021405702851424	0
0.38071420710355175	0
0.38121435717858926	0
0.38171450725362677	0
0.3822146573286643	0
0.3827148074037018	0
0.38321495747873935	0
0.38371510755377686	0
0.38421525762881437	0
0.3847154077038519	0
0.3852155577788894	0
0.38571570785392695	0
0.38621585792896446	0
0.38671600800400197	0
0.3872161580790395	0
0.387716308154077	0
0.3882164582291145	0
0.38871660830415206	0
0.38921675837918956	0
0.3897169084542271	0
0.3902170585292646	0
0.3907172086043021	0
0.39121735867933966	0
0.39171750875437716	0
0.3922176588294147	0
0.3927178089044522	0
0.3932179589794897	0
0.3937181090545272	0
0.39421825912956476	0
0.39471840920460227	0
0.3952185592796398	0
0.3957187093546773	0
0.3962188594297148	0
0.3967190095047523	0
0.39721915957978987	0
0.3977193096548274	0
0.3982194597298649	0
0.3987196098049024	0
0.3992197598799399	0
0.39971990995497747	0
0.400220060030015	0
0.4007202101050525	0
0.40122036018009	0
0.4017205102551275	0
0.402220660330165	0
0.4027208104052026	0
0.4032209604802401	0
0.4037211105552776	0
0.4042212606303151	0
0.4047214107053526	0
0.4052215607803902	0
0.4057217108554277	0
0.4062218609304652	0
0.4067220110055027	0
0.4072221610805402	0
0.4077223111555777	0
0.4082224612306153	0
0.4087226113056528	0
0.4092227613806903	0
0.4097229114557278	0
0.4102230615307653	0
0.4107232116058029	0
0.4112233616808404	0
0.4117235117558779	0
0.4122236618309154	0
0.4127238119059529	0
0.41322396198099043	0
0.413724112056028	0
0.4142242621310655	0
0.414724412206103	0
0.4152245622811405	0
0.41572471235617803	0
0.4162248624312156	0
0.4167250125062531	0
0.4172251625812906	0
0.4177253126563281	0
0.4182254627313656	0
0.41872561280640314	0
0.4192257628814407	0
0.4197259129564782	0
0.4202260630315157	0
0.4207262131065532	0
0.42122636318159073	0
0.42172651325662824	0
0.4222266633316658	0
0.4227268134067033	0
0.4232269634817408	0
0.42372711355677833	0
0.42422726363181584	0
0.4247274137068534	0
0.4252275637818909	0
0.4257277138569284	0
0.42622786393196593	0
0.42672801400700344	0
0.42722816408204095	0
0.4277283141570785	0
0.428228464232116	0
0.42872861430715353	0
0.42922876438219104	0
0.42972891445722855	0
0.4302290645322661	0
0.4307292146073036	0
0.43122936468234113	0
0.43172951475737864	0
0.43222966483241615	0
0.43272981490745366	0
0.4332299649824912	0
0.43373011505752873	0
0.43423026513256624	0
0.43473041520760375	0
0.43523056528264126	0
0.4357307153576788	0
0.43623086543271633	0
0.43673101550775384	0
0.43723116558279135	0
0.43773131565782886	0
0.43823146573286637	0
0.43873161580790393	0
0.43923176588294144	0
0.43973191595797895	0
0.44023206603301646	0
0.44073221610805396	0
0.4412323661830915	0
0.44173251625812904	0
0.44223266633316655	0
0.44273281640820406	0
0.44323296648324156	0
0.4437331165582791	0
0.44423326663331664	0
0.44473341670835415	0
0.44523356678339165	0
0.44573371685842916	0
0.44623386693346667	0
0.4467340170085042	0
0.44723416708354174	0
0.44773431715857925	0
0.44823446723361676	0
0.44873461730865427	0
0.4492347673836918	0
0.44973491745872934	0
0.45023506753376685	0
0.45073521760880436	0
0.45123536768384187	0
0.4517355177588794	0
0.4522356678339169	0
0.45273581790895445	0
0.45323596798399196	4.24328904806548E-06
0.45373611805902947	0.00018876613157904932
0.454236268134067	0.0012664226817031305
0.4547364182091045	0.0023367509834505812
0.45523656828414205	0.0034065117175374597
0.45573671835917956	0.0044757299138207755
0.45623686843421707	0.00554439752215571
0.4567370185092546	0.006612504948569332
0.4572371685842921	0.007680042951565423
0.4577373186593296	0.0087470020167805
0.45823746873436716	0.009813372612196726
0.45873761880940467	0.010879145205795917
0.4592377688844422	0.01194431026556024
0.4597379189594797	0.01300885801778378
0.4602380690345172	0.014072778764498917
0.4607382191095547	0.015136062610206327
0.46123836918459227	0.01619869957768484
0.4617385192596298	0.017260679689712934
0.4622386693346673	0.018321992969069435
0.4627388194097048	0.019382628884683048
0.4632389694847423	0.020442577719057435
0.46373911955977987	0.021501829641720968
0.4642392696348174	0.0225603739717678
0.4647394197098549	0.0236182000282924
0.4652395697848924	0.024675297130389143
0.4657397198599299	0.025731654597152424
0.4662398699349674	0.026787261747676608
0.466740020010005	0.02784210790105619
0.4672401700850425	0.028896182376385304
0.46774032016008	0.029949474492758435
0.4682404702351175	0.031001973569269987
0.468740620310155	0.03205366892501429
0.4692407703851926	0.03310454716159829
0.4697409204602301	0.03415459929749647
0.4702410705352676	0.03520381367814042
0.4707412206103051	0.03625217860030466
0.4712413706853426	0.03729968236076375
0.4717415207603801	0.03834631325629225
0.4722416708354177	0.03939205958366479
0.4727418209104552	0.040436909639655697
0.4732419709854927	0.041480851721039616
0.4737421210605302	0.042523874124591104
0.4742422711355677	0.043565965147084704
0.4747424212106053	0.04460711308529506
0.4752425712856428	0.04564730043331875
0.4757427213606803	0.04668651743359319
0.4762428714357178	0.04772475812358432
0.4767430215107553	0.04876200907101209
0.4772431715857928	0.0497982568435966
0.4777433216608304	0.05083348800905805
0.4782434717358679	0.051867689135116225
0.4787436218109054	0.05290084678949132
0.4792437718859429	0.05393294753990337
0.4797439219609804	0.05496397795407245
0.48024407203601793	0.05599392459971861
0.4807442221110555	0.05702277404456203
0.481244372186093	0.058050512856322525
0.4817445222611305	0.05907712760272027
0.482244672336168	0.06010260485147532
0.48274482241120553	0.06112693117030774
0.4832449724862431	0.06215009312693769
0.4837451225612806	0.06317207728908503
0.4842452726363181	0.06419287022446986
0.4847454227113556	0.06521245850081231
0.48524557278639313	0.06623082868583238
0.48574572286143064	0.06724796734725018
0.4862458729364682	0.06826386105278585
0.4867460230115057	0.0692784963701592
0.4872461730865432	0.07029185986709045
0.48774632316158073	0.07130392436369186
0.48824647323661824	0.07231467489001209
0.4887466233116558	0.07332410957781162
0.4892467733866933	0.07433221223296996
0.4897469234617308	0.075338966661367
0.49024707353676833	0.07634435666888247
0.49074722361180584	0.07734836606139611
0.49124737368684335	0.07835097864478772
0.4917475237618809	0.07935217822493712
0.4922476738369184	0.08035194860772389
0.49274782391195593	0.08135027359902784
0.49324797398699344	0.08234713700472876
0.49374812406203095	0.08334252263070638
0.4942482741370685	0.08433641428284055
0.494748424212106	0.08532879576701084
0.49524857428714353	0.0863196508890971
0.49574872436218104	0.08730896345497907
0.49624887443721855	0.08829671727053652
0.49674902451225605	0.0892828961416492
0.4972491745872936	0.09026748387419692
0.4977493246623311	0.09125046427405932
0.49824947473736864	0.09223182114711616
0.49874962481240614	0.09321153829924723
0.49924977488744365	0.09418959953633228
0.4997499249624812	0.09516598866425123
0.5002500750375187	0.09614061571935728
0.5007502251125562	0.09711347969492683
0.5012503751875937	0.09808464294457393
0.5017505252626313	0.09905408397553854
0.5022506753376688	0.10002178129506051
0.5027508254127063	0.10098771341038046
0.5032509754877438	0.10195185882873814
0.5037511255627813	0.10291419605737404
0.5042512756378189	0.1038747036035281
0.5047514257128564	0.10483335997444028
0.5052515757878939	0.10579014367735112
0.5057517258629314	0.10674503321950037
0.5062518759379689	0.10769800710812856
0.5067520260130065	0.1086490438504756
0.507252176088044	0.10959812195378145
0.5077523261630815	0.11054521992528664
0.508252476238119	0.11149031627223095
0.5087526263131565	0.11243338950185487
0.509252776388194	0.11337441812139813
0.5097529264632316	0.11431338063810131
0.5102530765382691	0.11525025555920432
0.5107532266133066	0.11618502139194711
0.5112533766883441	0.11711765664357024
0.5117535267633816	0.11804813982131343
0.5122536768384192	0.11897644943241718
0.5127538269134567	0.11990256398412148
0.5132539769884942	0.12082646198366628
0.5137541270635317	0.12174812193829204
0.5142542771385692	0.1226675223552386
0.5147544272136068	0.12358464174174641
0.5152545772886443	0.12449945860505553
0.5157547273636818	0.1254119514524057
0.5162548774387193	0.12632209879103765
0.5167550275137568	0.127229879128191
0.5172551775887944	0.12813527097110639
0.5177553276638318	0.12903825282702341
0.5182554777388694	0.12993880320318277
0.5187556278139069	0.13083690060682432
0.5192557778889444	0.13173252354518797
0.519755927963982	0.1326256505255143
0.5202560780390194	0.13351626005504308
0.520756228114057	0.13440433064101479
0.5212563781890945	0.13528984079066936
0.521756528264132	0.1361727690112468
0.5222566783391696	0.13705309380998762
0.522756828414207	0.13793079369413153
0.5232569784892446	0.1388058471709191
0.5237571285642821	0.13967823274759023
0.5242572786393196	0.14054792893138487
0.5247574287143572	0.14141491422954358
0.5252575787893946	0.14227898231992656
0.5257577288644322	0.14314011404255744
0.5262578789394697	0.14399845198818095
0.5267580290145072	0.14485396582493665
0.5272581790895448	0.14570662522096448
0.5277583291645822	0.14655639984440383
0.5282584792396198	0.1474032593633947
0.5287586293146572	0.1482471734460764
0.5292587793896948	0.14908811176058898
0.5297589294647324	0.14992604397507195
0.5302590795397698	0.15076093975766477
0.5307592296148074	0.15159276877650746
0.5312593796898448	0.15242150069973934
0.5317595297648824	0.15324710519550044
0.53225967983992	0.1540695519319303
0.5327598299149574	0.15488881057716838
0.533259979989995	0.15570485079935467
0.5337601300650324	0.15651764226662854
0.53426028014007	0.15732715464712999
0.5347604302151076	0.15813335760899855
0.535260580290145	0.15893622082037362
0.5357607303651826	0.15973571394939537
0.53626088044022	0.160531806664203
0.5367610305152576	0.1613244686329366
0.537261180590295	0.16211366952373546
0.5377613306653326	0.16289937900473955
0.5382614807403702	0.16368156674408849
0.5387616308154076	0.16446020240992168
0.5392617808904452	0.16523525567037922
0.5397619309654826	0.16600669619360034
0.5402620810405202	0.1667744936477251
0.5407622311155578	0.167538617700893
0.5412623811905952	0.1682990380212436
0.5417625312656328	0.16905572427691679
0.5422626813406702	0.16980864613605204
0.5427628314157078	0.17055777326678925
0.5432629814907454	0.17130307533726793
0.5437631315657828	0.17204452201562767
0.5442632816408204	0.17278208297000838
0.5447634317158578	0.1735157278685495
0.5452635817908954	0.17424542637939092
0.545763731865933	0.17497114817067222
0.5462638819409704	0.1756928629105329
0.546764032016008	0.17641054026711295
0.5472641820910454	0.17712414990855166
0.547764332166083	0.17783366150298918
0.5482644822411205	0.17853904471856472
0.548764632316158	0.17924026922341824
0.5492647823911956	0.1799373046856894
0.549764932466233	0.18063012077351762
0.5502650825412706	0.18132147381786012
0.550765232616308	0.18201086817310022
0.5512653826913456	0.1826952567142452
0.5517655327663832	0.18337463250399905
0.5522656828414206	0.18404898860506602
0.5527658329164582	0.1847183180801509
0.5532659829914957	0.18538261399195774
0.5537661330665332	0.186041869403191
0.5542662831415708	0.18669607737655516
0.5547664332166082	0.1873452309747542
0.5552665832916458	0.187989323260493
0.5557667333666833	0.18862834729647548
0.5562668834417208	0.18926229614540638
0.5567670335167583	0.18989116286998978
0.5572671835917958	0.1905149405329303
0.5577673336668334	0.19113362219693217
0.5582674837418709	0.19174720092469957
0.5587676338169084	0.19235566977893723
0.5592677838919459	0.19295902182234925
0.5597679339669834	0.1935572501176402
0.560268084042021	0.1941503477275143
0.5607682341170585	0.19473830771467596
0.561268384192096	0.1953211231418296
0.5617685342671335	0.19589878707167938
0.562268684342171	0.19647129256692997
0.5627688344172086	0.1970386326902856
0.563268984492246	0.1976008005044505
0.5637691345672836	0.19815778907212933
0.5642692846423211	0.1987095914560261
0.5647694347173586	0.19925620071884553
0.5652695847923962	0.19979760992329176
0.5657697348674336	0.2003338121320692
0.5662698849424712	0.20086480040788227
0.5667700350175087	0.20139056781343528
0.5672701850925462	0.20191110741143273
0.5677703351675837	0.20242641226457875
0.5682704852426212	0.20293647543557794
0.5687706353176588	0.2034412899871346
0.5692707853926963	0.20394084898195294
0.5697709354677338	0.20443514548273756
0.5702710855427713	0.20492417255219264
0.5707712356178088	0.20540792325302268
0.5712713856928464	0.2058863906479321
0.5717715357678839	0.206359567799625
0.5722716858429214	0.20682744777080606
0.5727718359179589	0.20729002362417934
0.5732719859929964	0.2077472884224495
0.573772136068034	0.2081992352283208
0.5742722861430715	0.20864585710449743
0.574772436218109	0.209087147113684
0.5752725862931465	0.20952309831858476
0.575772736368184	0.20995370378190417
0.5762728864432216	0.21037895656634653
0.5767730365182591	0.2107988497346161
0.5772731865932966	0.21121337634941748
0.5777733366683341	0.21162252947345478
0.5782734867433716	0.2120263021694326
0.5787736368184091	0.2124246875000552
0.5792737868934467	0.21281767852802697
0.5797739369684842	0.21320526831605235
0.5802740870435217	0.21358744992683543
0.5807742371185592	0.21396421642308092
0.5812743871935967	0.21433556086749295
0.5817745372686343	0.214701476322776
0.5822746873436718	0.21506195585163448
0.5827748374187093	0.21541699251677265
0.5832749874937468	0.21576657938089497
0.5837751375687843	0.21611070950670566
0.5842752876438219	0.21644937595690922
0.5847754377188594	0.21678257179421
0.5852755877938969	0.21711029008131233
0.5857757378689344	0.21743252388092058
0.5862758879439719	0.21774926625573912
0.5867760380190095	0.21806051026847237
0.5872761880940469	0.21836624898182466
0.5877763381690845	0.21866647545850035
0.588276488244122	0.21896118276120388
0.5887766383191595	0.21925036395263944
0.5892767883941971	0.21953401209551163
0.5897769384692345	0.2198121202525245
0.5902770885442721	0.22008468148638283
0.5907772386193096	0.22035168885979073
0.5912773886943471	0.22061313543545252
0.5917775387693847	0.2208690142760727
0.5922776888444221	0.22111931844435562
0.5927778389194597	0.22136404100300552
0.5932779889944972	0.22160317501472704
0.5937781390695347	0.22183671354222423
0.5942782891445723	0.2220646496482016
0.5947784392196097	0.22228697639536368
0.5952785892946473	0.22250368684641456
0.5957787393696848	0.22271477406405885
0.5962788894447223	0.2229202311110006
0.5967790395197599	0.22312005104994448
0.5972791895947973	0.2233142269435947
0.5977793396698349	0.22350275185465573
0.5982794897448723	0.22368561884583188
0.5987796398199099	0.2238628209798276
0.5992797898949475	0.22403435131934704
0.5997799399699849	0.22420020292709478
0.6002800900450225	0.22439327646607993
0.6007802401200599	0.22453944284065727
0.6012803901950975	0.22468316218732132
0.6017805402701351	0.22482445387321517
0.6022806903451725	0.22496333726548196
0.6027808404202101	0.2250998317312648
0.6032809904952475	0.22523395663770687
0.6037811405702851	0.22536573135195132
0.6042812906453227	0.22549517524114124
0.6047814407203601	0.2256223076724198
0.6052815907953977	0.2257471480129302
0.6057817408704351	0.22586971562981545
0.6062818909454727	0.22599002989021874
0.6067820410205101	0.2261081101612832
0.6072821910955477	0.22622397581015202
0.6077823411705853	0.2263376462039683
0.6082824912456227	0.22644914070987518
0.6087826413206603	0.2265584786950157
0.6092827913956977	0.22666567952653327
0.6097829414707353	0.22677076257157072
0.6102830915457729	0.22687374719727135
0.6107832416208103	0.2269746527707783
0.6112833916958479	0.22707349865923473
0.6117835417708853	0.2271703042297836
0.6122836918459229	0.22726508884956828
0.6127838419209605	0.22735787188573175
0.6132839919959979	0.22744867270541716
0.6137841420710355	0.22753751067576777
0.6142842921460729	0.2276244051639266
0.6147844422211105	0.22770937553703674
0.6152845922961481	0.22779244116224154
0.6157847423711855	0.22787362140668393
0.6162848924462231	0.2279529356375071
0.6167850425212605	0.22803040322185428
0.6172851925962981	0.22810604352686856
0.6177853426713356	0.228179875919693
0.6182854927463731	0.2282519197674709
0.6187856428214107	0.22832219443734517
0.6192857928964481	0.22839071929645907
0.6197859429714857	0.22845751371195588
0.6202860930465232	0.22852259705097852
0.6207862431215607	0.2285859886806702
0.6212863931965983	0.22864770796817407
0.6217865432716357	0.2287077742806333
0.6222866933466733	0.22876620698519093
0.6227868434217108	0.22882302544899016
0.6232869934967483	0.2288782490391742
0.6237871435717859	0.22893189712288603
0.6242872936468233	0.22898398906726894
0.6247874437218609	0.22903454423946598
0.6252875937968984	0.2290835820066203
0.6257877438719359	0.22913112173587505
0.6262878939469734	0.22917718279437332
0.6267880440220109	0.22922178454925835
0.6272881940970485	0.2292649463676733
0.627788344172086	0.2293066876167611
0.6282884942471235	0.22934702766366508
0.628788644322161	0.22938598587552825
0.6292887943971985	0.22942358161949392
0.6297889444722361	0.22945983426270503
0.6302890945472736	0.22949476317230483
0.6307892446223111	0.22952838771543646
0.6312893946973486	0.22956072725924298
0.6317895447723861	0.2295918011708676
0.6322896948474237	0.2296216288174535
0.6327898449224612	0.22965022956614373
0.6332899949974987	0.22967762278408146
0.6337901450725362	0.22970382783840979
0.6342902951475737	0.22972886409627188
0.6347904452226113	0.22975275092481098
0.6352905952976488	0.22977550769117003
0.6357907453726863	0.2297971537624923
0.6362908954477238	0.2298177085059209
0.6367910455227613	0.22983719128859897
0.6372911955977988	0.2298556214776696
0.6377913456728364	0.22987301844027608
0.6382914957478739	0.22988940154356124
0.6387916458229114	0.2299047901546685
0.6392917958979489	0.22991920364074103
0.6397919459729864	0.2299326613689217
0.640292096048024	0.2299451827063539
0.6407922461230615	0.22995678702018063
0.641292396198099	0.22996749367754504
0.6417925462731365	0.2299773220455903
0.642292696348174	0.22998629149145958
0.6427928464232116	0.22999442138229592
0.6432929964982491	0.23000173108524252
0.6437931465732866	0.23000823996744257
0.6442932966483241	0.2300139673960391
0.6447934467233616	0.23001893273817534
0.6452935967983991	0.23002315536099438
0.6457937468734366	0.2300266546316393
0.6462938969484742	0.2300294499172533
0.6467940470235117	0.23003156058497956
0.6472941970985492	0.23003300600196122
0.6477943471735867	0.2300338055353414
0.6482944972486242	0.23003397855226312
0.6487946473236618	0.23003354441986962
0.6492947973986993	0.23003252250530407
0.6497949474737368	0.23003093217570963
0.6502950975487743	0.23002879279822933
0.6507952476238118	0.23002612374000628
0.6512953976988494	0.2300229443681838
0.6517955477738869	0.23001927404990485
0.6522956978489244	0.23001513215231267
0.652795847923962	0.23001053804255037
0.6532959979989994	0.23000551108776104
0.653796148074037	0.23000007065508782
0.6542962981490745	0.22999423611167405
0.654796448224112	0.2299880268246626
0.6552965982991495	0.22998146216119672
0.655796748374187	0.22997456148841952
0.6562968984492246	0.22996734417347428
0.656797048524262	0.2299598295835039
0.6572971985992996	0.2299520370856517
0.6577973486743371	0.22994398604706076
0.6582974987493746	0.22993569583487414
0.6587976488244122	0.22992718581623517
0.6592977988994496	0.22991847535828677
0.6597979489744872	0.22990958382817223
0.6602980990495247	0.22990053059303464
0.6607982491245622	0.22989133502001707
0.6612983991995998	0.22988201647626272
0.6617985492746372	0.22987259432891477
0.6622986993496748	0.22986308794511637
0.6627988494247123	0.22985351669201048
0.6632989994997498	0.22984389993674048
0.6637991495747874	0.22983425704644936
0.6642992996498248	0.22982460738828028
0.6647994497248624	0.22981497032937637
0.6652995997998998	0.22980536523688078
0.6657997498749374	0.22979581147793668
0.666299899949975	0.2297863284196872
0.6668000500250124	0.2297769354292754
0.66730020010005	0.22976765187384454
0.6678003501750874	0.2297584971205377
0.668300500250125	0.22974949053649793
0.6688006503251626	0.22974065148886846
0.6693008004002	0.22973199934479252
0.6698009504752376	0.22972355347141307
0.670301100550275	0.22971533323587326
0.6708012506253126	0.22970735800531644
0.6713014007003502	0.2296996471468855
0.6718015507753876	0.22969222002772374
0.6723017008504252	0.2296850960149742
0.6728018509254626	0.22967829447578006
0.6733020010005002	0.22967183477728442
0.6738021510755378	0.22966573628663053
0.6743023011505752	0.2296600183709614
0.6748024512256128	0.22965470039742023
0.6753026013006502	0.2296498017331501
0.6758027513756878	0.22964534174529425
0.6763029014507252	0.22964133980099574
0.6768030515257628	0.22963781526739765
0.6773032016008004	0.22963478751164332
0.6778033516758378	0.22963227590087562
0.6783035017508754	0.22963029980223792
0.6788036518259128	0.2296288785828733
0.6793038019009504	0.22962803160992487
0.679803951975988	0.22962777825053576
0.6803041020510254	0.22962813787184908
0.680804252126063	0.229629129841008
0.6813044022011004	0.22963077352515568
0.681804552276138	0.2296330882914352
0.6823047023511756	0.22963609350698977
0.682804852426213	0.22963980853896246
0.6833050025012506	0.22964425275449651
0.683805152576288	0.22964944552073494
0.6843053026513256	0.22965540620482092
0.6848054527263631	0.22966215417389763
0.6853056028014006	0.22966970879510815
0.6858057528764382	0.22967808943559567
0.6863059029514756	0.2296873154625034
0.6868060530265132	0.22969740624297427
0.6873062031015507	0.2297083811441515
0.6878063531765882	0.22972025953317843
0.6883065032516258	0.22973306077719793
0.6888066533266632	0.2297468042433532
0.6893068034017008	0.2297615092987875
0.6898069534767383	0.22977719531064383
0.6903071035517758	0.22979388164606535
0.6908072536268134	0.2298115876721953
0.6913074037018508	0.22983033275617676
0.6918075537768884	0.22985013626515285
0.6923077038519259	0.22987101756626663
0.6928078539269634	0.22989299602666138
0.693308004002001	0.22991609101348015
0.6938081540770384	0.22994032189386618
0.694308304152076	0.2299657080349625
0.6948084542271135	0.22999226880391221
0.695308604302151	0.2300200235678586
0.6958087543771885	0.23004899169394477
0.696308904452226	0.23007919254931372
0.6968090545272636	0.2301106455011088
0.6973092046023011	0.2301433699164729
0.6978093546773386	0.23017738516254935
0.6983095047523761	0.2302127106064813
0.6988096548274136	0.23024936561541173
0.6993098049024512	0.23028736955648393
0.6998099549774887	0.23032674179684084
0.7003101050525262	0.23001210989018633
0.7008102551275637	0.23001149221843856
0.7013104052026012	0.23001088079526882
0.7018105552776388	0.23001027562067705
0.7023107053526763	0.23000967669466327
0.7028108554277138	0.23000908401722747
0.7033110055027513	0.23000849758836975
0.7038111555777888	0.23000791740808998
0.7043113056528263	0.2300073434763882
0.7048114557278639	0.23000677579326442
0.7053116058029014	0.23000621435871868
0.7058117558779389	0.2300056591727509
0.7063119059529764	0.23000511023536113
0.7068120560280139	0.23000456754654933
0.7073122061030515	0.2300040311063156
0.707812356178089	0.2300035009146598
0.7083125062531265	0.230002976971582
0.708812656328164	0.23000245927708227
0.7093128064032015	0.23000194783116046
0.709812956478239	0.2300014426338167
0.7103131065532766	0.23000094368505092
0.7108132566283141	0.23000045098486313
0.7113134067033516	0.22999996453325336
0.7118135567783891	0.2299994843302216
0.7123137068534267	0.22999901037576784
0.7128138569284642	0.22999854266989203
0.7133140070035017	0.22999808121259424
0.7138141570785392	0.22999762600387447
0.7143143071535767	0.2299971770437327
0.7148144572286143	0.22999673433216894
0.7153146073036517	0.22999629786918316
0.7158147573786893	0.22999586765477537
0.7163149074537268	0.2299954436889456
0.7168150575287643	0.2299950259716938
0.7173152076038019	0.22999461450302006
0.7178153576788393	0.22999420928292424
0.7183155077538769	0.22999381031140645
0.7188156578289144	0.22999341758846667
0.7193158079039519	0.2299930311141049
0.7198159579789895	0.22999265088832113
0.7203161080540269	0.22999227691111535
0.7208162581290645	0.22999190918248755
0.721316408204102	0.2299915477024378
0.7218165582791395	0.22999119247096597
0.722316708354177	0.2299908434880722
0.7228168584292145	0.2299905007537564
0.7233170085042521	0.22999016426801866
0.7238171585792896	0.22998983403085882
0.7243173086543271	0.22998951004227708
0.7248174587293646	0.22998919230227327
0.7253176088044021	0.2299888808108475
0.7258177588794397	0.2299885755679997
0.7263179089544771	0.22998827657372992
0.7268180590295147	0.22998798382803814
0.7273182091045522	0.22998769733092433
0.7278183591795897	0.22998741708238857
0.7283185092546273	0.22998714308243076
0.7288186593296647	0.22998687533105097
0.7293188094047023	0.2299866138282492
0.7298189594797398	0.2299863585740254
0.7303191095547773	0.22998610956837962
0.7308192596298149	0.22998586681131178
0.7313194097048523	0.22998563030282204
0.7318195597798899	0.2299854000429102
0.7323197098549274	0.22998517603157645
0.7328198599299649	0.22998495826882062
0.7333200100050025	0.22998474675464287
0.7338201600800399	0.22998454148904307
0.7343203101550775	0.2299843424720213
0.7348204602301149	0.22998414970357745
0.7353206103051525	0.2299839631837117
0.7358207603801901	0.22998378291242386
0.7363209104552275	0.22998360888971411
0.7368210605302651	0.22998344111558228
0.7373212106053025	0.2299832795900285
0.7378213606803401	0.22998312431305273
0.7383215107553777	0.22998297528465492
0.7388216608304151	0.22998283250483512
0.7393218109054527	0.22998269597359333
0.7398219609804901	0.22998256569092954
0.7403221110555277	0.2299824416568437
0.7408222611305653	0.22998232387133594
0.7413224112056027	0.22998221233440613
0.7418225612806403	0.22998210704605435
0.7423227113556777	0.22998200800628057
0.7428228614307153	0.22998191521508474
0.7433230115057529	0.22998182867246697
0.7438231615807903	0.2299817483784271
0.7443233116558279	0.22998167433296532
0.7448234617308653	0.22998160653608155
0.7453236118059029	0.22998154498777573
0.7458237618809404	0.22998148968804794
0.7463239119559779	0.22998144063689813
0.7468240620310155	0.2299813978343263
0.7473242121060529	0.22998136128033253
0.7478243621810905	0.22998133097491674
0.748324512256128	0.22998130691807891
0.7488246623311655	0.2299812891098191
0.7493248124062031	0.2299812775501373
0.7498249624812405	0.2299812722390335
0.7503251125562781	0.22998127317650768
0.7508252626313155	0.22998128036255985
0.7513254127063531	0.2299812937971901
0.7518255627813907	0.2299813134803983
0.7523257128564281	0.2299813394121845
0.7528258629314657	0.22998137159254864
0.7533260130065031	0.22998141002149083
0.7538261630815407	0.22998145469901105
0.7543263131565782	0.22998150562510924
0.7548264632316157	0.2299815627997854
0.7553266133066533	0.2299816262230396
0.7558267633816907	0.22998169589487183
0.7563269134567283	0.229981771815282
0.7568270635317658	0.2299818539842702
0.7573272136068033	0.22998194240183636
0.7578273636818409	0.22998203706798057
0.7583275137568783	0.22998213798270273
0.7588276638319159	0.22998224514600296
0.7593278139069534	0.22998235855788116
0.7598279639819909	0.22998247821833734
0.7603281140570285	0.2299826041273715
0.760828264132066	0.22998273628498367
0.7613284142071035	0.2299828746911739
0.761828564282141	0.22998301934594206
0.7623287143571785	0.22998317024928827
0.7628288644322161	0.22998332740121244
0.7633290145072535	0.22998349080171462
0.7638291645822911	0.22998366045079482
0.7643293146573286	0.22998383634845299
0.7648294647323661	0.22998401849468916
0.7653296148074036	0.22998420688950338
0.7658297648824411	0.22998440153289557
0.7663299149574787	0.22998460242486574
0.7668300650325162	0.2299848095654139
0.7673302151075537	0.22998502295454007
0.7678303651825912	0.22998524259224423
0.7683305152576287	0.22998546847852644
0.7688306653326663	0.22998570061338666
0.7693308154077038	0.22998593899682485
0.7698309654827413	0.22998618362884102
0.7703311155577788	0.22998643450943518
0.7708312656328163	0.22998669163860738
0.7713314157078539	0.22998695501635755
0.7718315657828914	0.2299872246426857
0.7723317158579289	0.2299875005175919
0.7728318659329664	0.22998778264107606
0.7733320160080039	0.22998807101313826
0.7738321660830414	0.22998836563377842
0.774332316158079	0.2299886665029966
0.7748324662331165	0.22998897362079276
0.775332616308154	0.22998928698716695
0.7758327663831915	0.22998960660211912
0.776332916458229	0.2299899324656493
0.7768330665332666	0.22999026457775748
0.7773332166083041	0.22999060293844367
0.7778333666833416	0.22999094754770785
0.7783335167583791	0.22999129840555002
0.7788336668334166	0.22999165551197015
0.7793338169084542	0.22999201886696838
0.7798339669834917	0.2299923884705445
0.7803341170585292	0.2299927643226987
0.7808342671335667	0.22999314642343088
0.7813344172086042	0.22999353477274104
0.7818345672836418	0.2299939293706292
0.7823347173586793	0.2299943302170954
0.7828348674337168	0.2299947373121395
0.7833350175087543	0.2299951506557617
0.7838351675837918	0.2299955702479619
0.7843353176588294	0.22999599608874008
0.7848354677338668	0.22999642817809626
0.7853356178089044	0.22999686651603038
0.7858357678839419	0.2299973111025425
0.7863359179589794	0.22999776193763272
0.786836068034017	0.22999821902130094
0.7873362181090544	0.22999868235354706
0.787836368184092	0.22999915193437123
0.7883365182591295	0.22999962776377342
0.788836668334167	0.23000010984175356
0.7893368184092046	0.23000059816831173
0.789836968484242	0.2300010927434479
0.7903371185592796	0.23000159356716204
0.7908372686343171	0.23000210063945425
0.7913374187093546	0.2300026139603244
0.7918375687843922	0.23000313352977256
0.7923377188594296	0.2300036593477987
0.7928378689344672	0.23000419141440284
0.7933380190095046	0.23000472972958502
0.7938381690845422	0.23000527429334522
0.7943383191595798	0.23000582510568335
0.7948384692346172	0.23000638216659952
0.7953386193096548	0.23000694547609365
0.7958387693846922	0.23000751503416583
0.7963389194597298	0.23000809084081603
0.7968390695347674	0.23000867289604418
0.7973392196098048	0.23000926119985032
0.7978393696848424	0.23000985575223445
0.7983395197598798	0.23001045655319663
0.7988396698349174	0.23001106360273682
0.799339819909955	0.23001167690085494
0.7998399699849924	0.2300122964475511
0.80034012006003	0.2299792528714039
0.8008402701350674	0.22997999870602265
0.801340420210105	0.22998072925335064
0.8018405702851426	0.22998144465005996
0.80234072036018	0.22998214503282288
0.8028408704352176	0.2299828305383115
0.803341020510255	0.22998350130319817
0.8038411705852926	0.22998415746415488
0.80434132066033	0.22998479915785394
0.8048414707353676	0.22998542652096765
0.8053416208104052	0.22998603969016795
0.8058417708854426	0.22998663880212722
0.8063419209604802	0.22998722399351756
0.8068420710355176	0.22998779540101125
0.8073422211105552	0.22998835316128036
0.8078423711855928	0.22998889741099723
0.8083425212606302	0.22998942828683389
0.8088426713356678	0.22998994592546265
0.8093428214107052	0.22999045046355562
0.8098429714857428	0.22999094203778503
0.8103431215607804	0.22999142078482315
0.8108432716358178	0.22999188684134203
0.8113434217108554	0.22999234034401395
0.8118435717858928	0.2299927814295111
0.8123437218609304	0.22999321023450567
0.8128438719359679	0.22999362689566977
0.8133440220110054	0.2299940315496757
0.813844172086043	0.22999442433319556
0.8143443221610804	0.22999480538290162
0.814844472236118	0.22999517483546605
0.8153446223111555	0.22999553282756102
0.815844772386193	0.22999587949585876
0.8163449224612306	0.22999621497703138
0.816845072536268	0.22999653940775117
0.8173452226113056	0.22999685292469021
0.817845372686343	0.22999715566452086
0.8183455227613806	0.22999744776391515
0.8188456728364182	0.22999772935954535
0.8193458229114556	0.22999800058808365
0.8198459729864932	0.2299982615862022
0.8203461230615307	0.22999851249057326
0.8208462731365682	0.2299987534378689
0.8213464232116058	0.2299989845647614
0.8218465732866432	0.22999920600792306
0.8223467233616808	0.2299994179040258
0.8228468734367183	0.2299996203897421
0.8233470235117558	0.22999981360174393
0.8238471735867933	0.22999999767670357
0.8243473236618308	0.23000017275129328
0.8248474737368684	0.23000033896218514
0.8253476238119059	0.2300004964460514
0.8258477738869434	0.23000064533956424
0.8263479239619809	0.23000078577939578
0.8268480740370184	0.23000091790221833
0.827348224112056	0.23000104184470405
0.8278483741870934	0.23000115774352511
0.828348524262131	0.23000126573535368
0.8288486743371685	0.23000136595686194
0.829348824412206	0.2300014585447222
0.8298489744872436	0.2300015436356065
0.830349124562281	0.23000162136618713
0.8308492746373186	0.2300016918731363
0.8313494247123561	0.23000175529312608
0.8318495747873936	0.2300018117628288
0.8323497248624312	0.2300018614189165
0.8328498749374686	0.23000190439806154
0.8333500250125062	0.230001940836936
0.8338501750875437	0.23000197087221205
0.8343503251625812	0.23000199464056204
0.8348504752376187	0.23000201227865802
0.8353506253126562	0.23000202392317215
0.8358507753876938	0.23000202971077674
0.8363509254627313	0.2300020297781439
0.8368510755377688	0.23000202426194588
0.8373512256128063	0.2300020132988548
0.8378513756878438	0.23000199702554297
0.8383515257628814	0.23000197557868252
0.8388516758379189	0.23000194909494553
0.8393518259129564	0.2300019177110043
0.8398519759879939	0.23000188156353116
0.8403521260630314	0.23000184078919803
0.840852276138069	0.23000179552467725
0.8413524262131065	0.23000174590664094
0.841852576288144	0.23000169207176138
0.8423527263631815	0.2300016341567107
0.842852876438219	0.23000157229816112
0.8433530265132565	0.23000150663278487
0.8438531765882941	0.2300014372972541
0.8443533266633316	0.23000136442824096
0.8448534767383691	0.23000128816241763
0.8453536268134066	0.23000120863645634
0.8458537768884441	0.2300011259870294
0.8463539269634817	0.2300010403508088
0.8468540770385192	0.23000095186446687
0.8473542271135567	0.23000086066467573
0.8478543771885942	0.23000076688810767
0.8483545272636317	0.23000067067143468
0.8488546773386693	0.23000057215132919
0.8493548274137068	0.23000047146446323
0.8498549774887443	0.230000368747509
0.8503551275637818	0.23000026413713884
0.8508552776388193	0.23000015777002478
0.8513554277138569	0.23000004978283914
0.8518555777888944	0.22999994031225393
0.8523557278639319	0.22999982949494155
0.8528558779389694	0.22999971746757406
0.8533560280140069	0.22999960436682368
0.8538561780890445	0.22999949032936254
0.8543563281640819	0.22999937549186297
0.8548564782391195	0.22999925999099713
0.855356628314157	0.22999914396343707
0.8558567783891945	0.22999902754585513
0.8563569284642321	0.22999891087492355
0.8568570785392695	0.22999879408731436
0.8573572286143071	0.22999867731969975
0.8578573786893446	0.22999856070875202
0.8583575287643821	0.22999844439114334
0.8588576788394197	0.22999832850354585
0.8593578289144571	0.22999821318263178
0.8598579789894947	0.22999809856507336
0.8603581290645322	0.2299979847875428
0.8608582791395697	0.2299978719867121
0.8613584292146073	0.22999776029925362
0.8618585792896447	0.22999764986183954
0.8623587293646823	0.22999754081114201
0.8628588794397197	0.2299974332838332
0.8633590295147573	0.2299973274165854
0.8638591795897949	0.22999722334607073
0.8643593296648323	0.22999712120896126
0.8648594797398699	0.22999702114192946
0.8653596298149073	0.2299969232816474
0.8658597798899449	0.22999682776478717
0.8663599299649825	0.229996734728021
0.8668600800400199	0.22999664430802128
0.8673602301150575	0.22999655664145993
0.8678603801900949	0.22999647186500918
0.8683605302651325	0.22999639011534143
0.86886068034017	0.22999631152912872
0.8693608304152075	0.22999623624304322
0.8698609804902451	0.2299961643937571
0.8703611305652825	0.2299960961179427
0.8708612806403201	0.22999603155227213
0.8713614307153577	0.2299959708334175
0.8718615807903951	0.22999591409805115
0.8723617308654327	0.22999586148284518
0.8728618809404701	0.2299958131244718
0.8733620310155077	0.22999576915960313
0.8738621810905451	0.2299957297249115
0.8743623311655827	0.22999569495706904
0.8748624812406203	0.22999566499274793
0.8753626313156577	0.22999563996862032
0.8758627813906953	0.22999562002135848
0.8763629314657327	0.22999560528763463
0.8768630815407703	0.2299955959041208
0.8773632316158079	0.22999559200748934
0.8778633816908453	0.22999559373441236
0.8783635317658829	0.22999560122156204
0.8788636818409203	0.2299956146056107
0.8793638319159579	0.22999563402323042
0.8798639819909955	0.22999565961109342
0.8803641320660329	0.22999569150587182
0.8808642821410705	0.2299957298442379
0.8813644322161079	0.22999577476286392
0.8818645822911455	0.22999582639842187
0.882364732366183	0.2299958848875841
0.8828648824412205	0.2299959503670227
0.8833650325162581	0.22999602297340999
0.8838651825912955	0.22999610284341804
0.8843653326663331	0.229996190113719
0.8848654827413706	0.2299962849209853
0.8853656328164081	0.22999638740188896
0.8858657828914457	0.22999649769310213
0.8863659329664831	0.22999661593129708
0.8868660830415207	0.229996742253146
0.8873662331165582	0.22999687679532108
0.8878663831915957	0.22999701969449443
0.8883665332666333	0.22999717108733836
0.8888666833416707	0.22999733111052503
0.8893668334167083	0.22999749990072657
0.8898669834917458	0.22999767759461523
0.8903671335667833	0.22999786432886324
0.8908672836418209	0.22999806024014263
0.8913674337168583	0.22999826546512578
0.8918675837918959	0.22999848014048477
0.8923677338669334	0.22999870440289183
0.8928678839419709	0.22999893838901916
0.8933680340170084	0.22999918223553886
0.8938681840920459	0.22999943607912332
0.8943683341670835	0.22999970005644454
0.894868484242121	0.2299999743041748
0.8953686343171585	0.2300002589589863
0.895868784392196	0.23000055415755116
0.8963689344672335	0.2300008600365416
0.8968690845422711	0.23000117673262988
0.8973692346173086	0.23000150438248812
0.8978693846923461	0.2300018431227885
0.8983695347673836	0.23000219309020328
0.8988696848424211	0.23000255442140463
0.8993698349174587	0.2300029272530647
0.8998699849924962	0.23000331172185567
0.9003701350675337	0.2300002200512556
0.9008702851425712	0.23000020708229166
0.9013704352176087	0.23000019427930174
0.9018705852926462	0.23000018164172356
0.9023707353676838	0.23000016916899466
0.9028708854427213	0.23000015686055272
0.9033710355177588	0.2300001447158352
0.9038711855927963	0.2300001327342799
0.9043713356678338	0.23000012091532443
0.9048714857428714	0.23000010925840625
0.9053716358179089	0.23000009776296304
0.9058717858929464	0.2300000864284325
0.9063719359679839	0.23000007525425217
0.9068720860430214	0.2300000642398597
0.907372236118059	0.23000005338469257
0.9078723861930965	0.2300000426881887
0.908372536268134	0.2300000321497854
0.9088726863431715	0.2300000217689204
0.909372836418209	0.23000001154503139
0.9098729864932465	0.2300000014775559
0.9103731365682841	0.2299999915659315
0.9108732866433216	0.22999998180959585
0.9113734367183591	0.22999997220798668
0.9118735867933966	0.22999996276054147
0.9123737368684341	0.22999995346669777
0.9128738869434716	0.22999994432589346
0.9133740370185092	0.22999993533756596
0.9138741870935467	0.22999992650115278
0.9143743371685842	0.22999991781609183
0.9148744872436217	0.22999990928182043
0.9153746373186592	0.22999990089777653
0.9158747873936968	0.22999989266339746
0.9163749374687343	0.22999988457812084
0.9168750875437718	0.22999987664138452
0.9173752376188093	0.22999986885262583
0.9178753876938468	0.2299998612112826
0.9183755377688844	0.22999985371679246
0.9188756878439219	0.22999984636859272
0.9193758379189594	0.22999983916612138
0.919875987993997	0.2299998321088158
0.9203761380690344	0.22999982519611376
0.920876288144072	0.22999981842745273
0.9213764382191094	0.2299998118022704
0.921876588294147	0.22999980532000444
0.9223767383691845	0.22999979898009235
0.922876888444222	0.2299997927819718
0.9233770385192596	0.22999978672508045
0.923877188594297	0.22999978080885583
0.9243773386693346	0.2299997750327356
0.9248774887443721	0.22999976939615738
0.9253776388194096	0.2299997638985588
0.9258777888944472	0.22999975853937743
0.9263779389694846	0.2299997533180509
0.9268780890445222	0.2299997482340169
0.9273782391195597	0.2299997432867129
0.9278783891945972	0.22999973847557664
0.9283785392696348	0.22999973380004574
0.9288786893446722	0.22999972925955767
0.9293788394197098	0.2299997248535502
0.9298789894947473	0.22999972058146084
0.9303791395697848	0.22999971644272735
0.9308792896448224	0.22999971243678718
0.9313794397198598	0.22999970856307797
0.9318795897948974	0.2299997048210375
0.9323797398699348	0.22999970121010327
0.9328798899449724	0.22999969772971274
0.93338004002001	0.22999969437930382
0.9338801900950474	0.22999969115831384
0.934380340170085	0.22999968806618074
0.9348804902451224	0.2299996851023419
0.93538064032016	0.2299996822662349
0.9358807903951976	0.2299996795572976
0.936380940470235	0.22999967697496734
0.9368810905452726	0.2299996745186819
0.93738124062031	0.22999967218787887
0.9378813906953476	0.22999966998199578
0.9383815407703852	0.2299996679004704
0.9388816908454226	0.2299996659427402
0.9393818409204602	0.22999966410824285
0.9398819909954976	0.2299996623964161
0.9403821410705352	0.22999966080669723
0.9408822911455726	0.22999965933852423
0.9413824412206102	0.2299996579913345
0.9418825912956478	0.22999965676456574
0.9423827413706852	0.22999965565765548
0.9428828914457228	0.22999965467004133
0.9433830415207602	0.22999965380116108
0.9438831915957978	0.22999965305045217
0.9443833416708354	0.22999965241735223
0.9448834917458728	0.22999965190129903
0.9453836418209104	0.22999965150172996
0.9458837918959478	0.22999965121808283
0.9463839419709854	0.2299996510497951
0.946884092046023	0.22999965099630454
0.9473842421210604	0.22999965105704864
0.947884392196098	0.22999965123146507
0.9483845422711354	0.2299996515189915
0.948884692346173	0.22999965191906546
0.9493848424212106	0.2299996524311245
0.949884992496248	0.22999965305460637
0.9503851425712856	0.22999965378894868
0.950885292646323	0.22999965463358896
0.9513854427213606	0.2299996555879649
0.9518855927963981	0.22999965665151406
0.9523857428714356	0.22999965782367413
0.9528858929464732	0.22999965910388262
0.9533860430215106	0.22999966049157725
0.9538861930965482	0.22999966198619562
0.9543863431715857	0.22999966358717516
0.9548864932466232	0.2299996652939538
0.9553866433216608	0.22999966710596897
0.9558867933966982	0.22999966902265825
0.9563869434717358	0.22999967104345936
0.9568870935467733	0.22999967316780984
0.9573872436218108	0.22999967539514743
0.9578873936968484	0.22999967772490956
0.9583875437718858	0.22999968015653394
0.9588876938469234	0.2299996826894583
0.9593878439219609	0.22999968532312
0.9598879939969984	0.22999968805695686
0.9603881440720359	0.22999969089040642
0.9608882941470734	0.22999969382290633
0.961388444222111	0.22999969685389418
0.9618885942971485	0.22999969998280756
0.962388744372186	0.2299997032090842
0.9628888944472235	0.2299997065321616
0.963389044522261	0.22999970995147728
0.9638891945972986	0.22999971346646914
0.9643893446723361	0.22999971707657457
0.9648894947473736	0.22999972078123124
0.9653896448224111	0.22999972457987686
0.9658897948974486	0.22999972847194888
0.9663899449724862	0.22999973245688504
0.9668900950475237	0.2299997365341229
0.9673902451225612	0.2299997407031
0.9678903951975987	0.2299997449632542
0.9683905452726362	0.2299997493140229
0.9688906953476738	0.22999975375484377
0.9693908454227113	0.22999975828515448
0.9698909954977488	0.22999976290439259
0.9703911455727863	0.2299997676119957
0.9708912956478238	0.22999977240740138
0.9713914457228613	0.22999977729004747
0.9718915957978989	0.22999978225937126
0.9723917458729364	0.22999978731481063
0.9728918959479739	0.22999979245580318
0.9733920460230114	0.22999979768178636
0.9738921960980489	0.22999980299219785
0.9743923461730865	0.22999980838647535
0.974892496248124	0.22999981386405643
0.9753926463231615	0.22999981942437864
0.975892796398199	0.22999982506687963
0.9763929464732365	0.22999983079099703
0.976893096548274	0.22999983659616854
0.9773932466233116	0.22999984248183164
0.9778933966983491	0.22999984844742402
0.9783935467733866	0.22999985449238328
0.9788936968484241	0.22999986061614702
0.9793938469234617	0.22999986681815282
0.9798939969984992	0.22999987309783843
0.9803941470735367	0.22999987945464134
0.9808942971485742	0.22999988588799922
0.9813944472236117	0.2299998923973496
0.9818945972986493	0.22999989898213027
0.9823947473736867	0.22999990564177866
0.9828948974487243	0.2299999123757325
0.9833950475237618	0.22999991918342935
0.9838951975987993	0.2299999260643069
0.9843953476738369	0.22999993301780267
0.9848954977488743	0.22999994004335428
0.9853956478239119	0.22999994714039948
0.9858957978989494	0.2299999543083757
0.9863959479739869	0.22999996154672067
0.9868960980490245	0.229999968854872
0.9873962481240619	0.22999997623226726
0.9878963981990995	0.22999998367834412
0.988396548274137	0.2299999911925401
0.9888966983491745	0.229999998774293
0.989396848424212	0.2300000064230403
0.9898969984992495	0.23000001413821952
0.9903971485742871	0.2300000219192685
0.9908972986493245	0.23000002976562473
0.9913974487243621	0.23000003767672578
0.9918975987993996	0.23000004565200938
0.9923977488744371	0.23000005369091311
0.9928978989494747	0.23000006179287455
0.9933980490245121	0.2300000699573313
0.9938981990995497	0.230000078183721
0.9943983491745872	0.2300000864714814
0.9948984992496247	0.23000009482004988
0.9953986493246623	0.2300001032288642
0.9958987993996997	0.23000011169736195
0.9963989494747373	0.2300001202249807
0.9968990995497748	0.23000012881115814
0.9973992496248123	0.2300001374553318
0.9978993996998499	0.2300001461569394
0.9983995497748873	0.23000015491541848
0.9988996998499249	0.23000016373020668
0.9993998499249624	0.23000017260074165
0.9999	0.23000018152646087
