Var1 Var2
2e-05 300.00012360927
0.000130888888888889 300.000455212707
0.000241777777777778 300.000531955694
0.000352666666666667 300.0005905087
0.000463555555555556 300.000867542192
0.000574444444444444 300.001599726639
0.000685333333333333 300.003482743293
0.000796222222222222 300.006759296525
0.000907111111111111 300.009975980995
0.001018 300.015807442503
0.00112888888888889 300.026928326848
0.00123977777777778 300.046013279828
0.00135066666666667 300.079680733716
0.00146155555555556 300.135981474343
0.00157244444444444 300.207441290806
0.00168333333333333 300.32812793459
0.00179422222222222 300.532109157178
0.00190511111111111 300.853452710055
0.002016 301.342749444365
0.00212688888888889 302.090151109688
0.00223777777777778 303.140458261185
0.00234866666666667 304.722018284133
0.00245955555555556 307.063178563812
0.00257044444444444 310.3922864855
0.00268133333333333 314.936388931934
0.00279222222222222 321.134993866502
0.00290311111111111 329.486632894463
0.003014 340.317428129706
0.00312488888888889 353.953501686118
0.00323577777777778 370.720975677586
0.00334666666666667 390.916693659113
0.00345755555555556 414.561722121556
0.00356844444444444 441.707750510479
0.00367933333333333 472.112681027954
0.00379022222222222 505.534415876048
0.00390111111111111 541.730857256831
0.004012 580.453722375838
0.00412288888888889 621.291817623086
0.00423377777777778 663.904502624269
0.00434466666666667 708.004849184009
0.00445555555555556 753.305929106927
0.00456644444444445 799.520814197647
0.00467733333333333 846.368679815056
0.00478822222222222 893.631254325184
0.00489911111111111 941.059971257702
0.00501 988.489414265681
0.00512088888888889 1035.75416700219
0.00523177777777778 1082.68881312031
0.00534266666666667 1129.13208183306
0.00545355555555556 1174.97958977736
0.00556444444444445 1220.09807189391
0.00567533333333333 1264.40929424812
0.00578622222222222 1307.8350229054
0.00589711111111111 1350.29702393115
0.006008 1391.71925800569
0.00611888888888889 1432.06353667226
0.00622977777777778 1471.27348086955
0.00634066666666667 1509.32446069114
0.00645155555555556 1546.19184623063
0.00656244444444445 1581.85100758159
0.00667333333333333 1616.26286659247
0.00678422222222222 1649.43931393052
0.00689511111111111 1680.85218627726
0.007006 1709.0064513493
0.00711688888888889 1730.38103740177
0.00722777777777778 1738.56644367356
0.00733866666666667 1726.40604999782
0.00744955555555556 1690.33279044998
0.00756044444444445 1632.88743548461
0.00767133333333333 1560.03580330659
0.00778222222222222 1477.92020884046
0.00789311111111111 1390.88838521786
0.008004 1302.2061633648
0.00811488888888889 1214.46280227684
0.00822577777777778 1128.72069341813
0.00833666666666667 1045.32718162814
0.00844755555555556 964.62961174635
0.00855844444444444 886.975328612212
0.00866933333333333 812.712392198006
0.00878022222222222 742.259773040461
0.00889111111111111 676.096329892446
0.009002 614.664935903428
0.00911288888888889 558.408464222876
0.00922377777777778 507.76978800026
0.00933466666666667 463.188987876473
0.00944555555555556 424.841655560683
0.00955644444444445 393.053166136575
0.00966733333333333 367.314240328202
0.00977822222222222 347.115598859613
0.00988911111111111 331.947962454859
0.01 321.295826287151
0.0101108888888889 313.787744222353
0.0102217777777778 308.592903269557
0.0103326666666667 305.217205158717
0.0104435555555556 303.166551619788
0.0105544444444444 301.946844382724
0.0106653333333333 301.06398517748
0.0107762222222222 300.603156628868
0.0108871111111111 300.320092571703
0.010998 300.166934608056
0.0111088888888889 300.097113669717
0.0112197777777778 300.064060688474
0.0113306666666667 300.021206596115
0.0114415555555556 300.009993942669
0.0115524444444444 300.004363565499
0.0116633333333333 300.002075879284
0.0117742222222222 300.001583927081
0.0118851111111111 300.001340751945
0.011996 299.999799396934
0.0121068888888889 299.999848334639
0.0122177777777778 299.999936288704
0.0123286666666667 299.999992551936
0.0124395555555556 300.000019243052
0.0125504444444444 300.00001848077
0.0126613333333333 299.999992383805
0.0127722222222222 300.000010952737
0.0128831111111111 300.000013228211
0.012994 300.000004898764
0.0131048888888889 299.999996307543
0.0132157777777778 299.999997797691
0.0133266666666667 300.000019712354
0.0134375555555556 300.000024147222
0.0135484444444444 300.000015877846
0.0136593333333333 300.000004073606
0.0137702222222222 299.999995898584
0.0138811111111111 299.999998516863
0.013992 300.000019092527
0.0141028888888889 300.000020632306
0.0142137777777778 300.00001361045
0.0143246666666667 300.000005389278
0.0144355555555556 300.000000182069
0.0145464444444444 300.000002202107
0.0146573333333333 300.000015662672
0.0147682222222222 300.000014511817
0.0148791111111111 300.000010596112
0.01499 300.000007572406
0.0151008888888889 300.000006263083
0.0152117777777778 300.000007490523
0.0153226666666667 300.00001207711
0.0154335555555556 300.000008776852
0.0155444444444444 300.000008537491
0.0156553333333333 300.000010634797
0.0157662222222222 300.000012841509
0.0158771111111111 300.00001293037
0.015988 300.000008674118
0.0160988888888889 300.000004418942
0.0162097777777778 300.00000747462
0.0163206666666667 300.000013289005
0.0164315555555556 300.000017818108
0.0165424444444444 300.000017017939
0.0166533333333333 300.000006844508
0.0167642222222222 300.000002293607
0.0168751111111111 300.000007448497
0.016986 300.000015134425
0.0170968888888889 300.000020665628
0.0172077777777778 300.000019356342
0.0173186666666667 300.000006520805
0.0174295555555556 300.000002820586
0.0175404444444444 300.000008557003
0.0176513333333333 300.000015662989
0.0177622222222222 300.00002038223
0.0178731111111111 300.000018958412
0.017984 300.000007635224
0.0180948888888889 300.000003556795
0.0182057777777778 300.000009496491
0.0183166666666667 300.000016814678
0.0184275555555556 300.000021579985
0.0185384444444444 300.00001986104
0.0186493333333333 300.000007726474
0.0187602222222222 300.000005215439
0.0188711111111111 300.000010891845
0.018982 300.000015980884
0.0190928888888889 300.000017851223
0.0192037777777778 300.000013871529
0.0193146666666667 300.00000141047
0.0194255555555556 299.999986795397
0.0195364444444444 299.99999055545
0.0196473333333333 300.000001790667
0.0197582222222222 300.000013063094
0.0198691111111111 300.000016934775
0.01998 300.000005967757
