1.0000000000000000E+000 1.4753399999999999E+001
9.7660000000000002E-001 1.2067000000000000E+001
9.6879999999999999E-001 9.4949600000000007E+000
9.6089999999999998E-001 6.9596799999999996E+000
9.5309999999999995E-001 4.8575400000000002E+000
8.5160000000000002E-001 1.7620000000000000E+000
7.3440000000000005E-001 2.0912099999999998E+000
6.1719999999999997E-001 2.0653899999999998E+000
5.0000000000000000E-001 2.0672199999999998E+000
4.5310000000000000E-001 2.0621499999999999E+000
2.8129999999999999E-001 2.2677200000000002E+000
1.7190000000000000E-001 1.0546700000000000E+000
1.0160000000000000E-001 -1.6343600000000000E+000
7.0300000000000001E-002 -2.2017500000000001E+000
6.2500000000000000E-002 -2.3178600000000000E+000
5.4699999999999999E-002 -2.4496000000000002E+000
0.0000000000000000E+000 -4.1664800000000000E+000
