0.0000000000000000E+000 -4.1641626954928919E+000
1.1111111111111112E-002 -3.7340405073611702E+000
2.2222222222222223E-002 -3.3300510000268950E+000
3.3333333333333333E-002 -2.9646137627084612E+000
4.4444444444444446E-002 -2.6637567049868833E+000
5.5555555555555559E-002 -2.4355925791215061E+000
6.6666666666666666E-002 -2.2559198859588192E+000
7.7777777777777779E-002 -2.0929562107937154E+000
8.8888888888888892E-002 -1.9089117176414101E+000
1.0000000000000001E-001 -1.6734394654217335E+000
1.1111111111111112E-001 -1.3705240194472965E+000
1.2222222222222223E-001 -9.9708810295201300E-001
1.3333333333333333E-001 -5.6600381816327694E-001
1.4444444444444446E-001 -9.7016327012242887E-002
1.5555555555555556E-001 3.8418382441939652E-001
1.6666666666666669E-001 8.4743262977141398E-001
1.7777777777777778E-001 1.2716158709295027E+000
1.8888888888888888E-001 1.6356967924167640E+000
2.0000000000000001E-001 1.9251563980973085E+000
2.1111111111111111E-001 2.1385061089641861E+000
2.2222222222222224E-001 2.2789176336002228E+000
2.3333333333333334E-001 2.3548894416132273E+000
2.4444444444444446E-001 2.3804176161294803E+000
2.5555555555555559E-001 2.3682643829380843E+000
2.6666666666666666E-001 2.3321722082898964E+000
2.7777777777777779E-001 2.2842206067847508E+000
2.8888888888888892E-001 2.2326762347366618E+000
2.9999999999999999E-001 2.1835656187274624E+000
3.1111111111111112E-001 2.1411224638439719E+000
3.2222222222222224E-001 2.1072282505520055E+000
3.3333333333333337E-001 2.0816579381832190E+000
3.4444444444444444E-001 2.0639399994634502E+000
3.5555555555555557E-001 2.0530222725737133E+000
3.6666666666666670E-001 2.0472723205787573E+000
3.7777777777777777E-001 2.0453725326544210E+000
3.8888888888888890E-001 2.0460726260378852E+000
4.0000000000000002E-001 2.0482614820777729E+000
4.1111111111111115E-001 2.0512854678407413E+000
4.2222222222222222E-001 2.0545405411902422E+000
4.3333333333333335E-001 2.0576123194456963E+000
4.4444444444444448E-001 2.0603405483465860E+000
4.5555555555555555E-001 2.0626205588820912E+000
4.6666666666666667E-001 2.0644084124697790E+000
4.7777777777777780E-001 2.0657304705214754E+000
4.8888888888888893E-001 2.0666489554680751E+000
5.0000000000000000E-001 2.0672227267293009E+000
5.1111111111111118E-001 2.0675127222922902E+000
5.2222222222222225E-001 2.0675832772297462E+000
5.3333333333333333E-001 2.0674841016862420E+000
5.4444444444444451E-001 2.0672574752941979E+000
5.5555555555555558E-001 2.0669488604453945E+000
5.6666666666666665E-001 2.0665881118871132E+000
5.7777777777777783E-001 2.0662062952686875E+000
5.8888888888888891E-001 2.0658549354270628E+000
5.9999999999999998E-001 2.0655702942116902E+000
6.1111111111111116E-001 2.0654101127814175E+000
6.2222222222222223E-001 2.0654381199212191E+000
6.3333333333333330E-001 2.0657507893016005E+000
6.4444444444444449E-001 2.0664261166455882E+000
6.5555555555555556E-001 2.0675529153682475E+000
6.6666666666666674E-001 2.0692683379581838E+000
6.7777777777777781E-001 2.0716075786659411E+000
6.8888888888888888E-001 2.0745938000333757E+000
7.0000000000000007E-001 2.0782399339498916E+000
7.1111111111111114E-001 2.0823918923545470E+000
7.2222222222222221E-001 2.0867411146931900E+000
7.3333333333333339E-001 2.0908488434311789E+000
7.4444444444444446E-001 2.0940226020261496E+000
7.5555555555555554E-001 2.0952854505303886E+000
7.6666666666666672E-001 2.0933023677478308E+000
7.7777777777777779E-001 2.0866222291313692E+000
7.8888888888888897E-001 2.0732124932536280E+000
8.0000000000000004E-001 2.0509602637208455E+000
8.1111111111111112E-001 2.0175250287540112E+000
8.2222222222222230E-001 1.9701985434155409E+000
8.3333333333333337E-001 1.9068319557421542E+000
8.4444444444444444E-001 1.8252650202432894E+000
8.5555555555555562E-001 1.7232029814985494E+000
8.6666666666666670E-001 1.6003979354792663E+000
8.7777777777777777E-001 1.4593876433758943E+000
8.8888888888888895E-001 1.3084832422715713E+000
9.0000000000000002E-001 1.1731538406537787E+000
9.1111111111111109E-001 1.1130944446147641E+000
9.2222222222222228E-001 1.2654896659924788E+000
9.3333333333333335E-001 1.8389280944158013E+000
9.4444444444444453E-001 3.1418442073354189E+000
9.5555555555555560E-001 5.4629213261869669E+000
9.6666666666666667E-001 8.7746156162983127E+000
9.7777777777777786E-001 1.2414586750217955E+001
9.8888888888888893E-001 1.4943942555914287E+001
1.0000000000000000E+000 1.4774795095635984E+001
