0.0000000000000000E+000 -5.4426222294434430E+000
1.1111111111111112E-002 -7.0040222396435370E+000
2.2222222222222223E-002 -8.1043959897449742E+000
3.3333333333333333E-002 -8.4353511052197074E+000
4.4444444444444446E-002 -7.8405575569708246E+000
5.5555555555555559E-002 -6.3573593193799809E+000
6.6666666666666666E-002 -4.2818448679539944E+000
7.7777777777777779E-002 -1.9969739344612807E+000
8.8888888888888892E-002 1.3486206066842318E-001
1.0000000000000001E-001 1.7879911845013945E+000
1.1111111111111112E-001 2.8733670344364932E+000
1.2222222222222223E-001 3.3960149549522134E+000
1.3333333333333333E-001 3.5041810795781561E+000
1.4444444444444446E-001 3.3592029618252055E+000
1.5555555555555556E-001 3.0873398291609382E+000
1.6666666666666669E-001 2.7876833131197380E+000
1.7777777777777778E-001 2.5191605703298050E+000
1.8888888888888888E-001 2.3052679176946711E+000
2.0000000000000001E-001 2.1548970105163936E+000
2.1111111111111111E-001 2.0579248917269721E+000
2.2222222222222224E-001 2.0022665753587456E+000
2.3333333333333334E-001 1.9773949301457212E+000
2.4444444444444446E-001 1.9726340042653683E+000
2.5555555555555559E-001 1.9792866269148395E+000
2.6666666666666666E-001 1.9917452207300139E+000
2.7777777777777779E-001 2.0064049148491412E+000
2.8888888888888892E-001 2.0206218994360099E+000
2.9999999999999999E-001 2.0333209396456797E+000
3.1111111111111112E-001 2.0439301543690513E+000
3.2222222222222224E-001 2.0522486382765628E+000
3.3333333333333337E-001 2.0585873187430770E+000
3.4444444444444444E-001 2.0632159356013471E+000
3.5555555555555557E-001 2.0663505653160805E+000
3.6666666666666670E-001 2.0684081991758703E+000
3.7777777777777777E-001 2.0696642859456791E+000
3.8888888888888890E-001 2.0703200841570761E+000
4.0000000000000002E-001 2.0705784083991139E+000
4.1111111111111115E-001 2.0705845857027083E+000
4.2222222222222222E-001 2.0704340521121769E+000
4.3333333333333335E-001 2.0701728839937990E+000
4.4444444444444448E-001 2.0698552938611425E+000
4.5555555555555555E-001 2.0694871887789206E+000
4.6666666666666667E-001 2.0690594885216096E+000
4.7777777777777780E-001 2.0685550131048314E+000
4.8888888888888893E-001 2.0679514584828644E+000
5.0000000000000000E-001 2.0672227267293009E+000
5.1111111111111118E-001 2.0663321701639092E+000
5.2222222222222225E-001 2.0652773296933762E+000
5.3333333333333333E-001 2.0640653375548821E+000
5.4444444444444451E-001 2.0627164231416661E+000
5.5555555555555558E-001 2.0613111432481479E+000
5.6666666666666665E-001 2.0599798195066139E+000
5.7777777777777783E-001 2.0588980340856948E+000
5.8888888888888891E-001 2.0583524128207373E+000
5.9999999999999998E-001 2.0586614719379370E+000
6.1111111111111116E-001 2.0602357117618206E+000
6.2222222222222223E-001 2.0635114804668735E+000
6.3333333333333330E-001 2.0689991202504729E+000
6.4444444444444449E-001 2.0770276647118191E+000
6.5555555555555556E-001 2.0878105342347437E+000
6.6666666666666674E-001 2.1015041126469973E+000
6.7777777777777781E-001 2.1175060135731893E+000
6.8888888888888888E-001 2.1347049639241718E+000
7.0000000000000007E-001 2.1517533116569005E+000
7.1111111111111114E-001 2.1659607499172835E+000
7.2222222222222221E-001 2.1739132095457281E+000
7.3333333333333339E-001 2.1716495392372592E+000
7.4444444444444446E-001 2.1542059927716788E+000
7.5555555555555554E-001 2.1166661058989504E+000
7.6666666666666672E-001 2.0538728730407825E+000
7.7777777777777779E-001 1.9614609338740332E+000
7.8888888888888897E-001 1.8357844758934294E+000
8.0000000000000004E-001 1.6754150680017725E+000
8.1111111111111112E-001 1.4805690291340685E+000
8.2222222222222230E-001 1.2531189899083766E+000
8.3333333333333337E-001 9.9831515996473763E-001
8.4444444444444444E-001 7.2319125395665185E-001
8.5555555555555562E-001 4.3539226290807392E-001
8.6666666666666670E-001 1.4466350607727799E-001
8.7777777777777777E-001 -1.4052276418932852E-001
8.8888888888888895E-001 -4.1410022993188289E-001
9.0000000000000002E-001 -6.7693983522705192E-001
9.1111111111111109E-001 -9.4438555007041991E-001
9.2222222222222228E-001 -1.2504284806075281E+000
9.3333333333333335E-001 -1.6491366661401223E+000
9.4444444444444453E-001 -2.2041098874797354E+000
9.5555555555555560E-001 -2.9650217799694909E+000
9.6666666666666667E-001 -3.9545656540448886E+000
9.7777777777777786E-001 -5.1258739352649698E+000
9.8888888888888893E-001 -6.3837830501442792E+000
1.0000000000000000E+000 -7.6617789529896632E+000
