0.0000000000000000E+000 -5.4621700000000004E+000
3.1199999999999999E-002 -8.4435000000000002E+000
3.9100000000000003E-002 -8.2461599999999997E+000
4.6899999999999997E-002 -7.5852399999999998E+000
5.4699999999999999E-002 -6.5086700000000004E+000
9.3700000000000006E-002 9.2291000000000001E-001
1.4060000000000000E-001 3.4301599999999999E+000
1.9530000000000000E-001 2.2117100000000001E+000
5.0000000000000000E-001 2.0672199999999998E+000
7.6559999999999995E-001 2.0612200000000001E+000
7.7339999999999998E-001 2.0017399999999999E+000
8.4370000000000001E-001 7.4207000000000001E-001
9.0620000000000001E-001 -8.2398000000000005E-001
9.2190000000000005E-001 -1.2399100000000001E+000
9.2969999999999997E-001 -1.5030600000000001E+000
9.3750000000000000E-001 -1.8330800000000000E+000
1.0000000000000000E+000 -7.6636899999999999E+000
