1.0000000000000000E+000 1.0000000000000000E+000
9.7660000000000002E-001 8.4123000000000003E-001
9.6879999999999999E-001 7.8871000000000002E-001
9.6089999999999998E-001 7.3721999999999999E-001
9.5309999999999995E-001 6.8716999999999995E-001
8.5160000000000002E-001 2.3150999999999999E-001
7.3440000000000005E-001 3.3200000000000000E-003
6.1719999999999997E-001 -1.3641000000000000E-001
5.0000000000000000E-001 -2.0580999999999999E-001
4.5310000000000000E-001 -2.1090000000000000E-001
2.8129999999999999E-001 -1.5662000000000001E-001
1.7190000000000000E-001 -1.0150000000000001E-001
1.0160000000000000E-001 -6.4339999999999994E-002
7.0300000000000001E-002 -4.7750000000000001E-002
6.2500000000000000E-002 -4.1919999999999999E-002
5.4699999999999999E-002 -3.7170000000000002E-002
0.0000000000000000E+000 0.0000000000000000E+000
