0.0000000000000000E+000 2.1772530964784991E-008
1.0000000000000000E-002 -7.4367114168609914E-003
2.0000000000000000E-002 -1.4553614969937864E-002
2.9999999999999999E-002 -2.1384778820974198E-002
4.0000000000000001E-002 -2.7961479118784577E-002
5.0000000000000003E-002 -3.4312606277070438E-002
5.9999999999999998E-002 -4.0464819610747667E-002
7.0000000000000007E-002 -4.6442643762988157E-002
8.0000000000000002E-002 -5.2268683143168029E-002
8.9999999999999997E-002 -5.7963712731822069E-002
1.0000000000000001E-001 -6.3546795259531608E-002
1.1000000000000000E-001 -6.9035303556934907E-002
1.2000000000000000E-001 -7.4445013432314133E-002
1.3000000000000000E-001 -7.9790174990469684E-002
1.4000000000000001E-001 -8.5083449020496790E-002
1.4999999999999999E-001 -9.0335960443593280E-002
1.6000000000000000E-001 -9.5557336897150000E-002
1.7000000000000001E-001 -1.0075559567046907E-001
1.7999999999999999E-001 -1.0593717189388970E-001
1.9000000000000000E-001 -1.1110690458887459E-001
2.0000000000000001E-001 -1.1626791827625454E-001
2.0999999999999999E-001 -1.2142164321590500E-001
2.2000000000000000E-001 -1.2656774092341938E-001
2.3000000000000001E-001 -1.3170400885838668E-001
2.3999999999999999E-001 -1.3682642293108474E-001
2.5000000000000000E-001 -1.4192900483939430E-001
2.6000000000000001E-001 -1.4700377404755577E-001
2.7000000000000002E-001 -1.5204083308840752E-001
2.8000000000000003E-001 -1.5702819274676463E-001
2.8999999999999998E-001 -1.6195187974641245E-001
2.9999999999999999E-001 -1.6679587663360071E-001
3.1000000000000000E-001 -1.7154219503025553E-001
3.2000000000000001E-001 -1.7617090976431840E-001
3.3000000000000002E-001 -1.8066022198697729E-001
3.4000000000000002E-001 -1.8498662007332795E-001
3.5000000000000003E-001 -1.8912491567936338E-001
3.5999999999999999E-001 -1.9304846702735973E-001
3.7000000000000000E-001 -1.9672942397788734E-001
3.8000000000000000E-001 -2.0013878138359939E-001
3.9000000000000001E-001 -2.0324676316440324E-001
4.0000000000000002E-001 -2.0602313588029048E-001
4.1000000000000003E-001 -2.0843731810423374E-001
4.1999999999999998E-001 -2.1045886866901514E-001
4.2999999999999999E-001 -2.1205782615735702E-001
4.4000000000000000E-001 -2.1320492656493095E-001
4.5000000000000001E-001 -2.1387209438194194E-001
4.6000000000000002E-001 -2.1403274042519976E-001
4.7000000000000003E-001 -2.1366211851167924E-001
4.7999999999999998E-001 -2.1273770448364418E-001
4.8999999999999999E-001 -2.1123938695761174E-001
5.0000000000000000E-001 -2.0914990848622045E-001
5.1000000000000001E-001 -2.0645510426820129E-001
5.2000000000000002E-001 -2.0314384686677581E-001
5.3000000000000003E-001 -1.9920857646764054E-001
5.4000000000000004E-001 -1.9464512340659371E-001
5.5000000000000004E-001 -1.8945281003935299E-001
5.6000000000000005E-001 -1.8363449208143523E-001
5.7000000000000006E-001 -1.7719633099840171E-001
5.7999999999999996E-001 -1.7014767006843134E-001
5.8999999999999997E-001 -1.6250081195664068E-001
5.9999999999999998E-001 -1.5427065347764848E-001
6.0999999999999999E-001 -1.4547427796302376E-001
6.2000000000000000E-001 -1.3613049056970922E-001
6.3000000000000000E-001 -1.2625931595554193E-001
6.4000000000000001E-001 -1.1588129625703031E-001
6.5000000000000002E-001 -1.0501679152588143E-001
6.6000000000000003E-001 -9.3685286878323171E-002
6.7000000000000004E-001 -8.1904420299134278E-002
6.8000000000000005E-001 -6.9689027342747623E-002
6.9000000000000006E-001 -5.7050125222937502E-002
7.0000000000000007E-001 -4.3993684046615418E-002
7.0999999999999996E-001 -3.0519354546462395E-002
7.1999999999999997E-001 -1.6618920731658743E-002
7.2999999999999998E-001 -2.2748444104266378E-003
7.3999999999999999E-001 1.2541482960060607E-002
7.5000000000000000E-001 2.7871935340096136E-002
7.6000000000000001E-001 4.3773137804318046E-002
7.7000000000000002E-001 6.0319081489400586E-002
7.8000000000000003E-001 7.7603276381573674E-002
7.9000000000000004E-001 9.5740370173702016E-002
8.0000000000000004E-001 1.1486892416453114E-001
8.1000000000000005E-001 1.3515231739943595E-001
8.2000000000000006E-001 1.5678012932702629E-001
8.3000000000000007E-001 1.7996876277553003E-001
8.3999999999999997E-001 2.0495866337026475E-001
8.4999999999999998E-001 2.3201412490958453E-001
8.5999999999999999E-001 2.6141717391535041E-001
8.7000000000000000E-001 2.9345823884995187E-001
8.8000000000000000E-001 3.2843013262839904E-001
8.9000000000000001E-001 3.6661120452943752E-001
9.0000000000000002E-001 4.0824682995561179E-001
9.1000000000000003E-001 4.5353245249775453E-001
9.2000000000000004E-001 5.0258561522573120E-001
9.3000000000000005E-001 5.5542332193496902E-001
9.4000000000000006E-001 6.1192922441220077E-001
9.5000000000000007E-001 6.7183378710888475E-001
9.5999999999999996E-001 7.3469054514442855E-001
9.6999999999999997E-001 7.9985596052213048E-001
9.7999999999999998E-001 8.6649726236079572E-001
9.8999999999999999E-001 9.3359811268328208E-001
1.0000000000000000E+000 9.9999860924137018E-001
