0.0000000000000000E+000 -9.7477490327864005E-007
1.1111111111111112E-002 4.3937078463016269E-002
2.2222222222222223E-002 8.3564243662141907E-002
3.3333333333333333E-002 1.1951559089229981E-001
4.4444444444444446E-002 1.5258228967466200E-001
5.5555555555555559E-002 1.8361077720332919E-001
6.6666666666666666E-002 2.1334994840824381E-001
7.7777777777777779E-002 2.4221240639403643E-001
8.8888888888888892E-002 2.7016030594260693E-001
1.0000000000000001E-001 2.9676030854246077E-001
1.1111111111111112E-001 3.2129938014506060E-001
1.2222222222222223E-001 3.4295841357335222E-001
1.3333333333333333E-001 3.6096119234373092E-001
1.4444444444444446E-001 3.7468749457545975E-001
1.5555555555555556E-001 3.8376693144646257E-001
1.6666666666666669E-001 3.8811144146981580E-001
1.7777777777777778E-001 3.8792551308220596E-001
1.8888888888888888E-001 3.8367549940478629E-001
2.0000000000000001E-001 3.7600740510189840E-001
2.1111111111111111E-001 3.6566938118468478E-001
2.2222222222222224E-001 3.5343447582039289E-001
2.3333333333333334E-001 3.4001495209562044E-001
2.4444444444444446E-001 3.2601528988010775E-001
2.5555555555555559E-001 3.1190639166717815E-001
2.6666666666666666E-001 2.9801494151161062E-001
2.7777777777777779E-001 2.8454005616084860E-001
2.8888888888888892E-001 2.7157553313928867E-001
2.9999999999999999E-001 2.5913052315212798E-001
3.1111111111111112E-001 2.4716247639737182E-001
3.2222222222222224E-001 2.3560006531145483E-001
3.3333333333333337E-001 2.2435780538288128E-001
3.4444444444444444E-001 2.1335135724581866E-001
3.5555555555555557E-001 2.0250601383289887E-001
3.6666666666666670E-001 1.9175945132043132E-001
3.7777777777777777E-001 1.8106348031190658E-001
3.8888888888888890E-001 1.7038319913765734E-001
4.0000000000000002E-001 1.5969475457202728E-001
4.1111111111111115E-001 1.4898341083464875E-001
4.2222222222222222E-001 1.3824106119643353E-001
4.3333333333333335E-001 1.2746388935750055E-001
4.4444444444444448E-001 1.1665076098512499E-001
4.5555555555555555E-001 1.0580204698083755E-001
4.6666666666666667E-001 9.4918422206605318E-002
4.7777777777777780E-001 8.4000280556632875E-002
4.8888888888888893E-001 7.3047404151389203E-002
5.0000000000000000E-001 6.2058727426691759E-002
5.1111111111111118E-001 5.1032296816447574E-002
5.2222222222222225E-001 3.9965229777570235E-002
5.3333333333333333E-001 2.8853814420689905E-002
5.4444444444444451E-001 1.7693607664167704E-002
5.5555555555555558E-001 6.4794517374541592E-003
5.6666666666666665E-001 -4.7944737298823772E-003
5.7777777777777783E-001 -1.6134581747411111E-002
5.8888888888888891E-001 -2.7547927278872852E-002
5.9999999999999998E-001 -3.9042294486068711E-002
6.1111111111111116E-001 -5.0626212407727043E-002
6.2222222222222223E-001 -6.2309072824173514E-002
6.3333333333333330E-001 -7.4101311136641826E-002
6.4444444444444449E-001 -8.6014461544278109E-002
6.5555555555555556E-001 -9.8061246837960206E-002
6.6666666666666674E-001 -1.1025557193646046E-001
6.7777777777777781E-001 -1.2261241364512163E-001
6.8888888888888888E-001 -1.3514757943612074E-001
7.0000000000000007E-001 -1.4787707399074707E-001
7.1111111111111114E-001 -1.6081620079837669E-001
7.2222222222222221E-001 -1.7397853346042513E-001
7.3333333333333339E-001 -1.8737422491223207E-001
7.4444444444444446E-001 -2.0100750357264596E-001
7.5555555555555554E-001 -2.1487467832514387E-001
7.6666666666666672E-001 -2.2896100900790070E-001
7.7777777777777779E-001 -2.4323732751180799E-001
7.8888888888888897E-001 -2.5765713542294283E-001
8.0000000000000004E-001 -2.7215339463963817E-001
8.1111111111111112E-001 -2.8663611982706838E-001
8.2222222222222230E-001 -3.0099098885060044E-001
8.3333333333333337E-001 -3.1507884617203585E-001
8.4444444444444444E-001 -3.2873619625688655E-001
8.5555555555555562E-001 -3.4177959529193758E-001
8.6666666666666670E-001 -3.5401414150232507E-001
8.7777777777777777E-001 -3.6524929919410976E-001
8.8888888888888895E-001 -3.7534415089515227E-001
9.0000000000000002E-001 -3.8433741965020390E-001
9.1111111111111109E-001 -3.9271802477355955E-001
9.2222222222222228E-001 -4.0198463135649198E-001
9.3333333333333335E-001 -4.1554356818349680E-001
9.4444444444444453E-001 -4.3979323896653705E-001
9.5555555555555560E-001 -4.8458848391220311E-001
9.6666666666666667E-001 -5.6153165861008902E-001
9.7777777777777786E-001 -6.7881407270275040E-001
9.8888888888888893E-001 -8.3231707751405504E-001
1.0000000000000000E+000 -1.0000195304882702E+000
