1.0000000000000000E+000 -1.0000000000000000E+000
9.7660000000000002E-001 -6.5927999999999998E-001
9.6879999999999999E-001 -5.7491999999999999E-001
9.6089999999999998E-001 -5.1117000000000001E-001
9.5309999999999995E-001 -4.6604000000000001E-001
8.5160000000000002E-001 -3.3304000000000000E-001
7.3440000000000005E-001 -1.8719000000000000E-001
6.1719999999999997E-001 -5.7020000000000001E-002
5.0000000000000000E-001 6.0800000000000000E-002
4.5310000000000000E-001 1.0648000000000001E-001
2.8129999999999999E-001 2.7805000000000002E-001
1.7190000000000000E-001 3.8289000000000001E-001
1.0160000000000000E-001 2.9730000000000001E-001
7.0300000000000001E-002 2.2220000000000001E-001
6.2500000000000000E-002 2.0196000000000000E-001
5.4699999999999999E-002 1.8109000000000000E-001
0.0000000000000000E+000 0.0000000000000000E+000
