1.0000000000000000E+000 1.0000000000000000E+000
9.7660000000000002E-001 7.5836999999999999E-001
9.6879999999999999E-001 6.8439000000000005E-001
9.6089999999999998E-001 6.1756000000000000E-001
9.5309999999999995E-001 5.5891999999999997E-001
8.5160000000000002E-001 2.9093000000000002E-001
7.3440000000000005E-001 1.6256000000000001E-001
6.1719999999999997E-001 2.1350000000000001E-002
5.0000000000000000E-001 -1.1477000000000000E-001
4.5310000000000000E-001 -1.7119000000000001E-001
2.8129999999999999E-001 -3.2726000000000000E-001
1.7190000000000000E-001 -2.4299000000000001E-001
1.0160000000000000E-001 -1.4612000000000000E-001
7.0300000000000001E-002 -1.0338000000000000E-001
6.2500000000000000E-002 -9.2660000000000006E-002
5.4699999999999999E-002 -8.1860000000000002E-002
0.0000000000000000E+000 0.0000000000000000E+000
