0.0000000000000000E+000 7.6871918061058908E-008
1.0000000000000000E-002 -1.6228947318770569E-002
2.0000000000000000E-002 -3.1741937620555528E-002
2.9999999999999999E-002 -4.6673116852341073E-002
4.0000000000000001E-002 -6.1143931953784939E-002
5.0000000000000003E-002 -7.5267361449477418E-002
5.9999999999999998E-002 -8.9148379025084601E-002
7.0000000000000007E-002 -1.0288235319009024E-001
8.0000000000000002E-002 -1.1655404121235792E-001
8.9999999999999997E-002 -1.3023393389962235E-001
1.0000000000000001E-001 -1.4397466199695053E-001
1.1000000000000000E-001 -1.5780754431513397E-001
1.2000000000000000E-001 -1.7173926786174784E-001
1.3000000000000000E-001 -1.8575044765456192E-001
1.4000000000000001E-001 -1.9979340767893894E-001
1.4999999999999999E-001 -2.1379249229265260E-001
1.6000000000000000E-001 -2.2764649052050398E-001
1.7000000000000001E-001 -2.4123002798923340E-001
1.7999999999999999E-001 -2.5439833625611130E-001
1.9000000000000000E-001 -2.6699188474550856E-001
2.0000000000000001E-001 -2.7884200070880144E-001
2.0999999999999999E-001 -2.8977767967384777E-001
2.2000000000000000E-001 -2.9963142386511527E-001
2.3000000000000001E-001 -3.0824645675911794E-001
2.3999999999999999E-001 -3.1548272053477777E-001
2.5000000000000000E-001 -3.2122305952771529E-001
2.6000000000000001E-001 -3.2537771002203775E-001
2.7000000000000002E-001 -3.2788760695932134E-001
2.8000000000000003E-001 -3.2872794420636947E-001
2.8999999999999998E-001 -3.2790698693547782E-001
2.9999999999999999E-001 -3.2546684813618187E-001
3.1000000000000000E-001 -3.2147981701308331E-001
3.2000000000000001E-001 -3.1604534669509671E-001
3.3000000000000002E-001 -3.0928464522746663E-001
3.4000000000000002E-001 -3.0133475694406409E-001
3.5000000000000003E-001 -2.9234439172448079E-001
3.5999999999999999E-001 -2.8246585063743518E-001
3.7000000000000000E-001 -2.7185042637007584E-001
3.8000000000000000E-001 -2.6064462241135078E-001
3.9000000000000001E-001 -2.4898435852704581E-001
4.0000000000000002E-001 -2.3699288902967094E-001
4.1000000000000003E-001 -2.2477880908373429E-001
4.1999999999999998E-001 -2.1243442390312858E-001
4.2999999999999999E-001 -2.0003577268958098E-001
4.4000000000000000E-001 -1.8764274546619847E-001
4.5000000000000001E-001 -1.7530034892702270E-001
4.6000000000000002E-001 -1.6303993970859493E-001
4.7000000000000003E-001 -1.5088067554570084E-001
4.7999999999999998E-001 -1.3883164794814387E-001
4.8999999999999999E-001 -1.2689349867001862E-001
5.0000000000000000E-001 -1.1506011297260643E-001
5.1000000000000001E-001 -1.0332037619552832E-001
5.2000000000000002E-001 -9.1659680496001789E-002
5.3000000000000003E-001 -8.0061043641075011E-002
5.4000000000000004E-001 -6.8506343336416170E-002
5.5000000000000004E-001 -5.6977247143663298E-002
5.6000000000000005E-001 -4.5455863091152737E-002
5.7000000000000006E-001 -3.3925305026728012E-002
5.7999999999999996E-001 -2.2370347177450851E-002
5.8999999999999997E-001 -1.0777547645400393E-002
5.9999999999999998E-001 8.6448513151902767E-004
6.0999999999999999E-001 1.2564693471467081E-002
6.2000000000000000E-001 2.4329645465380596E-002
6.3000000000000000E-001 3.6163428643484166E-002
6.4000000000000001E-001 4.8067403855593480E-002
6.5000000000000002E-001 6.0040270868150933E-002
6.6000000000000003E-001 7.2078070362460722E-002
6.7000000000000004E-001 8.4174016916209626E-002
6.8000000000000005E-001 9.6318495969372572E-002
6.9000000000000006E-001 1.0849915695754205E-001
7.0000000000000007E-001 1.2070083498424862E-001
7.0999999999999996E-001 1.3290552960195079E-001
7.1999999999999997E-001 1.4509257785672838E-001
7.2999999999999998E-001 1.5723871476597975E-001
7.3999999999999999E-001 1.6931824367430065E-001
7.5000000000000000E-001 1.8130322787745462E-001
7.6000000000000001E-001 1.9316389649762622E-001
7.7000000000000002E-001 2.0486942535744651E-001
7.8000000000000003E-001 2.1638831723115204E-001
7.9000000000000004E-001 2.2769057862717426E-001
8.0000000000000004E-001 2.3874928388633085E-001
8.1000000000000005E-001 2.4954497319292440E-001
8.2000000000000006E-001 2.6007177236676188E-001
8.3000000000000007E-001 2.7034647103849269E-001
8.3999999999999997E-001 2.8042611160316683E-001
8.4999999999999998E-001 2.9042749369409432E-001
8.5999999999999999E-001 3.0056114869057565E-001
8.7000000000000000E-001 3.1117986185278418E-001
8.8000000000000000E-001 3.2282361404603799E-001
8.9000000000000001E-001 3.3629654546959759E-001
9.0000000000000002E-001 3.5271363257682459E-001
9.1000000000000003E-001 3.7355770299946012E-001
9.2000000000000004E-001 4.0067038001078736E-001
9.3000000000000005E-001 4.3615610725410114E-001
9.4000000000000006E-001 4.8220147109405620E-001
9.5000000000000007E-001 5.4069908235339292E-001
9.5999999999999996E-001 6.1277091292562458E-001
9.6999999999999997E-001 6.9809408467055534E-001
9.7999999999999998E-001 7.9442255779570969E-001
9.8999999999999999E-001 8.9720527772518521E-001
1.0000000000000000E+000 9.9998794333651986E-001
