0.0000000000000000E+000 0.0000000000000000E+000
3.1199999999999999E-002 -2.1387999999999999E-001
3.9100000000000003E-002 -2.7668999999999999E-001
4.6899999999999997E-002 -3.3714000000000000E-001
5.4699999999999999E-002 -3.9188000000000001E-001
9.3700000000000006E-002 -5.1549999999999996E-001
1.4060000000000000E-001 -4.2664999999999997E-001
1.9530000000000000E-001 -3.1966000000000000E-001
5.0000000000000000E-001 2.5260000000000001E-002
7.6559999999999995E-001 3.2235000000000003E-001
7.7339999999999998E-001 3.3074999999999999E-001
8.4370000000000001E-001 3.7095000000000000E-001
9.0620000000000001E-001 3.2627000000000000E-001
9.2190000000000005E-001 3.0353000000000002E-001
9.2969999999999997E-001 2.9011999999999999E-001
9.3750000000000000E-001 2.7484999999999998E-001
1.0000000000000000E+000 0.0000000000000000E+000
