1.0000000000000000E+000 0.0000000000000000E+000
9.6879999999999999E-001 -5.9060000000000001E-002
9.6089999999999998E-001 -7.3910000000000003E-002
9.5309999999999995E-001 -8.8639999999999997E-002
9.4530000000000003E-001 -1.0313000000000000E-001
9.0629999999999999E-001 -1.6914000000000001E-001
8.5940000000000005E-001 -2.2445000000000001E-001
8.0469999999999997E-001 -2.4532999999999999E-001
5.0000000000000000E-001 5.4539999999999998E-002
2.3440000000000000E-001 1.7527000000000001E-001
2.2660000000000000E-001 1.7507000000000000E-001
1.5629999999999999E-001 1.6077000000000000E-001
9.3799999999999994E-002 1.2317000000000000E-001
7.8100000000000003E-002 1.0890000000000000E-001
7.0300000000000001E-002 1.0091000000000000E-001
6.2500000000000000E-002 9.2329999999999995E-002
0.0000000000000000E+000 0.0000000000000000E+000
