0.0000000000000000E+000 -8.8768318017754628E-006
1.1111111111111112E-002 -6.9448112599570955E-002
2.2222222222222223E-002 -1.5365800349929279E-001
3.3333333333333333E-002 -2.4580617201359525E-001
4.4444444444444446E-002 -3.3643781267767481E-001
5.5555555555555559E-002 -4.1585141780827251E-001
6.6666666666666666E-002 -4.7614882819305043E-001
7.7777777777777779E-002 -5.1303676227092776E-001
8.8888888888888892E-002 -5.2679381507191370E-001
1.0000000000000001E-001 -5.2117057540995015E-001
1.1111111111111112E-001 -5.0192847539623564E-001
1.2222222222222223E-001 -4.7508935543453401E-001
1.3333333333333333E-001 -4.4554210599673083E-001
1.4444444444444446E-001 -4.1670193689746893E-001
1.5555555555555556E-001 -3.9039486398394047E-001
1.6666666666666669E-001 -3.6723597369299016E-001
1.7777777777777778E-001 -3.4710323648944985E-001
1.8888888888888888E-001 -3.2948259287519260E-001
2.0000000000000001E-001 -3.1375009209494048E-001
2.1111111111111111E-001 -2.9932991638320611E-001
2.2222222222222224E-001 -2.8573957742655265E-001
2.3333333333333334E-001 -2.7262930246024170E-001
2.4444444444444446E-001 -2.5976750739082899E-001
2.5555555555555559E-001 -2.4700920174945448E-001
2.6666666666666666E-001 -2.3427663283079730E-001
2.7777777777777779E-001 -2.2153705657986761E-001
2.8888888888888892E-001 -2.0878300473308700E-001
2.9999999999999999E-001 -1.9602321987013732E-001
3.1111111111111112E-001 -1.8327268727171830E-001
3.2222222222222224E-001 -1.7054692073315136E-001
3.3333333333333337E-001 -1.5786067443462887E-001
3.4444444444444444E-001 -1.4522576894333819E-001
3.5555555555555557E-001 -1.3265025494543192E-001
3.6666666666666670E-001 -1.2013894366791103E-001
3.7777777777777777E-001 -1.0769386201306677E-001
3.8888888888888890E-001 -9.5314489273305408E-002
4.0000000000000002E-001 -8.2998350068275883E-002
4.1111111111111115E-001 -7.0741662141299927E-002
4.2222222222222222E-001 -5.8539694538911599E-002
4.3333333333333335E-001 -4.6387075244514228E-002
4.4444444444444448E-001 -3.4278226188852866E-002
4.5555555555555555E-001 -2.2207529310639035E-002
4.6666666666666667E-001 -1.0169505580645180E-002
4.7777777777777780E-001 1.8410552987270022E-003
4.8888888888888893E-001 1.3828975404596759E-002
5.0000000000000000E-001 2.5798660897563237E-002
5.1111111111111118E-001 3.7754154872962312E-002
5.2222222222222225E-001 4.9699170862487610E-002
5.3333333333333333E-001 6.1637189540729963E-002
5.4444444444444451E-001 7.3571737900687870E-002
5.5555555555555558E-001 8.5506785568026641E-002
5.6666666666666665E-001 9.7447019819185701E-002
5.7777777777777783E-001 1.0939846720093389E-001
5.8888888888888891E-001 1.2136933173181108E-001
5.9999999999999998E-001 1.3337038931080672E-001
6.1111111111111116E-001 1.4541586422172817E-001
6.2222222222222223E-001 1.5752400256168875E-001
6.3333333333333330E-001 1.6971705271529278E-001
6.4444444444444449E-001 1.8202108366641404E-001
6.5555555555555556E-001 1.9446508025572187E-001
6.6666666666666674E-001 2.0707806651582997E-001
6.7777777777777781E-001 2.1988593342731119E-001
6.8888888888888888E-001 2.3290707016589696E-001
7.0000000000000007E-001 2.4614530552451794E-001
7.1111111111111114E-001 2.5958161069699232E-001
7.2222222222222221E-001 2.7316754957840644E-001
7.3333333333333339E-001 2.8681656525256760E-001
7.4444444444444446E-001 3.0039526960378921E-001
7.5555555555555554E-001 3.1372163121000024E-001
7.6666666666666672E-001 3.2656262028217298E-001
7.7777777777777779E-001 3.3863791760246009E-001
7.8888888888888897E-001 3.4963163585517315E-001
8.0000000000000004E-001 3.5920459303960933E-001
8.1111111111111112E-001 3.6701382335125216E-001
8.2222222222222230E-001 3.7273849469473508E-001
8.3333333333333337E-001 3.7609991996272002E-001
8.4444444444444444E-001 3.7688343211410213E-001
8.5555555555555562E-001 3.7495990539322255E-001
8.6666666666666670E-001 3.7029608423466592E-001
8.7777777777777777E-001 3.6295617758280885E-001
8.8888888888888895E-001 3.5308623077477630E-001
9.0000000000000002E-001 3.4085252888324213E-001
9.1111111111111109E-001 3.2633966382034241E-001
9.2222222222222228E-001 3.0937174019697583E-001
9.3333333333333335E-001 2.8928315047237368E-001
9.4444444444444453E-001 2.6474604998711748E-001
9.5555555555555560E-001 2.3371440573651822E-001
9.6666666666666667E-001 1.9370813499723777E-001
9.7777777777777786E-001 1.4239967247210475E-001
9.8888888888888893E-001 7.8102178287825480E-002
1.0000000000000000E+000 -4.1566601410850816E-007
