0.0000000000000000E+000 2.6470639286358745E-008
1.0000000000000000E-002 1.8283880330394880E-002
2.0000000000000000E-002 3.5338652179694355E-002
2.9999999999999999E-002 5.1189729715364160E-002
4.0000000000000001E-002 6.5869387623221490E-002
5.0000000000000003E-002 7.9413568538128990E-002
5.9999999999999998E-002 9.1863063308667434E-002
7.0000000000000007E-002 1.0326089564178638E-001
8.0000000000000002E-002 1.1365310057810649E-001
8.9999999999999997E-002 1.2308649736760915E-001
1.0000000000000001E-001 1.3160924257691248E-001
1.1000000000000000E-001 1.3926914709425109E-001
1.2000000000000000E-001 1.4611377238859108E-001
1.3000000000000000E-001 1.5218960744046256E-001
1.4000000000000001E-001 1.5754175456323710E-001
1.4999999999999999E-001 1.6221343141987032E-001
1.6000000000000000E-001 1.6624572857168238E-001
1.7000000000000001E-001 1.6967731262686794E-001
1.7999999999999999E-001 1.7254428744359185E-001
1.9000000000000000E-001 1.7487992213766282E-001
2.0000000000000001E-001 1.7671472175582253E-001
2.0999999999999999E-001 1.7807631126381065E-001
2.2000000000000000E-001 1.7898939465498284E-001
2.3000000000000001E-001 1.7947590997585960E-001
2.3999999999999999E-001 1.7955503204811774E-001
2.5000000000000000E-001 1.7924325307177444E-001
2.6000000000000001E-001 1.7855466602862721E-001
2.7000000000000002E-001 1.7750086128867543E-001
2.8000000000000003E-001 1.7609130196287723E-001
2.8999999999999998E-001 1.7433342735167584E-001
2.9999999999999999E-001 1.7223276477481758E-001
3.1000000000000000E-001 1.6979320723589109E-001
3.2000000000000001E-001 1.6701712022935999E-001
3.3000000000000002E-001 1.6390553741824468E-001
3.4000000000000002E-001 1.6045836857721155E-001
3.5000000000000003E-001 1.5667449860563390E-001
3.5999999999999999E-001 1.5255200028023569E-001
3.7000000000000000E-001 1.4808831141862311E-001
3.8000000000000000E-001 1.4328031336392202E-001
3.9000000000000001E-001 1.3812453024046265E-001
4.0000000000000002E-001 1.3261730971465566E-001
4.1000000000000003E-001 1.2675487560813145E-001
4.1999999999999998E-001 1.2053350479297457E-001
4.2999999999999999E-001 1.1394974101532535E-001
4.4000000000000000E-001 1.0700042656259430E-001
4.5000000000000001E-001 9.9682861202026768E-002
4.6000000000000002E-001 9.1995061848955881E-002
4.7000000000000003E-001 8.3935802023896555E-002
4.7999999999999998E-001 7.5504765375756872E-002
4.8999999999999999E-001 6.6702823579068884E-002
5.0000000000000000E-001 5.7532162751624129E-002
5.1000000000000001E-001 4.7996438180698292E-002
5.2000000000000002E-001 3.8100996629006630E-002
5.3000000000000003E-001 2.7853257428268125E-002
5.4000000000000004E-001 1.7262696450375453E-002
5.5000000000000004E-001 6.3412363756369288E-003
5.6000000000000005E-001 -4.8962743990541725E-003
5.7000000000000006E-001 -1.6432157344519232E-002
5.7999999999999996E-001 -2.8245371781355010E-002
5.8999999999999997E-001 -4.0310931764124043E-002
5.9999999999999998E-001 -5.2600048952173670E-002
6.0999999999999999E-001 -6.5079501061159797E-002
6.2000000000000000E-001 -7.7711033001405083E-002
6.3000000000000000E-001 -9.0451434047789506E-002
6.4000000000000001E-001 -1.0325192406947864E-001
6.5000000000000002E-001 -1.1605776644605664E-001
6.6000000000000003E-001 -1.2880808193554094E-001
6.7000000000000004E-001 -1.4143550035474464E-001
6.8000000000000005E-001 -1.5386630529187345E-001
6.9000000000000006E-001 -1.6601982683808417E-001
7.0000000000000007E-001 -1.7780877862123698E-001
7.0999999999999996E-001 -1.8914007963852320E-001
7.1999999999999997E-001 -1.9991408493422316E-001
7.2999999999999998E-001 -2.1002613919856292E-001
7.3999999999999999E-001 -2.1936750240885231E-001
7.5000000000000000E-001 -2.2782572824973041E-001
7.6000000000000001E-001 -2.3528770059320048E-001
7.7000000000000002E-001 -2.4163899909381925E-001
7.8000000000000003E-001 -2.4676875098629575E-001
7.9000000000000004E-001 -2.5056992777393960E-001
8.0000000000000004E-001 -2.5294221308474785E-001
8.1000000000000005E-001 -2.5379679835638941E-001
8.2000000000000006E-001 -2.5305557504833626E-001
8.3000000000000007E-001 -2.5065651685141904E-001
8.3999999999999997E-001 -2.4655701246185319E-001
8.4999999999999998E-001 -2.4073304598003731E-001
8.5999999999999999E-001 -2.3318406590562904E-001
8.7000000000000000E-001 -2.2393342530304905E-001
8.8000000000000000E-001 -2.1302968372130698E-001
8.9000000000000001E-001 -2.0054631714103635E-001
9.0000000000000002E-001 -1.8657997447089769E-001
9.1000000000000003E-001 -1.7125321503536975E-001
9.2000000000000004E-001 -1.5470853653452646E-001
9.3000000000000005E-001 -1.3710477641782556E-001
9.4000000000000006E-001 -1.1862006113867238E-001
9.5000000000000007E-001 -9.9440892891173957E-002
9.5999999999999996E-001 -7.9762613698908691E-002
9.6999999999999997E-001 -5.9783753505477120E-002
9.7999999999999998E-001 -3.9702354429590171E-002
9.8999999999999999E-001 -1.9712450024961213E-002
1.0000000000000000E+000 9.3329623890698248E-008
