0.0000000000000000E+000 -5.8594639263733164E-007
1.0000000000000000E-002 4.0506872597763428E-002
2.0000000000000000E-002 7.6439767356643290E-002
2.9999999999999999E-002 1.0806683953464748E-001
4.0000000000000001E-002 1.3569591714844009E-001
5.0000000000000003E-002 1.5968103248406090E-001
5.9999999999999998E-002 1.8041085382521443E-001
7.0000000000000007E-002 1.9829088196944319E-001
8.0000000000000002E-002 2.1372739589404649E-001
8.9999999999999997E-002 2.2710281415656380E-001
1.0000000000000001E-001 2.3876677922273468E-001
1.1000000000000000E-001 2.4901609883590592E-001
1.2000000000000000E-001 2.5809123638638271E-001
1.3000000000000000E-001 2.6617863144191689E-001
1.4000000000000001E-001 2.7340687858224005E-001
1.4999999999999999E-001 2.7985677459044339E-001
1.6000000000000000E-001 2.8556972245873058E-001
1.7000000000000001E-001 2.9055441489497275E-001
1.7999999999999999E-001 2.9479746995916761E-001
1.9000000000000000E-001 2.9827049998781474E-001
2.0000000000000001E-001 3.0093714735234262E-001
2.0999999999999999E-001 3.0275902289197998E-001
2.2000000000000000E-001 3.0369942635656771E-001
2.3000000000000001E-001 3.0372689739525915E-001
2.3999999999999999E-001 3.0281764235024039E-001
2.5000000000000000E-001 3.0095679692766497E-001
2.6000000000000001E-001 2.9813955528846225E-001
2.7000000000000002E-001 2.9437138934331913E-001
2.8000000000000003E-001 2.8966850622189727E-001
2.8999999999999998E-001 2.8405703231382651E-001
2.9999999999999999E-001 2.7757262841582803E-001
3.1000000000000000E-001 2.7025979248242121E-001
3.2000000000000001E-001 2.6217028323021030E-001
3.3000000000000002E-001 2.5336198464624515E-001
3.4000000000000002E-001 2.4389772028834006E-001
3.5000000000000003E-001 2.3384338907688565E-001
3.5999999999999999E-001 2.2326641422992569E-001
3.7000000000000000E-001 2.1223453783350540E-001
3.8000000000000000E-001 2.0081430126108699E-001
3.9000000000000001E-001 1.8906958322644637E-001
4.0000000000000002E-001 1.7706073772893430E-001
4.1000000000000003E-001 1.6484382732125274E-001
4.1999999999999998E-001 1.5246966982220733E-001
4.2999999999999999E-001 1.3998348633559529E-001
4.4000000000000000E-001 1.2742488809652394E-001
4.5000000000000001E-001 1.1482757404111546E-001
4.6000000000000002E-001 1.0221945355309502E-001
4.7000000000000003E-001 8.9623087137230842E-002
4.7999999999999998E-001 7.7055902539214668E-002
4.8999999999999999E-001 6.4530601878168392E-002
5.0000000000000000E-001 5.2055708017006999E-002
5.1000000000000001E-001 3.9635981661597708E-002
5.2000000000000002E-001 2.7272931821736818E-002
5.3000000000000003E-001 1.4965107856200205E-002
5.4000000000000004E-001 2.7085456878669905E-003
5.5000000000000004E-001 -9.5029553811358785E-003
5.6000000000000005E-001 -2.1677924989485467E-002
5.7000000000000006E-001 -3.3826880717857950E-002
5.7999999999999996E-001 -4.5962445358993700E-002
5.8999999999999997E-001 -5.8100070276865874E-002
5.9999999999999998E-001 -7.0257651517332015E-002
6.0999999999999999E-001 -8.2456124811648907E-002
6.2000000000000000E-001 -9.4721005780188744E-002
6.3000000000000000E-001 -1.0708169514733892E-001
6.4000000000000001E-001 -1.1957235053263705E-001
6.5000000000000002E-001 -1.3223406642128774E-001
6.6000000000000003E-001 -1.4511364063752846E-001
6.7000000000000004E-001 -1.5826394015180129E-001
6.8000000000000005E-001 -1.7174541082892375E-001
6.9000000000000006E-001 -1.8562426884779298E-001
7.0000000000000007E-001 -1.9997044902485567E-001
7.0999999999999996E-001 -2.1485544010460988E-001
7.1999999999999997E-001 -2.3034949166846064E-001
7.2999999999999998E-001 -2.4651339613830506E-001
7.3999999999999999E-001 -2.6339002495519920E-001
7.5000000000000000E-001 -2.8099697552520642E-001
7.6000000000000001E-001 -2.9930757700586219E-001
7.7000000000000002E-001 -3.1824136476570675E-001
7.8000000000000003E-001 -3.3763782196655479E-001
7.9000000000000004E-001 -3.5724720236877966E-001
8.0000000000000004E-001 -3.7670512792137001E-001
8.1000000000000005E-001 -3.9551328493709237E-001
8.2000000000000006E-001 -4.1305161364251730E-001
8.3000000000000007E-001 -4.2855844835138307E-001
8.3999999999999997E-001 -4.4116779627723096E-001
8.4999999999999998E-001 -4.4993789208252272E-001
8.5999999999999999E-001 -4.5390865806645486E-001
8.7000000000000000E-001 -4.5221746031696308E-001
8.8000000000000000E-001 -4.4410789080018520E-001
8.9000000000000001E-001 -4.2910380179308133E-001
9.0000000000000002E-001 -4.0707435830603211E-001
9.1000000000000003E-001 -3.7822806567254924E-001
9.2000000000000004E-001 -3.4322329368048449E-001
9.3000000000000005E-001 -3.0305084491061129E-001
9.4000000000000006E-001 -2.5905386935054420E-001
9.5000000000000007E-001 -2.1276451581613845E-001
9.5999999999999996E-001 -1.6578019068434510E-001
9.6999999999999997E-001 -1.1970477485400720E-001
9.7999999999999998E-001 -7.5962709780593538E-002
9.8999999999999999E-001 -3.5765519176760088E-002
1.0000000000000000E+000 2.1441968549051779E-006
