1.0000000000000000E+000 0.0000000000000000E+000
9.6879999999999999E-001 -1.2146000000000000E-001
9.6089999999999998E-001 -1.5662999999999999E-001
9.5309999999999995E-001 -1.9253999999999999E-001
9.4530000000000003E-001 -2.2847000000000001E-001
9.0629999999999999E-001 -2.3827000000000001E-001
8.5940000000000005E-001 -4.4993000000000000E-001
8.0469999999999997E-001 -3.8597999999999999E-001
5.0000000000000000E-001 5.1860000000000003E-002
2.3440000000000000E-001 3.0174000000000001E-001
2.2660000000000000E-001 3.0203000000000002E-001
1.5629999999999999E-001 2.8123999999999999E-001
9.3799999999999994E-002 2.2964999999999999E-001
7.8100000000000003E-002 2.0920000000000000E-001
7.0300000000000001E-002 1.9713000000000000E-001
6.2500000000000000E-002 1.8360000000000001E-001
0.0000000000000000E+000 0.0000000000000000E+000
