Var1 Var2
2e-10 0.121309876832156
5.0000199e-05 0.121292437957235
0.000100000198 0.121240230598002
0.000150000197 0.121153304096523
0.000200000196 0.12103171879331
0.000250000195 0.12087554602732
0.000300000194 0.120684868135958
0.000350000193 0.120459778455073
0.000400000192 0.120200381318959
0.000450000191 0.119906792060357
0.00050000019 0.119579137010455
0.000550000189 0.119217553498885
0.000600000188 0.118822189853726
0.000650000187 0.118393205401501
0.000700000186 0.117930800363767
0.000750000185 0.117435094690575
0.000800000184 0.116906290223562
0.000850000183 0.11634458179834
0.000900000182 0.115750180398757
0.000950000181 0.115123313156898
0.00100000018 0.114464223353086
0.001050000179 0.113773170415882
0.001100000178 0.113050429922083
0.001150000177 0.112296293596723
0.001200000176 0.111511069313076
0.001250000175 0.11069508109265
0.001300000174 0.109848669105193
0.001350000173 0.10897214605099
0.001400000172 0.108066031365022
0.001450000171 0.107130829062577
0.00150000017 0.10616691237409
0.001550000169 0.105174738809884
0.001600000168 0.10415485016017
0.001650000167 0.103107872495047
0.001700000166 0.102034516164503
0.001750000165 0.100935575798412
0.001800000164 0.0998119303065371
0.001850000163 0.0986645428785301
0.001900000162 0.0974944609839299
0.001950000161 0.0963028163721637
0.00200000016 0.0950908204882092
0.002050000159 0.093860136186858
0.002100000158 0.0926125914523576
0.002150000157 0.0913499123858521
0.002200000156 0.0900741042021364
0.002250000155 0.0887874512296569
0.002300000154 0.0874925169105109
0.002350000153 0.0861921438004469
0.002400000152 0.0848894535688645
0.002450000151 0.0835878469988145
0.00250000015 0.0822910039869986
0.002550000149 0.0810028835437701
0.002600000148 0.0797277237931328
0.002650000147 0.0784700419727421
0.002700000146 0.0772354311021872
0.002750000145 0.0760259914805162
0.002800000144 0.0748470841638214
0.002850000143 0.0737045303352316
0.002900000142 0.0726034547972211
0.002950000141 0.0715482859716093
0.00300000014 0.0705427558995612
0.003050000139 0.069589900241587
0.003100000138 0.0686920582775422
0.003150000137 0.0678508729066278
0.003200000136 0.0670672906473897
0.003250000135 0.0663415616377196
0.003300000134 0.0656732396348543
0.003350000133 0.0650597666974044
0.003400000132 0.0644974456013487
0.003450000131 0.0639835300013555
0.00350000013 0.0635113773326103
0.003550000129 0.0630740209980384
0.003600000128 0.062664170368304
0.003650000127 0.0622742107818114
0.003700000126 0.0618962035447042
0.003750000125 0.0615218859308653
0.003800000124 0.0611426711819174
0.003850000123 0.0607496485072226
0.003900000122 0.0603335830838824
0.003950000121 0.0598849160567381
0.00400000012 0.059393800348445
0.004050000119 0.0588549417317285
0.004100000118 0.0582593493054452
0.004150000117 0.0575995242729234
0.004200000116 0.0568685683824836
0.004250000115 0.0560601839274386
0.004300000114 0.0551686737460936
0.004350000113 0.0541889412217459
0.004400000112 0.0531164902826849
0.004450000111 0.0519474254021926
0.00450000011 0.0506784515985429
0.004550000109 0.0493068744350021
0.004600000108 0.0478306000198287
0.004650000107 0.0462481350062734
0.004700000106 0.0445584780651831
0.004750000105 0.0427606263244356
0.004800000104 0.0408546808783836
0.004850000103 0.0388411736135922
0.004900000102 0.036720913333052
0.004950000101 0.0344949857561787
0.0050000001 0.0321647535188133
0.005050000099 0.0297318561732222
0.005100000098 0.0271982101880971
0.005150000097 0.024566008948555
0.005200000096 0.0218377227561382
0.005250000095 0.0190160988288141
0.005300000094 0.0161041613009757
0.005350000093 0.0131049888509446
0.005400000092 0.0100210885521862
0.005450000091 0.00685580389103205
0.00550000009 0.00361244594222039
0.005550000089 0.000294309429315802
0.005600000088 -0.00309532727529102
0.005650000087 -0.00655320215038292
0.005700000086 -0.0100760695259167
0.005750000085 -0.013660700083023
0.005800000084 -0.017303880854006
0.005850000083 -0.0210024152223438
0.005900000082 -0.0247531229226882
0.005950000081 -0.0285528400408649
0.00600000008 -0.0323984234813273
0.006050000079 -0.0362877167104942
0.006100000078 -0.0402161263098216
0.006150000077 -0.0441814108761208
0.006200000076 -0.0481812223384836
0.006250000075 -0.0522131059582823
0.006300000074 -0.0562745003291693
0.006350000073 -0.0603627373770776
0.006400000072 -0.0644750423602203
0.006450000071 -0.0686085338690914
0.00650000007 -0.0727602238264647
0.006550000069 -0.0769270174873947
0.006600000068 -0.0811057134392161
0.006650000067 -0.0852930036015443
0.006700000066 -0.0894790024591961
0.006750000065 -0.09364614418466
0.006800000064 -0.0977716427132947
0.006850000063 -0.101821453560628
0.006900000062 -0.105751612765662
0.006950000061 -0.109508236890868
0.00700000006 -0.113027529581274
0.007050000059 -0.116245196016216
0.007100000058 -0.119103236849591
0.007150000057 -0.121566371622857
0.007200000056 -0.123616485626641
0.007250000055 -0.125252629900741
0.007300000054 -0.126491021234125
0.007350000053 -0.127362147802613
0.007400000052 -0.12790079432634
0.007450000051 -0.128147818050502
0.00750000005 -0.128137950673276
0.007550000049 -0.127903368056249
0.007600000048 -0.127473690224418
0.007650000047 -0.126875981366185
0.007700000046 -0.126134749833365
0.007750000045 -0.125271948141177
0.007800000044 -0.124306972968253
0.007850000043 -0.123256665156631
0.007900000042 -0.122135309711759
0.007950000041 -0.120954635802493
0.00800000004 -0.119723815936636
0.008050000039 -0.118441861688384
0.008100000038 -0.117111226995282
0.008150000037 -0.115736912370509
0.008200000036 -0.114323952239012
0.008250000035 -0.112877414937509
0.008300000034 -0.111402402714491
0.008350000033 -0.109904051730214
0.008400000032 -0.108387532056707
0.008450000031 -0.10685804767777
0.00850000003 -0.105320836488972
0.008550000029 -0.103781170297651
0.008600000028 -0.102244354822917
0.008650000027 -0.10071572969565
0.008700000026 -0.0992016175792178
0.008750000025 -0.0977073027543095
0.008800000024 -0.0962392147055283
0.008850000023 -0.0948045929569552
0.008900000022 -0.0934108245100056
0.008950000021 -0.0920654438434304
0.00900000002 -0.0907761329133149
0.009050000019 -0.08955072115308
0.009100000018 -0.088397185473481
0.009150000017 -0.0873236502626086
0.009200000016 -0.0863383873858882
0.009250000015 -0.0854498161860802
0.009300000014 -0.08466650348328
0.009350000013 -0.0839961806709159
0.009400000012 -0.0834434160092302
0.009450000011 -0.0830147155101893
0.00950000001 -0.0827146235568315
0.009550000009 -0.0825463864841295
0.009600000008 -0.0825119525789911
0.009650000007 -0.0826119720802587
0.009700000006 -0.0828457971787096
0.009750000005 -0.0832114820170557
0.009800000004 -0.0837057826899438
0.009850000003 -0.0843241572439556
0.009900000002 -0.0850607656776074
0.009950000001 -0.0859084699413504
0.01 -0.0868588339375704
0.010049999999 -0.0879061700041694
0.010099999998 -0.0890429860468819
0.010149999997 -0.0902608522446205
0.010199999996 -0.091551728419502
0.010249999995 -0.0929080105925531
0.010299999994 -0.0943225309837096
0.010349999993 -0.095788558011817
0.010399999992 -0.0972997962946303
0.010449999991 -0.0988503866488139
0.01049999999 -0.100434906089942
0.010549999989 -0.102048367832497
0.010599999988 -0.103686221289874
0.010649999987 -0.105344352074373
0.010699999986 -0.107019767762704
0.010749999985 -0.108709171584341
0.010799999984 -0.11040982351822
0.010849999983 -0.112119542358431
0.010899999982 -0.113836352509398
0.010949999981 -0.115558483985882
0.01099999998 -0.117284372412977
0.011049999979 -0.119012659026114
0.011099999978 -0.120742190671058
0.011149999977 -0.122472019803907
0.011199999976 -0.124201404491098
0.011249999975 -0.1259298084094
0.011299999974 -0.127656900845917
0.011349999973 -0.129382300576588
0.011399999972 -0.131104974887997
0.011449999971 -0.132824846353815
0.01149999997 -0.134541658726488
0.011549999969 -0.136255175394433
0.011599999968 -0.137965179382043
0.011649999967 -0.139671473349678
0.011699999966 -0.141373879593673
0.011749999965 -0.143072240046336
0.011799999964 -0.144766416275944
0.011849999963 -0.146456289486749
0.011899999962 -0.148141760518974
0.011949999961 -0.149822749848813
0.01199999996 -0.151499197588434
0.012049999959 -0.153170894880171
0.012099999958 -0.154837820407173
0.012149999957 -0.156499884410048
0.012199999956 -0.15815700561899
0.012249999955 -0.159809103472012
0.012299999954 -0.161456098114941
0.012349999953 -0.163097910401421
0.012399999952 -0.164734461892914
0.012449999951 -0.166365674858698
0.01249999995 -0.167991472275867
0.012549999949 -0.169611777829334
0.012599999948 -0.171226515911827
0.012649999947 -0.172835611623889
0.012699999946 -0.174438989365912
0.012749999945 -0.176036569238694
0.012799999944 -0.177628275300849
0.012849999943 -0.179214030518874
0.012899999942 -0.180793757722212
0.012949999941 -0.182367379603249
0.01299999994 -0.183934818717317
0.013049999939 -0.18549599748269
0.013099999938 -0.187050838180588
0.013149999937 -0.188599262955174
0.013199999936 -0.190141193813557
0.013249999935 -0.191676552625789
0.013299999934 -0.193205261124866
0.013349999933 -0.194727239948955
0.013399999932 -0.196242409836446
0.013449999931 -0.197750693136311
0.01349999993 -0.199252010917291
0.013549999929 -0.200746284171774
0.013599999928 -0.202233433815805
0.013649999927 -0.203713380689078
0.013699999926 -0.205186045554939
0.013749999925 -0.206651349100388
0.013799999924 -0.208109211936075
0.013849999923 -0.209559554596302
0.013899999922 -0.211002297539024
0.013949999921 -0.212437361145847
0.01399999992 -0.21386466572203
0.014049999919 -0.215284130705394
0.014099999918 -0.216695676987231
0.014149999917 -0.218099224826761
0.014199999916 -0.219494694366214
0.014249999915 -0.220882005789018
0.014299999914 -0.222261079319801
0.014349999913 -0.22363183522439
0.014399999912 -0.224994193809815
0.014449999911 -0.226348075424302
0.01449999991 -0.227693400457279
0.014549999909 -0.229030089339374
0.014599999908 -0.230358062542414
0.014649999907 -0.231677240579425
0.014699999906 -0.23298754328026
0.014749999905 -0.234288891381429
0.014799999904 -0.235581206019911
0.014849999903 -0.236864408063491
0.014899999902 -0.238138418562194
0.014949999901 -0.239403158748286
0.0149999999 -0.24065855003627
0.015049999899 -0.241904514022888
0.015099999898 -0.243140972487122
0.015149999897 -0.244367847390193
0.015199999896 -0.245585060875559
0.015249999895 -0.246792535268921
0.015299999894 -0.247990193078215
0.015349999893 -0.249177956742478
0.015399999892 -0.250355748670481
0.015449999891 -0.251523492634192
0.01549999989 -0.252681112124683
0.015549999889 -0.253828530981983
0.015599999888 -0.25496567339508
0.015649999887 -0.256092463901919
0.015699999886 -0.2572088273894
0.015749999885 -0.258314689093385
0.015799999884 -0.259409974598689
0.015849999883 -0.260494609839088
0.015899999882 -0.261568521097313
0.015949999881 -0.262631635005053
0.01599999988 -0.263683878542956
0.016049999879 -0.26472517873831
0.016099999878 -0.265755463524875
0.016149999877 -0.266774661263177
0.016199999876 -0.267782700817459
0.016249999875 -0.268779511577681
0.016299999874 -0.269765023459519
0.016349999873 -0.270739166904366
0.016399999872 -0.271701872879332
0.016449999871 -0.272653072877243
0.01649999987 -0.273592698916642
0.016549999869 -0.274520683541789
0.016599999868 -0.275436959822659
0.016649999867 -0.276341461354945
0.016699999866 -0.277234122461091
0.016749999865 -0.278114877900328
0.016799999864 -0.278983662884123
0.016849999863 -0.279840413663155
0.016899999862 -0.280685067193245
0.016949999861 -0.281517561135354
0.01699999986 -0.282337833855586
0.017049999859 -0.283145824425185
0.017099999858 -0.283941472620539
0.017149999857 -0.284724718923175
0.017199999856 -0.285495504519763
0.017249999855 -0.286253771302113
0.017299999854 -0.286999461867178
0.017349999853 -0.287732519182166
0.017399999852 -0.288452888513309
0.017449999851 -0.289160513930627
0.01749999985 -0.289855341384288
0.017549999849 -0.290537317698945
0.017599999848 -0.291206390573739
0.017649999847 -0.291862508582299
0.017699999846 -0.292505621172738
0.017749999845 -0.293135678667658
0.017799999844 -0.293752632264146
0.017849999843 -0.294356434033777
0.017899999842 -0.294947036922611
0.017949999841 -0.295524394751197
0.01799999984 -0.29608846221457
0.018049999839 -0.296639196116184
0.018099999838 -0.297176554272592
0.018149999837 -0.297700491893926
0.018199999836 -0.298210967787277
0.018249999835 -0.298707941758801
0.018299999834 -0.299191374613714
0.018349999833 -0.299661228156299
0.018399999832 -0.300117465189899
0.018449999831 -0.300560049516923
0.01849999983 -0.300988945938843
0.018549999829 -0.301404120256194
0.018599999828 -0.301805539268575
0.018649999827 -0.302193170774647
0.018699999826 -0.302566969283091
0.018749999825 -0.302926916432616
0.018799999824 -0.30327299077579
0.018849999823 -0.303605164629776
0.018899999822 -0.303923411360733
0.018949999821 -0.304227705383812
0.01899999982 -0.304518022163159
0.019049999819 -0.304794338211914
0.019099999818 -0.305056631092213
0.019149999817 -0.305304879415182
0.019199999816 -0.305539062840946
0.019249999815 -0.305759162078621
0.019299999814 -0.30596515888632
0.019349999813 -0.306157016671274
0.019399999812 -0.306334860402943
0.019449999811 -0.306498577115944
0.01949999981 -0.306648147119124
0.019549999809 -0.30678355192475
0.019599999808 -0.306904774248509
0.019649999807 -0.30701179800951
0.019699999806 -0.307104608330283
0.019749999805 -0.30718319153678
0.019799999804 -0.307247535158372
0.019849999803 -0.307297627927852
0.019899999802 -0.307333459781434
0.019949999801 -0.307355021858753
0.0199999998 -0.307362306502865
