Var1 Var2
2e-10 300.000000156264
5.0000199e-05 300.000010620365
0.000100000198 300.000025910146
0.000150000197 300.000045675656
0.000200000196 300.000070418029
0.000250000195 300.000101489479
0.000300000194 300.000141093303
0.000350000193 300.000192283881
0.000400000192 300.000258966676
0.000450000191 300.000345898231
0.00050000019 300.000458686174
0.000550000189 300.000603789216
0.000600000188 300.000788517147
0.000650000187 300.001021030844
0.000700000186 300.00129062742
0.000750000185 300.001679999511
0.000800000184 300.002199378593
0.000850000183 300.002850854328
0.000900000182 300.003657276059
0.000950000181 300.004662252812
0.00100000018 300.005930153293
0.001050000179 300.007546105891
0.001100000178 300.009615998676
0.001150000177 300.0122664794
0.001200000176 300.015644955494
0.001250000175 300.019919594075
0.001300000174 300.025279321938
0.001350000173 300.031702961515
0.001400000172 300.039958951694
0.001450000171 300.050899272164
0.00150000017 300.064629656615
0.001550000169 300.081553799083
0.001600000168 300.102373353957
0.001650000167 300.128087935975
0.001700000166 300.159995120226
0.001750000165 300.199690442147
0.001800000164 300.249067397527
0.001850000163 300.310317442505
0.001900000162 300.385929993571
0.001950000161 300.478692427563
0.00200000016 300.591744886829
0.002050000159 300.728497943144
0.002100000158 300.898128187769
0.002150000157 301.104843924555
0.002200000156 301.354707238575
0.002250000155 301.655633996121
0.002300000154 302.017393844704
0.002350000153 302.451610213054
0.002400000152 302.971760311122
0.002450000151 303.593175130079
0.00250000015 304.333039442313
0.002550000149 305.210391801434
0.002600000148 306.246124542271
0.002650000147 307.462983780873
0.002700000146 308.893907379485
0.002750000145 310.557464188156
0.002800000144 312.48580299183
0.002850000143 314.71749891141
0.002900000142 317.291164834953
0.002950000141 320.245451417673
0.00300000014 323.619047081941
0.003050000139 327.450678017281
0.003100000138 331.779108180376
0.003150000137 336.643139295062
0.003200000136 342.081610852333
0.003250000135 348.133400110336
0.003300000134 354.837422094378
0.003350000133 362.227169604719
0.003400000132 370.323800987396
0.003450000131 379.156920102576
0.00350000013 388.744107931334
0.003550000129 399.098431088497
0.003600000128 410.228441822649
0.003650000127 422.138178016126
0.003700000126 434.827163185019
0.003750000125 448.290406479171
0.003800000124 462.518402682181
0.003850000123 477.497132211402
0.003900000122 493.208061117939
0.003950000121 509.628141086653
0.00400000012 526.729935860947
0.004050000119 544.484296258308
0.004100000118 562.867263676235
0.004150000117 581.842333013563
0.004200000116 601.372711228269
0.004250000115 621.421317337475
0.004300000114 641.950782417443
0.004350000113 662.923449603581
0.004400000112 684.301374090438
0.004450000111 706.046323131706
0.00450000011 728.11977604022
0.004550000109 750.482924187959
0.004600000108 773.096671006044
0.004650000107 795.92163198474
0.004700000106 818.9222879658
0.004750000105 842.066348925277
0.004800000104 865.318924613871
0.004850000103 888.647109462503
0.004900000102 912.019462625626
0.004950000101 935.40600798123
0.0050000001 958.778234130837
0.005050000099 982.109094399502
0.005100000098 1005.37300683582
0.005150000097 1028.5458542119
0.005200000096 1051.60498402342
0.005250000095 1074.52920848956
0.005300000094 1097.29880455304
0.005350000093 1119.89747791935
0.005400000092 1142.31360573099
0.005450000091 1164.53212435258
0.00550000009 1186.54197285704
0.005550000089 1208.33312500553
0.005600000088 1229.89658924742
0.005650000087 1251.22440872031
0.005700000086 1272.30966125003
0.005750000085 1293.14645935064
0.005800000084 1313.72995022443
0.005850000083 1334.05631576189
0.005900000082 1354.12277254178
0.005950000081 1373.92757183105
0.00600000008 1393.46958570453
0.006050000079 1412.76336000538
0.006100000078 1431.77049290784
0.006150000077 1450.50524555154
0.006200000076 1468.97852595251
0.006250000075 1487.19788900324
0.006300000074 1505.16753647268
0.006350000073 1522.88831700621
0.006400000072 1540.35772612565
0.006450000071 1557.5699062293
0.00650000007 1574.51564659186
0.006550000069 1591.18238336452
0.006600000068 1607.55419957488
0.006650000067 1623.61182512701
0.006700000066 1639.21998008831
0.006750000065 1654.13538080917
0.006800000064 1668.01595913299
0.006850000063 1680.37988916963
0.006900000062 1690.63690382823
0.006950000061 1698.08829481723
0.00700000006 1701.92678986638
0.007050000059 1701.42476857349
0.007100000058 1695.97922605598
0.007150000057 1685.39119885567
0.007200000056 1669.68348097301
0.007250000055 1649.10062386702
0.007300000054 1624.10893645539
0.007350000053 1595.32906075386
0.007400000052 1563.40719340402
0.007450000051 1529.03453708523
0.00750000005 1492.72579422738
0.007550000049 1454.94933573695
0.007600000048 1416.12720099702
0.007650000047 1376.63509786723
0.007700000046 1336.80240268383
0.007750000045 1296.91216025963
0.007800000044 1257.20108388405
0.007850000043 1217.85955532308
0.007900000042 1179.0316248193
0.007950000041 1140.81501109188
0.00800000004 1103.26114020879
0.008050000039 1066.41002103229
0.008100000038 1030.25863407703
0.008150000037 994.840065930894
0.008200000036 960.184839972089
0.008250000035 926.320916369178
0.008300000034 893.273692081064
0.008350000033 861.066000856991
0.008400000032 829.718113236545
0.008450000031 799.247736549659
0.00850000003 769.670014916602
0.008550000029 740.997529247991
0.008600000028 713.240297244784
0.008650000027 686.40577339828
0.008700000026 660.50465631378
0.008750000025 635.543296166793
0.008800000024 611.530935766328
0.008850000023 588.47836992518
0.008900000022 566.395035288895
0.008950000021 545.289010335768
0.00900000002 525.167015376846
0.009050000019 506.034412555925
0.009100000018 487.895205849551
0.009150000017 470.752041067023
0.009200000016 454.606205850387
0.009250000015 439.457629674441
0.009300000014 425.304883846734
0.009350000013 412.138203258992
0.009400000012 399.939057587007
0.009450000011 388.696898514083
0.00950000001 378.383693815771
0.009550000009 368.968271914766
0.009600000008 360.416321880913
0.009650000007 352.690393431202
0.009700000006 345.749896929768
0.009750000005 339.551103387896
0.009800000004 334.047144464016
0.009850000003 329.188012463703
0.009900000002 324.920560339681
0.009950000001 321.188501691819
0.01 317.932410767133
0.010049999999 315.122712795894
0.010099999998 312.702503151398
0.010149999997 310.628194061101
0.010199999996 308.859076370061
0.010249999995 307.357502621823
0.010299999994 306.088887058417
0.010349999993 305.02170562036
0.010399999992 304.127495946655
0.010449999991 303.380857374788
0.01049999999 302.759450940734
0.010549999989 302.243999378953
0.010599999988 301.818287122389
0.010649999987 301.469160302475
0.010699999986 301.184374506542
0.010749999985 300.950582981246
0.010799999984 300.759939804245
0.010849999983 300.605598069939
0.010899999982 300.481412764698
0.010949999981 300.381940766865
0.01099999998 300.302440846756
0.011049999979 300.238873666659
0.011099999978 300.187901780832
0.011149999977 300.146889635507
0.011199999976 300.113903568889
0.011249999975 300.087711811153
0.011299999974 300.067784484447
0.011349999973 300.053275086729
0.011399999972 300.041081619625
0.011449999971 300.031490856919
0.01149999997 300.024038413629
0.011549999969 300.018310903605
0.011599999968 300.013945939529
0.011649999967 300.010632132911
0.011699999966 300.008109094093
0.011749999965 300.006167432249
0.011799999964 300.004648755382
0.011849999963 300.003445670325
0.011899999962 300.002501782743
0.011949999961 300.001811697132
0.01199999996 300.001421016817
0.012049999959 300.001054151015
0.012099999958 300.000776566085
0.012149999957 300.000568359673
0.012199999956 300.000414912767
0.012249999955 300.00030349369
0.012299999954 300.000223258103
0.012349999953 300.000165248999
0.012399999952 300.000122396706
0.012449999951 300.000089518886
0.01249999995 300.000063320539
0.012549999949 300.000042393996
0.012599999948 300.000027218926
0.012649999947 300.00002016233
0.012699999946 300.000016178508
0.012749999945 300.000011475628
0.012799999944 300.000008083539
0.012849999943 300.00000569936
0.012899999942 300.000004061882
0.012949999941 300.000002951576
0.01299999994 300.000002190582
0.013049999939 300.000001642719
0.013099999938 300.00000121348
0.013149999937 300.000000850031
0.013199999936 300.000000541214
0.013249999935 300.000000317546
0.013299999934 300.000000251219
0.013349999933 300.000000279024
0.013399999932 300.000000247348
0.013449999931 300.000000273641
0.01349999993 300.000000325146
0.013549999929 300.000000376063
0.013599999928 300.00000040755
0.013649999927 300.000000407727
0.013699999926 300.000000371667
0.013749999925 300.000000301406
0.013799999924 300.000000205937
0.013849999923 300.000000101211
0.013899999922 300.000000010138
0.013949999921 299.999999962587
0.01399999992 299.999999995384
0.014049999919 300.000000050916
0.014099999918 300.000000097007
0.014149999917 300.00000014045
0.014199999916 300.000000177111
0.014249999915 300.000000203913
0.014299999914 300.000000218829
0.014349999913 300.000000220886
0.014399999912 300.000000210165
0.014449999911 300.000000187797
0.01449999991 300.00000015597
0.014549999909 300.000000117922
0.014599999908 300.000000077946
0.014649999907 300.000000041386
0.014699999906 300.000000093155
0.014749999905 300.0000001452
0.014799999904 300.00000016488
0.014849999903 300.000000167552
0.014899999902 300.000000164792
0.014949999901 300.000000164395
0.0149999999 300.000000170376
0.015049999899 300.000000182966
0.015099999898 300.000000198619
0.015149999897 300.000000210005
0.015199999896 300.000000206014
0.015249999895 300.000000171755
0.015299999894 300.000000088556
0.015349999893 300.000000064303
0.015399999892 300.000000162141
0.015449999891 300.000000162311
0.01549999989 300.0000001151
0.015549999889 300.000000059454
0.015599999888 300.000000022979
0.015649999887 300.000000021936
0.015699999886 300.000000061248
0.015749999885 300.000000134497
0.015799999884 300.000000223923
0.015849999883 300.000000300424
0.015899999882 300.000000323557
0.015949999881 300.000000241539
0.01599999988 299.999999991246
0.016049999879 300.000000182652
0.016099999878 300.000000194228
0.016149999877 300.000000112878
0.016199999876 300.000000005662
0.016249999875 299.99999992184
0.016299999874 299.999999892865
0.016349999873 299.999999932387
0.016399999872 300.000000036253
0.016449999871 300.000000182508
0.01649999987 300.000000331389
0.016549999869 300.000000425334
0.016599999868 300.000000388974
0.016649999867 300.000000129139
0.016699999866 300.000000140898
0.016749999865 300.000000198961
0.016799999864 300.00000011626
0.016849999863 299.999999980101
0.016899999862 299.99999985672
0.016949999861 299.999999791283
0.01699999986 299.999999807881
0.017049999859 299.999999909539
0.017099999858 300.000000078204
0.017149999857 300.000000274758
0.017199999856 300.000000439007
0.017249999855 300.000000489687
0.017299999854 300.000000324463
0.017349999853 300.000000120584
0.017399999852 300.000000223207
0.017449999851 300.00000015173
0.01749999985 300.000000001865
0.017549999849 299.9999998481
0.017599999848 299.999999743702
0.017649999847 299.999999720717
0.017699999846 299.99999978997
0.017749999845 299.999999941065
0.017799999844 300.000000142385
0.017849999843 300.00000034109
0.017899999842 300.000000463121
0.017949999841 300.000000413195
0.01799999984 300.000000074811
0.018049999839 300.000000094066
0.018099999838 300.000000043903
0.018149999837 299.999999931328
0.018199999836 299.999999803682
0.018249999835 299.999999697198
0.018299999834 299.999999637002
0.018349999833 299.999999637111
0.018399999832 299.999999700436
0.018449999831 299.99999981878
0.01849999983 299.999999972838
0.018549999829 300.000000132196
0.018599999828 300.000000255334
0.018649999827 300.000000289624
0.018699999826 299.999999965532
0.018749999825 299.999999611948
0.018799999824 299.999999371372
0.018849999823 299.999999276806
0.018899999822 299.999999341981
0.018949999821 299.999999561351
0.01899999982 299.999999910101
0.019049999819 300.000000344136
0.019099999818 300.000000800093
0.019149999817 300.00000119533
0.019199999816 300.000001427936
0.019249999815 300.000001376724
0.019299999814 300.000000901231
0.019349999813 300.000000632675
0.019399999812 300.000000893835
0.019449999811 300.000000576412
0.01949999981 299.999999826849
0.019549999809 299.999998790635
0.019599999808 299.9999976123
0.019649999807 299.999996435418
0.019699999806 299.999995402607
0.019749999805 299.999994655527
0.019799999804 299.999994334882
0.019849999803 299.999994580419
0.019899999802 299.999995530926
0.019949999801 299.999997324238
0.0199999998 300.00000009723
