2.0000000000000002E-005 1.2130703526482531E-001 
1.3088888888888891E-004 1.2118842149203007E-001 
2.4177777777777777E-004 1.2089617478751730E-001 
3.5266666666666671E-004 1.2043124613845323E-001 
4.6355555555555560E-004 1.1979485110215260E-001 
5.7444444444444448E-004 1.1898839068885562E-001 
6.8533333333333337E-004 1.1801333889229151E-001 
7.9622222222222236E-004 1.1687168206234055E-001 
9.0711111111111114E-004 1.1556579560040560E-001 
1.0180000000000000E-003 1.1409844128994508E-001 
1.1288888888888891E-003 1.1247290850155728E-001 
1.2397777777777778E-003 1.1069299934710994E-001 
1.3506666666666667E-003 1.0876340084739738E-001 
1.4615555555555558E-003 1.0668994601606881E-001 
1.5724444444444447E-003 1.0447979487006780E-001 
1.6833333333333333E-003 1.0214234998110891E-001 
1.7942222222222224E-003 9.9689256065516152E-002 
1.9051111111111113E-003 9.7136261069096466E-002 
2.0160000000000000E-003 9.4503449198832468E-002 
2.1268888888888891E-003 9.1816741232751187E-002 
2.2377777777777782E-003 8.9108940858611707E-002 
2.3486666666666669E-003 8.6420566581705799E-002 
2.4595555555555555E-003 8.3799836835242614E-002 
2.5704444444444446E-003 8.1302188009475099E-002 
2.6813333333333333E-003 7.8985493077305319E-002 
2.7922222222222228E-003 7.6909838662929539E-002 
2.9031111111111115E-003 7.5123217872648099E-002 
3.0140000000000002E-003 7.3659483368359827E-002 
3.1248888888888893E-003 7.2528681021261351E-002 
3.2357777777777780E-003 7.1710587168383355E-002 
3.3466666666666666E-003 7.1156117794852577E-002 
3.4575555555555562E-003 7.0791805473884889E-002 
3.5684444444444448E-003 7.0523253472983230E-002 
3.6793333333333335E-003 7.0250256599666633E-002 
3.7902222222222226E-003 6.9869589128313550E-002 
3.9011111111111113E-003 6.9286861645997497E-002 
4.0119999999999999E-003 6.8417466700967142E-002 
4.1228888888888895E-003 6.7190604315979216E-002 
4.2337777777777781E-003 6.5549834968148563E-002 
4.3446666666666668E-003 6.3452468617858679E-002 
4.4555555555555564E-003 6.0868480061885472E-002 
4.5664444444444450E-003 5.7779904540966064E-002 
4.6773333333333337E-003 5.4178079669025457E-002 
4.7882222222222224E-003 5.0063467117787946E-002 
4.8991111111111110E-003 4.5443048941484113E-002 
5.0099999999999997E-003 4.0330077413541672E-002 
5.1208888888888892E-003 3.4742333688334417E-002 
5.2317777777777788E-003 2.8701532368304160E-002 
5.3426666666666666E-003 2.2232196059299988E-002 
5.4535555555555561E-003 1.5360950382054673E-002 
5.5644444444444456E-003 8.1162619772365795E-003 
5.6753333333333334E-003 5.2738866020734490E-004 
5.7862222222222230E-003 -7.3755726241078578E-003 
5.8971111111111117E-003 -1.5562415350276372E-002 
6.0080000000000003E-003 -2.4002876658338210E-002 
6.1188888888888890E-003 -3.2666981678451903E-002 
6.2297777777777785E-003 -4.1525224220660059E-002 
6.3406666666666672E-003 -5.0548648925201597E-002 
6.4515555555555559E-003 -5.9708675712778027E-002 
6.5624444444444454E-003 -6.8977713667031690E-002 
6.6733333333333332E-003 -7.8321468595699897E-002 
6.7842222222222227E-003 -8.7710310911347802E-002 
6.8951111111111123E-003 -9.7077228024154166E-002 
7.0060000000000001E-003 -1.0630983662956396E-001 
7.1168888888888896E-003 -1.1517708345646147E-001 
7.2277777777777783E-003 -1.2326453316255748E-001 
7.3386666666666669E-003 -1.3000763770619883E-001 
7.4495555555555565E-003 -1.3491820228543255E-001 
7.5604444444444452E-003 -1.3786371760854388E-001 
7.6713333333333338E-003 -1.3909286774651206E-001 
7.7822222222222225E-003 -1.3900105393130061E-001 
7.8931111111111112E-003 -1.3793186226069221E-001 
8.0040000000000007E-003 -1.3611607047086158E-001 
8.1148888888888902E-003 -1.3369753335269052E-001 
8.2257777777777780E-003 -1.3076928538956442E-001 
8.3366666666666676E-003 -1.2739893869068930E-001 
8.4475555555555554E-003 -1.2364370548377634E-001 
8.5584444444444449E-003 -1.1955995243619628E-001 
8.6693333333333327E-003 -1.1521009979535113E-001 
8.7802222222222222E-003 -1.1066798543546419E-001 
8.8911111111111118E-003 -1.0602246744178064E-001 
9.0019999999999996E-003 -1.0138019835674397E-001 
9.1128888888888891E-003 -9.6866260942837540E-002 
9.2237777777777787E-003 -9.2624280549327642E-002 
9.3346666666666665E-003 -8.8810787001801270E-002 
9.4455555555555560E-003 -8.5583336259387091E-002 
9.5564444444444455E-003 -8.3095012628275594E-002 
9.6673333333333333E-003 -8.1461496008271975E-002 
9.7782222222222229E-003 -8.0750125325396646E-002 
9.8891111111111124E-003 -8.0964631999608017E-002 
1.0000000000000000E-002 -8.2044565250731755E-002 
1.0110888888888890E-002 -8.3880575917905820E-002 
1.0221777777777779E-002 -8.6337176297131474E-002 
1.0332666666666669E-002 -8.9275449840765020E-002 
1.0443555555555557E-002 -9.2570443425503121E-002 
1.0554444444444444E-002 -9.6113970806058616E-002 
1.0665333333333334E-002 -9.9825119916765015E-002 
1.0776222222222223E-002 -1.0364342940949113E-001 
1.0887111111111111E-002 -1.0752487761235643E-001 
1.0998000000000001E-002 -1.1144046473372415E-001 
1.1108888888888890E-002 -1.1537063753425880E-001 
1.1219777777777778E-002 -1.1930246768823254E-001 
1.1330666666666668E-002 -1.2322772863417480E-001 
1.1441555555555556E-002 -1.2714092850502656E-001 
1.1552444444444445E-002 -1.3103897388932448E-001 
1.1663333333333335E-002 -1.3491932633982079E-001 
1.1774222222222224E-002 -1.3878039404031275E-001 
1.1885111111111110E-002 -1.4262085509945110E-001 
1.1996000000000000E-002 -1.4643964269686802E-001 
1.2106888888888889E-002 -1.5023578669611709E-001 
1.2217777777777779E-002 -1.5400836928127523E-001 
1.2328666666666668E-002 -1.5775650217075857E-001 
1.2439555555555558E-002 -1.6147930502336200E-001 
1.2550444444444444E-002 -1.6517590405821853E-001 
1.2661333333333333E-002 -1.6884541986862781E-001 
1.2772222222222223E-002 -1.7248697117219297E-001 
1.2883111111111113E-002 -1.7609967184302733E-001 
1.2994000000000002E-002 -1.7968263121552508E-001 
1.3104888888888890E-002 -1.8323495375200477E-001 
1.3215777777777778E-002 -1.8675573964281930E-001 
1.3326666666666667E-002 -1.9024408462062448E-001 
1.3437555555555557E-002 -1.9369908053802171E-001 
1.3548444444444446E-002 -1.9711981546230617E-001 
1.3659333333333334E-002 -2.0050537419927328E-001 
1.3770222222222224E-002 -2.0385483860453382E-001 
1.3881111111111111E-002 -2.0716728809046814E-001 
1.3992000000000001E-002 -2.1044179995476062E-001 
1.4102888888888889E-002 -2.1367744963761381E-001 
1.4213777777777778E-002 -2.1687331156371994E-001 
1.4324666666666668E-002 -2.2002845943356109E-001 
1.4435555555555557E-002 -2.2314196695397398E-001 
1.4546444444444447E-002 -2.2621290794592516E-001 
1.4657333333333333E-002 -2.2924035724098762E-001 
1.4768222222222223E-002 -2.3222339118245811E-001 
1.4879111111111112E-002 -2.3516108849545170E-001 
1.4990000000000002E-002 -2.3805253061585116E-001 
1.5100888888888891E-002 -2.4089680213609879E-001 
1.5211777777777781E-002 -2.4369299193410698E-001 
1.5322666666666667E-002 -2.4644019374426698E-001 
1.5433555555555556E-002 -2.4913750704543050E-001 
1.5544444444444446E-002 -2.5178403717365483E-001 
1.5655333333333334E-002 -2.5437889657044888E-001 
1.5766222222222223E-002 -2.5692120534706125E-001 
1.5877111111111113E-002 -2.5941009253780900E-001 
1.5987999999999999E-002 -2.6184469634581203E-001 
1.6098888888888888E-002 -2.6422416478754274E-001 
1.6209777777777778E-002 -2.6654765693074600E-001 
1.6320666666666667E-002 -2.6881434372656754E-001 
1.6431555555555557E-002 -2.7102340892778959E-001 
1.6542444444444446E-002 -2.7317404918965105E-001 
1.6653333333333332E-002 -2.7526547554914393E-001 
1.6764222222222222E-002 -2.7729691392374428E-001 
1.6875111111111112E-002 -2.7926760660079525E-001 
1.6986000000000001E-002 -2.8117681231921970E-001 
1.7096888888888891E-002 -2.8302380706867630E-001 
1.7207777777777780E-002 -2.8480788520598121E-001 
1.7318666666666666E-002 -2.8652836041017743E-001 
1.7429555555555556E-002 -2.8818456647908175E-001 
1.7540444444444445E-002 -2.8977585730800598E-001 
1.7651333333333335E-002 -2.9130160845853620E-001 
1.7762222222222224E-002 -2.9276121773668395E-001 
1.7873111111111114E-002 -2.9415410621928356E-001 
1.7984000000000000E-002 -2.9547971819158031E-001 
1.8094888888888890E-002 -2.9673752226551808E-001 
1.8205777777777779E-002 -2.9792701173798403E-001 
1.8316666666666669E-002 -2.9904770535533598E-001 
1.8427555555555558E-002 -3.0009914857261538E-001 
1.8538444444444448E-002 -3.0108091219614491E-001 
1.8649333333333334E-002 -3.0199259614900525E-001 
1.8760222222222223E-002 -3.0283383042076739E-001 
1.8871111111111113E-002 -3.0360427117497218E-001 
1.8982000000000002E-002 -3.0430360141693924E-001 
1.9092888888888892E-002 -3.0493154160063735E-001 
1.9203777777777781E-002 -3.0548783461364554E-001 
1.9314666666666667E-002 -3.0597222997349988E-001 
1.9425555555555557E-002 -3.0638450911323462E-001 
1.9536444444444447E-002 -3.0672449096224774E-001 
1.9647333333333336E-002 -3.0699238917607513E-001 
1.9758222222222226E-002 -3.0718799869340319E-001 
1.9869111111111112E-002 -3.0731099994914118E-001 
1.9980000000000001E-002 -3.0736108720190791E-001 
