2.0000000000000002E-005 1.2130704977853571E-001 
1.3088888888888891E-004 1.2118905488137753E-001 
2.4177777777777777E-004 1.2089833454989160E-001 
3.5266666666666671E-004 1.2043583040990496E-001 
4.6355555555555560E-004 1.1980274508251022E-001 
5.7444444444444448E-004 1.1900046280502481E-001 
6.8533333333333337E-004 1.1803043517991629E-001 
7.9622222222222236E-004 1.1689462097070698E-001 
9.0711111111111114E-004 1.1559535731549370E-001 
1.0180000000000000E-003 1.1413535680954844E-001 
1.1288888888888891E-003 1.1251783779772585E-001 
1.2397777777777778E-003 1.1074651122744776E-001 
1.3506666666666667E-003 1.0882593047480162E-001 
1.4615555555555558E-003 1.0676173569629079E-001 
1.5724444444444447E-003 1.0456082373984074E-001 
1.6833333333333333E-003 1.0223221227363112E-001 
1.7942222222222224E-003 9.9787035798780691E-002 
1.9051111111111113E-003 9.7240315360033899E-002 
2.0160000000000000E-003 9.4611177877296490E-002 
2.1268888888888891E-003 9.1924321671949569E-002 
2.2377777777777782E-003 8.9210984580212052E-002 
2.3486666666666669E-003 8.6509854529752864E-002 
2.4595555555555555E-003 8.3867159883780809E-002 
2.5704444444444446E-003 8.1336279035286688E-002 
2.6813333333333333E-003 7.8973442440339145E-002 
2.7922222222222228E-003 7.6837680003967540E-002 
2.9031111111111115E-003 7.4977238652296704E-002 
3.0140000000000002E-003 7.3427623202929004E-002 
3.1248888888888893E-003 7.2201926087175169E-002 
3.2357777777777780E-003 7.1284293901653639E-002 
3.3466666666666666E-003 7.0630350752706711E-002 
3.4575555555555562E-003 7.0170963666157715E-002 
3.5684444444444448E-003 6.9815446868391376E-002 
3.6793333333333335E-003 6.9465975332126353E-002 
3.7902222222222226E-003 6.9020552512163685E-002 
3.9011111111111113E-003 6.8385175750299440E-002 
4.0119999999999999E-003 6.7474866386405097E-002 
4.1228888888888895E-003 6.6218092025946820E-002 
4.2337777777777781E-003 6.4557481807877265E-002 
4.3446666666666668E-003 6.2449397876381062E-002 
4.4555555555555564E-003 5.9862934349622032E-002 
4.5664444444444450E-003 5.6779334524502886E-002 
4.6773333333333337E-003 5.3189285176901510E-002 
4.7882222222222224E-003 4.9092717161410469E-002 
4.8991111111111110E-003 4.4496192273060620E-002 
5.0099999999999997E-003 3.9412647018771771E-002 
5.1208888888888892E-003 3.3859626216121846E-002 
5.2317777777777788E-003 2.7858675716333287E-002 
5.3426666666666666E-003 2.1434197725546361E-002 
5.4535555555555561E-003 1.4612732409801312E-002 
5.5644444444444456E-003 7.4226909899119198E-003 
5.6753333333333334E-003 -1.0671347190224380E-004 
5.7862222222222230E-003 -7.9454167289358928E-003 
5.8971111111111117E-003 -1.6063247154274301E-002 
6.0080000000000003E-003 -2.4429975617108420E-002 
6.1188888888888890E-003 -3.3015701784245524E-002 
6.2297777777777785E-003 -4.1790974041971185E-002 
6.3406666666666672E-003 -5.0727011651718910E-002 
6.4515555555555559E-003 -5.9795796602055598E-002 
6.5624444444444454E-003 -6.8971138987500361E-002 
6.6733333333333332E-003 -7.8221219525441046E-002 
6.7842222222222227E-003 -8.7529397271484274E-002 
6.8951111111111123E-003 -9.6836408203318694E-002 
7.0060000000000001E-003 -1.0602922568983532E-001 
7.1168888888888896E-003 -1.1484575945194613E-001 
7.2277777777777783E-003 -1.2279802877131445E-001 
7.3386666666666669E-003 -1.2924555467931861E-001 
7.4495555555555565E-003 -1.3375647013943884E-001 
7.5604444444444452E-003 -1.3631309973671668E-001 
7.6713333333333338E-003 -1.3721419326600157E-001 
7.7822222222222225E-003 -1.3683585444170834E-001 
7.8931111111111112E-003 -1.3547857868250920E-001 
8.0040000000000007E-003 -1.3337893228259212E-001 
8.1148888888888902E-003 -1.3076090067734761E-001 
8.2257777777777780E-003 -1.2772053755243090E-001 
8.3366666666666676E-003 -1.2429388800294515E-001 
8.4475555555555554E-003 -1.2051864030029520E-001 
8.5584444444444449E-003 -1.1644370090338545E-001 
8.6693333333333327E-003 -1.1213125404056751E-001 
8.7802222222222222E-003 -1.0765872969670154E-001 
8.8911111111111118E-003 -1.0312052547607110E-001 
9.0019999999999996E-003 -9.8629422215302853E-002 
9.1128888888888891E-003 -9.4316430903870305E-002 
9.2237777777777787E-003 -9.0329746621989976E-002 
9.3346666666666665E-003 -8.6827031332263438E-002 
9.4455555555555560E-003 -8.3961054160912138E-002 
9.5564444444444455E-003 -8.1873429394947433E-002 
9.6673333333333333E-003 -8.0660368353253700E-002 
9.7782222222222229E-003 -8.0363014285194129E-002 
9.8891111111111124E-003 -8.0960823279014812E-002 
1.0000000000000000E-002 -8.2372641072703229E-002 
1.0110888888888890E-002 -8.4478162744845778E-002 
1.0221777777777779E-002 -8.7140850024581565E-002 
1.0332666666666669E-002 -9.0227597264262632E-002 
1.0443555555555557E-002 -9.3622633811046033E-002 
1.0554444444444444E-002 -9.7229329946905294E-002 
1.0665333333333334E-002 -1.0097604436466122E-001 
1.0776222222222223E-002 -1.0481050290036038E-001 
1.0887111111111111E-002 -1.0869494269144786E-001 
1.0998000000000001E-002 -1.1260482808858259E-001 
1.1108888888888890E-002 -1.1652372943828916E-001 
1.1219777777777778E-002 -1.2044080272322155E-001 
1.1330666666666668E-002 -1.2434916813237329E-001 
1.1441555555555556E-002 -1.2824420961649804E-001 
1.1552444444444445E-002 -1.3212329305679460E-001 
1.1663333333333335E-002 -1.3598422166513863E-001 
1.1774222222222224E-002 -1.3982557203073973E-001 
1.1885111111111110E-002 -1.4364613312149083E-001 
1.1996000000000000E-002 -1.4744489619108478E-001 
1.2106888888888889E-002 -1.5122092719131658E-001 
1.2217777777777779E-002 -1.5497333232159832E-001 
1.2328666666666668E-002 -1.5870123927252594E-001 
1.2439555555555558E-002 -1.6240378066175312E-001 
1.2550444444444444E-002 -1.6608009299329429E-001 
1.2661333333333333E-002 -1.6972930708689779E-001 
1.2772222222222223E-002 -1.7335055111634179E-001 
1.2883111111111113E-002 -1.7694294838726571E-001 
1.2994000000000002E-002 -1.8050561759765221E-001 
1.3104888888888890E-002 -1.8403767260756862E-001 
1.3215777777777778E-002 -1.8753822308146662E-001 
1.3326666666666667E-002 -1.9100637427920575E-001 
1.3437555555555557E-002 -1.9444122765667377E-001 
1.3548444444444446E-002 -1.9784188095875221E-001 
1.3659333333333334E-002 -2.0120742873357489E-001 
1.3770222222222224E-002 -2.0453696265393298E-001 
1.3881111111111111E-002 -2.0782957202090191E-001 
1.3992000000000001E-002 -2.1108434408649351E-001 
1.4102888888888889E-002 -2.1430036431189528E-001 
1.4213777777777778E-002 -2.1747671720393311E-001 
1.4324666666666668E-002 -2.2061248660634900E-001 
1.4435555555555557E-002 -2.2370675642383867E-001 
1.4546444444444447E-002 -2.2675861072835243E-001 
1.4657333333333333E-002 -2.2976713464921000E-001 
1.4768222222222223E-002 -2.3273141486936869E-001 
1.4879111111111112E-002 -2.3565054049034675E-001 
1.4990000000000002E-002 -2.3852360335492420E-001 
1.5100888888888891E-002 -2.4134969849104795E-001 
1.5211777777777781E-002 -2.4412792522618623E-001 
1.5322666666666667E-002 -2.4685738775637284E-001 
1.5433555555555556E-002 -2.4953719602203184E-001 
1.5544444444444446E-002 -2.5216646581938040E-001 
1.5655333333333334E-002 -2.5474432003518144E-001 
1.5766222222222223E-002 -2.5726988920216798E-001 
1.5877111111111113E-002 -2.5974231273971510E-001 
1.5987999999999999E-002 -2.6216073919330030E-001 
1.6098888888888888E-002 -2.6452432687340183E-001 
1.6209777777777778E-002 -2.6683224507277448E-001 
1.6320666666666667E-002 -2.6908367489108320E-001 
1.6431555555555557E-002 -2.7127781013739627E-001 
1.6542444444444446E-002 -2.7341385742953078E-001 
1.6653333333333332E-002 -2.7549103765246463E-001 
1.6764222222222222E-002 -2.7750858644775273E-001 
1.6875111111111112E-002 -2.7946575568153448E-001 
1.6986000000000001E-002 -2.8136181352200967E-001 
1.7096888888888891E-002 -2.8319604522819414E-001 
1.7207777777777780E-002 -2.8496775424528409E-001 
1.7318666666666666E-002 -2.8667626314624706E-001 
1.7429555555555556E-002 -2.8832091441217805E-001 
1.7540444444444445E-002 -2.8990107040962709E-001 
1.7651333333333335E-002 -2.9141611493414560E-001 
1.7762222222222224E-002 -2.9286545378348200E-001 
1.7873111111111114E-002 -2.9424851575589744E-001 
1.7984000000000000E-002 -2.9556475258785464E-001 
1.8094888888888890E-002 -2.9681364005842525E-001 
1.8205777777777779E-002 -2.9799467833261856E-001 
1.8316666666666669E-002 -2.9910739270955033E-001 
1.8427555555555558E-002 -3.0015133486894852E-001 
1.8538444444444448E-002 -3.0112608151328885E-001 
1.8649333333333334E-002 -3.0203123810918248E-001 
1.8760222222222223E-002 -3.0286643984071021E-001 
1.8871111111111113E-002 -3.0363134768792244E-001 
1.8982000000000002E-002 -3.0432564910029797E-001 
1.9092888888888892E-002 -3.0494906858978249E-001 
1.9203777777777781E-002 -3.0550135271161677E-001 
1.9314666666666667E-002 -3.0598225424789527E-001 
1.9425555555555557E-002 -3.0639155748665442E-001 
1.9536444444444447E-002 -3.0672908380420588E-001 
1.9647333333333336E-002 -3.0699504887638362E-001 
1.9758222222222226E-002 -3.0718924925157931E-001 
1.9869111111111112E-002 -3.0731136654217722E-001 
1.9980000000000001E-002 -3.0736109576097864E-001 
