2.0000000000000002E-005 3.0000001212200135E+002 
1.3088888888888891E-004 3.0000011208608470E+002 
2.4177777777777777E-004 3.0000028302088219E+002 
3.5266666666666671E-004 3.0000057538310745E+002 
4.6355555555555560E-004 3.0000107684431350E+002 
5.7444444444444448E-004 3.0000192437427609E+002 
6.8533333333333337E-004 3.0000338265760291E+002 
7.9622222222222236E-004 3.0000581794225553E+002 
9.0711111111111114E-004 3.0000993754282825E+002 
1.0180000000000000E-003 3.0001679068876257E+002 
1.1288888888888891E-003 3.0002829663124834E+002 
1.2397777777777778E-003 3.0004715497140501E+002 
1.3506666666666667E-003 3.0007796143827284E+002 
1.4615555555555558E-003 3.0012813381736407E+002 
1.5724444444444447E-003 3.0020846840671027E+002 
1.6833333333333333E-003 3.0033684675776340E+002 
1.7942222222222224E-003 3.0053793122290375E+002 
1.9051111111111113E-003 3.0085131158568328E+002 
2.0160000000000000E-003 3.0133239685015070E+002 
2.1268888888888891E-003 3.0206222082077238E+002 
2.2377777777777782E-003 3.0315164108152811E+002 
2.3486666666666669E-003 3.0475388375418333E+002 
2.4595555555555555E-003 3.0707240791542034E+002 
2.5704444444444446E-003 3.1036471680176112E+002 
2.6813333333333333E-003 3.1494477633659858E+002 
2.7922222222222228E-003 3.2118894643580933E+002 
2.9031111111111115E-003 3.2949595944633978E+002 
3.0140000000000002E-003 3.4028025736488036E+002 
3.1248888888888893E-003 3.5392387306396267E+002 
3.2357777777777780E-003 3.7074025350073629E+002 
3.3466666666666666E-003 3.9093668969806805E+002 
3.4575555555555562E-003 4.1460031151995338E+002 
3.5684444444444448E-003 4.4169690631874340E+002 
3.6793333333333335E-003 4.7208578652532179E+002 
3.7902222222222226E-003 5.0553483782286446E+002 
3.9011111111111113E-003 5.4176544469572309E+002 
4.0119999999999999E-003 5.8045877629907284E+002 
4.1228888888888895E-003 6.2128449256253361E+002 
4.2337777777777781E-003 6.6391320508740955E+002 
4.3446666666666668E-003 7.0802703711721597E+002 
4.4555555555555564E-003 7.5332545003605151E+002 
4.5664444444444450E-003 7.9952669174214918E+002 
4.6773333333333337E-003 8.4637200788046903E+002 
4.7882222222222224E-003 8.9362436464088637E+002 
4.8991111111111110E-003 9.4106783362861415E+002 
5.0099999999999997E-003 9.8850724834071343E+002 
5.1208888888888892E-003 1.0357667793940639E+003 
5.2317777777777788E-003 1.0826889090191353E+003 
5.3426666666666666E-003 1.1291329526529366E+003 
5.4535555555555561E-003 1.1749736792480946E+003 
5.5644444444444456E-003 1.2201009273090835E+003 
5.6753333333333334E-003 1.2644175137433413E+003 
5.7862222222222230E-003 1.3078391793935821E+003 
5.8971111111111117E-003 1.3502927619169309E+003 
6.0080000000000003E-003 1.3917159942755518E+003 
6.1188888888888890E-003 1.4320563802726303E+003 
6.2297777777777785E-003 1.4712705032487961E+003 
6.3406666666666672E-003 1.5093232584575869E+003 
6.4515555555555559E-003 1.5461874253314550E+003 
6.5624444444444454E-003 1.5818601275997926E+003 
6.6733333333333332E-003 1.6162338112474133E+003 
6.7842222222222227E-003 1.6494230077130592E+003 
6.8951111111111123E-003 1.6808353383934323E+003 
7.0060000000000001E-003 1.7089932727012056E+003 
7.1168888888888896E-003 1.7303438135871552E+003 
7.2277777777777783E-003 1.7385928915416241E+003 
7.3386666666666669E-003 1.7263643020405527E+003 
7.4495555555555565E-003 1.6902885249059914E+003 
7.5604444444444452E-003 1.6328339072545220E+003 
7.6713333333333338E-003 1.5599928107003454E+003 
7.7822222222222225E-003 1.4778495986729367E+003 
7.8931111111111112E-003 1.3908471838278083E+003 
8.0040000000000007E-003 1.3021643438514950E+003 
8.1148888888888902E-003 1.2144180423690325E+003 
8.2257777777777780E-003 1.1286693141440567E+003 
8.3366666666666676E-003 1.0452884639589472E+003 
8.4475555555555554E-003 9.6459318449832074E+002 
8.5584444444444449E-003 8.8692937123814067E+002 
8.6693333333333327E-003 8.1267524807003167E+002 
8.7802222222222222E-003 7.4224156793085251E+002 
8.8911111111111118E-003 6.7606899793869241E+002 
9.0019999999999996E-003 6.1462085706374228E+002 
9.1128888888888891E-003 5.5836456780520496E+002 
9.2237777777777787E-003 5.0775416321039131E+002 
9.3346666666666665E-003 4.6317397790813828E+002 
9.4455555555555560E-003 4.2487210249106147E+002 
9.5564444444444455E-003 3.9293375262412547E+002 
9.6673333333333333E-003 3.6717587492609368E+002 
9.7782222222222229E-003 3.4712557308489988E+002 
9.8891111111111124E-003 3.3210707600303533E+002 
1.0000000000000000E-002 3.2126638523531341E+002 
1.0110888888888890E-002 3.1371302250837192E+002 
1.0221777777777779E-002 3.0862136347388531E+002 
1.0332666666666669E-002 3.0529341279060321E+002 
1.0443555555555557E-002 3.0317736898747881E+002 
1.0554444444444444E-002 3.0186637764308898E+002 
1.0665333333333334E-002 3.0107222036876738E+002 
1.0776222222222223E-002 3.0060502193359724E+002 
1.0887111111111111E-002 3.0033391016552685E+002 
1.0998000000000001E-002 3.0018042378496563E+002 
1.1108888888888890E-002 3.0009562949631123E+002 
1.1219777777777778E-002 3.0004971198646211E+002 
1.1330666666666668E-002 3.0002550692218324E+002 
1.1441555555555556E-002 3.0001255271168611E+002 
1.1552444444444445E-002 3.0000621854996263E+002 
1.1663333333333335E-002 3.0000297171175856E+002 
1.1774222222222224E-002 3.0000141496239564E+002 
1.1885111111111110E-002 3.0000065332383969E+002 
1.1996000000000000E-002 3.0000029262990347E+002 
1.2106888888888889E-002 3.0000013086470040E+002 
1.2217777777777779E-002 3.0000005701923845E+002 
1.2328666666666668E-002 3.0000002514882192E+002 
1.2439555555555558E-002 3.0000000977350243E+002 
1.2550444444444444E-002 3.0000000429742533E+002 
1.2661333333333333E-002 3.0000000173986746E+002 
1.2772222222222223E-002 3.0000000073558334E+002 
1.2883111111111113E-002 3.0000000027195625E+002 
1.2994000000000002E-002 3.0000000011287938E+002 
1.3104888888888890E-002 3.0000000005842793E+002 
1.3215777777777778E-002 3.0000000004326262E+002 
1.3326666666666667E-002 3.0000000002581930E+002 
1.3437555555555557E-002 3.0000000000793744E+002 
1.3548444444444446E-002 3.0000000001570118E+002 
1.3659333333333334E-002 3.0000000002363743E+002 
1.3770222222222224E-002 3.0000000002508381E+002 
1.3881111111111111E-002 3.0000000001351543E+002 
1.3992000000000001E-002 3.0000000001302595E+002 
1.4102888888888889E-002 3.0000000001809457E+002 
1.4213777777777778E-002 3.0000000001846001E+002 
1.4324666666666668E-002 3.0000000001858132E+002 
1.4435555555555557E-002 3.0000000001657645E+002 
1.4546444444444447E-002 3.0000000001874946E+002 
1.4657333333333333E-002 3.0000000001376736E+002 
1.4768222222222223E-002 3.0000000001230916E+002 
1.4879111111111112E-002 3.0000000002233509E+002 
1.4990000000000002E-002 3.0000000001277249E+002 
1.5100888888888891E-002 3.0000000001753182E+002 
1.5211777777777781E-002 3.0000000000299912E+002 
1.5322666666666667E-002 3.0000000001484574E+002 
1.5433555555555556E-002 3.0000000003118106E+002 
1.5544444444444446E-002 3.0000000002200409E+002 
1.5655333333333334E-002 3.0000000000335552E+002 
1.5766222222222223E-002 2.9999999999782841E+002 
1.5877111111111113E-002 3.0000000003099325E+002 
1.5987999999999999E-002 3.0000000001403652E+002 
1.6098888888888888E-002 3.0000000001653683E+002 
1.6209777777777778E-002 2.9999999998639720E+002 
1.6320666666666667E-002 3.0000000000963280E+002 
1.6431555555555557E-002 3.0000000004597183E+002 
1.6542444444444446E-002 3.0000000002322014E+002 
1.6653333333333332E-002 2.9999999999305726E+002 
1.6764222222222222E-002 2.9999999998307538E+002 
1.6875111111111112E-002 3.0000000003722045E+002 
1.6986000000000001E-002 3.0000000001645583E+002 
1.7096888888888891E-002 3.0000000001496909E+002 
1.7207777777777780E-002 2.9999999997165975E+002 
1.7318666666666666E-002 3.0000000000241346E+002 
1.7429555555555556E-002 3.0000000005645711E+002 
1.7540444444444445E-002 3.0000000001926372E+002 
1.7651333333333335E-002 2.9999999998110661E+002 
1.7762222222222224E-002 2.9999999997064083E+002 
1.7873111111111114E-002 3.0000000004083427E+002 
1.7984000000000000E-002 3.0000000001846661E+002 
1.8094888888888890E-002 3.0000000002045505E+002 
1.8205777777777779E-002 2.9999999996114337E+002 
1.8316666666666669E-002 2.9999999998338564E+002 
1.8427555555555558E-002 3.0000000005926239E+002 
1.8538444444444448E-002 2.9999999998654590E+002 
1.8649333333333334E-002 2.9999999991766930E+002 
1.8760222222222223E-002 2.9999999996674018E+002 
1.8871111111111113E-002 3.0000000009765068E+002 
1.8982000000000002E-002 3.0000000004425260E+002 
1.9092888888888892E-002 2.9999999995562666E+002 
1.9203777777777781E-002 2.9999999985420578E+002 
1.9314666666666667E-002 2.9999999979968516E+002 
1.9425555555555557E-002 2.9999999981381711E+002 
1.9536444444444447E-002 3.0000000095561705E+002 
1.9647333333333336E-002 3.0000000116099824E+002 
1.9758222222222226E-002 2.9999999877427013E+002 
1.9869111111111112E-002 2.9999999689255930E+002 
1.9980000000000001E-002 2.9999999898633058E+002 
