2.0000000000000002E-005 1.5884202065101621E+005 
1.3088888888888891E-004 1.5882790786010458E+005 
2.4177777777777777E-004 1.5883317004669018E+005 
3.5266666666666671E-004 1.5885747389599445E+005 
4.6355555555555560E-004 1.5890048609323899E+005 
5.7444444444444448E-004 1.5896190005270357E+005 
6.8533333333333337E-004 1.5904084090885276E+005 
7.9622222222222236E-004 1.5913689383033436E+005 
9.0711111111111114E-004 1.5924935074412689E+005 
1.0180000000000000E-003 1.5937743356537024E+005 
1.1288888888888891E-003 1.5952021082342553E+005 
1.2397777777777778E-003 1.5967676007834016E+005 
1.3506666666666667E-003 1.5984598524626801E+005 
1.4615555555555558E-003 1.6002679024336283E+005 
1.5724444444444447E-003 1.6021799552891814E+005 
1.6833333333333333E-003 1.6041823159621342E+005 
1.7942222222222224E-003 1.6062616141318792E+005 
1.9051111111111113E-003 1.6084030581840588E+005 
2.0160000000000000E-003 1.6105935514606323E+005 
2.1268888888888891E-003 1.6128101525893586E+005 
2.2377777777777782E-003 1.6150366540162879E+005 
2.3486666666666669E-003 1.6172494897719368E+005 
2.4595555555555555E-003 1.6194250938868226E+005 
2.5704444444444446E-003 1.6215326182143882E+005 
2.6813333333333333E-003 1.6235452100172543E+005 
2.7922222222222228E-003 1.6254234605318835E+005 
2.9031111111111115E-003 1.6271295378223280E+005 
3.0140000000000002E-003 1.6286172128238576E+005 
3.1248888888888893E-003 1.6298660975924580E+005 
3.2357777777777780E-003 1.6308356113408651E+005 
3.3466666666666666E-003 1.6315068824467939E+005 
3.4575555555555562E-003 1.6318610392879599E+005 
3.5684444444444448E-003 1.6319022661958638E+005 
3.6793333333333335E-003 1.6316187864652276E+005 
3.7902222222222226E-003 1.6310313917821614E+005 
3.9011111111111113E-003 1.6301572577755497E+005 
4.0119999999999999E-003 1.6290188227959472E+005 
4.1228888888888895E-003 1.6276342742572536E+005 
4.2337777777777781E-003 1.6260284356733158E+005 
4.3446666666666668E-003 1.6242247035161170E+005 
4.4555555555555564E-003 1.6222464742576377E+005 
4.5664444444444450E-003 1.6201137226235055E+005 
4.6773333333333337E-003 1.6178492495220961E+005 
4.7882222222222224E-003 1.6154697897883877E+005 
4.8991111111111110E-003 1.6129924547356769E+005 
5.0099999999999997E-003 1.6104324979559990E+005 
5.1208888888888892E-003 1.6078047852483028E+005 
5.2317777777777788E-003 1.6051214999063892E+005 
5.3426666666666666E-003 1.6023930819426023E+005 
5.4535555555555561E-003 1.5996299713692872E+005 
5.5644444444444456E-003 1.5968398687026443E+005 
5.6753333333333334E-003 1.5940320046981110E+005 
5.7862222222222230E-003 1.5912123799562911E+005 
5.8971111111111117E-003 1.5883870882640927E+005 
6.0080000000000003E-003 1.5855612982973841E+005 
6.1188888888888890E-003 1.5827414544799601E+005 
6.2297777777777785E-003 1.5799305679188980E+005 
6.3406666666666672E-003 1.5771351741668332E+005 
6.4515555555555559E-003 1.5743618087764006E+005 
6.5624444444444454E-003 1.5716407019765049E+005 
6.6733333333333332E-003 1.5689540255971815E+005 
6.7842222222222227E-003 1.5664298422639855E+005 
6.8951111111111123E-003 1.5643944947234381E+005 
7.0060000000000001E-003 1.5632919741212431E+005 
7.1168888888888896E-003 1.5643428084672411E+005 
7.2277777777777783E-003 1.5689880348477920E+005 
7.3386666666666669E-003 1.5779122028794061E+005 
7.4495555555555565E-003 1.5896300910975164E+005 
7.5604444444444452E-003 1.6012520032190086E+005 
7.6713333333333338E-003 1.6107684807559138E+005 
7.7822222222222225E-003 1.6179495150972312E+005 
7.8931111111111112E-003 1.6234190637421768E+005 
8.0040000000000007E-003 1.6278192023576656E+005 
8.1148888888888902E-003 1.6315678891447184E+005 
8.2257777777777780E-003 1.6348943434174903E+005 
8.3366666666666676E-003 1.6379171237840783E+005 
8.4475555555555554E-003 1.6406927904153007E+005 
8.5584444444444449E-003 1.6432410651322213E+005 
8.6693333333333327E-003 1.6455556542022241E+005 
8.7802222222222222E-003 1.6476181868335701E+005 
8.8911111111111118E-003 1.6493997887116406E+005 
9.0019999999999996E-003 1.6508600109664092E+005 
9.1128888888888891E-003 1.6519810813147531E+005 
9.2237777777777787E-003 1.6527144442244698E+005 
9.3346666666666665E-003 1.6530274529349149E+005 
9.4455555555555560E-003 1.6528874606854486E+005 
9.5564444444444455E-003 1.6522566607251886E+005 
9.6673333333333333E-003 1.6511475821042742E+005 
9.7782222222222229E-003 1.6495544623784459E+005 
9.8891111111111124E-003 1.6475076625869953E+005 
1.0000000000000000E-002 1.6450594249494778E+005 
1.0110888888888890E-002 1.6422118224823283E+005 
1.0221777777777779E-002 1.6390424274653036E+005 
1.0332666666666669E-002 1.6355885102739531E+005 
1.0443555555555557E-002 1.6318873412838267E+005 
1.0554444444444444E-002 1.6279689350919132E+005 
1.0665333333333334E-002 1.6238583171911546E+005 
1.0776222222222223E-002 1.6195672338000446E+005 
1.0887111111111111E-002 1.6151056310297133E+005 
1.0998000000000001E-002 1.6104834549912898E+005 
1.1108888888888890E-002 1.6057015872275800E+005 
1.1219777777777778E-002 1.6007729721630542E+005 
1.1330666666666668E-002 1.5956987945137365E+005 
1.1441555555555556E-002 1.5904830140187108E+005 
1.1552444444444445E-002 1.5851296572187138E+005 
1.1663333333333335E-002 1.5796421670472051E+005 
1.1774222222222224E-002 1.5740245089969266E+005 
1.1885111111111110E-002 1.5682805540547826E+005 
1.1996000000000000E-002 1.5624141732076794E+005 
1.2106888888888889E-002 1.5564295319718739E+005 
1.2217777777777779E-002 1.5503306694337589E+005 
1.2328666666666668E-002 1.5441220041847872E+005 
1.2439555555555558E-002 1.5378079474794873E+005 
1.2550444444444444E-002 1.5313930408644033E+005 
1.2661333333333333E-002 1.5248819876629376E+005 
1.2772222222222223E-002 1.5182796104100469E+005 
1.2883111111111113E-002 1.5115908807043236E+005 
1.2994000000000002E-002 1.5048207701443636E+005 
1.3104888888888890E-002 1.4979745673915613E+005 
1.3215777777777778E-002 1.4910574524179150E+005 
1.3326666666666667E-002 1.4840749126028563E+005 
1.3437555555555557E-002 1.4770324395185043E+005 
1.3548444444444446E-002 1.4699356302501744E+005 
1.3659333333333334E-002 1.4627902224279739E+005 
1.3770222222222224E-002 1.4556020483237892E+005 
1.3881111111111111E-002 1.4483770558728601E+005 
1.3992000000000001E-002 1.4411211930104269E+005 
1.4102888888888889E-002 1.4338406351331284E+005 
1.4213777777777778E-002 1.4265414955770099E+005 
1.4324666666666668E-002 1.4192300897021190E+005 
1.4435555555555557E-002 1.4119127366579571E+005 
1.4546444444444447E-002 1.4045958183819320E+005 
1.4657333333333333E-002 1.3972858102986484E+005 
1.4768222222222223E-002 1.3899892373196076E+005 
1.4879111111111112E-002 1.3827126813633498E+005 
1.4990000000000002E-002 1.3754627243484126E+005 
1.5100888888888891E-002 1.3682460441177932E+005 
1.5211777777777781E-002 1.3610693010334732E+005 
1.5322666666666667E-002 1.3539392120473736E+005 
1.5433555555555556E-002 1.3468624904798664E+005 
1.5544444444444446E-002 1.3398458552789621E+005 
1.5655333333333334E-002 1.3328960387119063E+005 
1.5766222222222223E-002 1.3260197631991305E+005 
1.5877111111111113E-002 1.3192237209905751E+005 
1.5987999999999999E-002 1.3125146043361796E+005 
1.6098888888888888E-002 1.3058990326352093E+005 
1.6209777777777778E-002 1.2993836490381147E+005 
1.6320666666666667E-002 1.2929749726147321E+005 
1.6431555555555557E-002 1.2866795048675420E+005 
1.6542444444444446E-002 1.2805036877317466E+005 
1.6653333333333332E-002 1.2744538652772859E+005 
1.6764222222222222E-002 1.2685363075021106E+005 
1.6875111111111112E-002 1.2627571444091741E+005 
1.6986000000000001E-002 1.2571225060014278E+005 
1.7096888888888891E-002 1.2516382653175043E+005 
1.7207777777777780E-002 1.2463103483262585E+005 
1.7318666666666666E-002 1.2411443673587183E+005 
1.7429555555555556E-002 1.2361458961555683E+005 
1.7540444444444445E-002 1.2313203843680983E+005 
1.7651333333333335E-002 1.2266730656742273E+005 
1.7762222222222224E-002 1.2222090287584667E+005 
1.7873111111111114E-002 1.2179331158919935E+005 
1.7984000000000000E-002 1.2138501693459818E+005 
1.8094888888888890E-002 1.2099646137042840E+005 
1.8205777777777779E-002 1.2062809247410230E+005 
1.8316666666666669E-002 1.2028031265268197E+005 
1.8427555555555558E-002 1.1995351547862877E+005 
1.8538444444444448E-002 1.1964807119236184E+005 
1.8649333333333334E-002 1.1936433926511277E+005 
1.8760222222222223E-002 1.1910262725644026E+005 
1.8871111111111113E-002 1.1886323057349130E+005 
1.8982000000000002E-002 1.1864644462341274E+005 
1.9092888888888892E-002 1.1845252775992226E+005 
1.9203777777777781E-002 1.1828168937739391E+005 
1.9314666666666667E-002 1.1813417327828547E+005 
1.9425555555555557E-002 1.1801015038277427E+005 
1.9536444444444447E-002 1.1790937642424632E+005 
1.9647333333333336E-002 1.1783265274009394E+005 
1.9758222222222226E-002 1.1778005602795116E+005 
1.9869111111111112E-002 1.1775173969157293E+005 
1.9980000000000001E-002 1.1774785713471459E+005 
