2.0000000000000002E-005 1.5732573134030824E+005 
1.3088888888888891E-004 1.5731168960391716E+005 
2.4177777777777777E-004 1.5731692224345842E+005 
3.5266666666666671E-004 1.5734109851579764E+005 
4.6355555555555560E-004 1.5738388767780043E+005 
5.7444444444444448E-004 1.5744498745034795E+005 
6.8533333333333337E-004 1.5752352790930003E+005 
7.9622222222222236E-004 1.5761910060329811E+005 
9.0711111111111114E-004 1.5773100466503235E+005 
1.0180000000000000E-003 1.5785846962502261E+005 
1.1288888888888891E-003 1.5800057365584379E+005 
1.2397777777777778E-003 1.5815640377549126E+005 
1.3506666666666667E-003 1.5832487560639047E+005 
1.4615555555555558E-003 1.5850490477096685E+005 
1.5724444444444447E-003 1.5869532317734690E+005 
1.6833333333333333E-003 1.5889478518911719E+005 
1.7942222222222224E-003 1.5910196890452158E+005 
1.9051111111111113E-003 1.5931541896963431E+005 
2.0160000000000000E-003 1.5953384472108970E+005 
2.1268888888888891E-003 1.5975500233742295E+005 
2.2377777777777782E-003 1.5997731287130300E+005 
2.3486666666666669E-003 1.6019848805214933E+005 
2.4595555555555555E-003 1.6041623960938121E+005 
2.5704444444444446E-003 1.6062761128256086E+005 
2.6813333333333333E-003 1.6082994425365227E+005 
2.7922222222222228E-003 1.6101942802215309E+005 
2.9031111111111115E-003 1.6119236504274324E+005 
3.0140000000000002E-003 1.6134419256709918E+005 
3.1248888888888893E-003 1.6147290254149272E+005 
3.2357777777777780E-003 1.6157439208876604E+005 
3.3466666666666666E-003 1.6164667035842111E+005 
3.4575555555555562E-003 1.6168774649995996E+005 
3.5684444444444448E-003 1.6169785060906169E+005 
3.6793333333333335E-003 1.6167576269048208E+005 
3.7902222222222226E-003 1.6162341821107708E+005 
3.9011111111111113E-003 1.6154244562200288E+005 
4.0119999999999999E-003 1.6143503739909857E+005 
4.1228888888888895E-003 1.6130292565811618E+005 
4.2337777777777781E-003 1.6114859131155387E+005 
4.3446666666666668E-003 1.6097436480036323E+005 
4.4555555555555564E-003 1.6078257656549552E+005 
4.5664444444444450E-003 1.6057523760750427E+005 
4.6773333333333337E-003 1.6035461210932923E+005 
4.7882222222222224E-003 1.6012238423789744E+005 
4.8991111111111110E-003 1.5988027010457951E+005 
5.0099999999999997E-003 1.5962979856123414E+005 
5.1208888888888892E-003 1.5937246163082548E+005 
5.2317777777777788E-003 1.5910947974447417E+005 
5.3426666666666666E-003 1.5884189835519434E+005 
5.4535555555555561E-003 1.5857076291600007E+005 
5.5644444444444456E-003 1.5829684264573391E+005 
5.6753333333333334E-003 1.5802106268429267E+005 
5.7862222222222230E-003 1.5774402063803154E+005 
5.8971111111111117E-003 1.5746632376327153E+005 
6.0080000000000003E-003 1.5718852578858702E+005 
6.1188888888888890E-003 1.5691111839967838E+005 
6.2297777777777785E-003 1.5663457705780360E+005 
6.3406666666666672E-003 1.5635929262610845E+005 
6.4515555555555559E-003 1.5608565596773865E+005 
6.5624444444444454E-003 1.5581665114772751E+005 
6.6733333333333332E-003 1.5554501702103185E+005 
6.7842222222222227E-003 1.5528097543754760E+005 
6.8951111111111123E-003 1.5506143391365293E+005 
7.0060000000000001E-003 1.5493896631550795E+005 
7.1168888888888896E-003 1.5506335350363495E+005 
7.2277777777777783E-003 1.5560661299772831E+005 
7.3386666666666669E-003 1.5659843788041890E+005 
7.4495555555555565E-003 1.5779464638312437E+005 
7.5604444444444452E-003 1.5891979678693792E+005 
7.6713333333333338E-003 1.5982881254340441E+005 
7.7822222222222225E-003 1.6052885342853790E+005 
7.8931111111111112E-003 1.6108189637558840E+005 
8.0040000000000007E-003 1.6149266521843272E+005 
8.1148888888888902E-003 1.6181218002521782E+005 
8.2257777777777780E-003 1.6210613908891310E+005 
8.3366666666666676E-003 1.6238459654557216E+005 
8.4475555555555554E-003 1.6264560795783848E+005 
8.5584444444444449E-003 1.6288661293328408E+005 
8.6693333333333327E-003 1.6310466544299899E+005 
8.7802222222222222E-003 1.6329697568370172E+005 
8.8911111111111118E-003 1.6346037577586621E+005 
9.0019999999999996E-003 1.6359031359561204E+005 
9.1128888888888891E-003 1.6368536556388348E+005 
9.2237777777777787E-003 1.6374043784526401E+005 
9.3346666666666665E-003 1.6375258388373096E+005 
9.4455555555555560E-003 1.6371885712326158E+005 
9.5564444444444455E-003 1.6363629941613300E+005 
9.6673333333333333E-003 1.6350613498975619E+005 
9.7782222222222229E-003 1.6332887557158721E+005 
9.8891111111111124E-003 1.6310805586322965E+005 
1.0000000000000000E-002 1.6284924126321499E+005 
1.0110888888888890E-002 1.6255292465079922E+005 
1.0221777777777779E-002 1.6222655252477038E+005 
1.0332666666666669E-002 1.6187348849325016E+005 
1.0443555555555557E-002 1.6149709616436012E+005 
1.0554444444444444E-002 1.6109995718398498E+005 
1.0665333333333334E-002 1.6068444358586523E+005 
1.0776222222222223E-002 1.6025147352400582E+005 
1.0887111111111111E-002 1.5980191916114913E+005 
1.0998000000000001E-002 1.5933665266003771E+005 
1.1108888888888890E-002 1.5885576026920797E+005 
1.1219777777777778E-002 1.5836040203711853E+005 
1.1330666666666668E-002 1.5785072170954305E+005 
1.1441555555555556E-002 1.5732710059286922E+005 
1.1552444444444445E-002 1.5678993814728499E+005 
1.1663333333333335E-002 1.5623956617267957E+005 
1.1774222222222224E-002 1.5567637877687969E+005 
1.1885111111111110E-002 1.5510076129707371E+005 
1.1996000000000000E-002 1.5451309907045017E+005 
1.2106888888888889E-002 1.5391380479544407E+005 
1.2217777777777779E-002 1.5330328461256548E+005 
1.2328666666666668E-002 1.5268197717739895E+005 
1.2439555555555558E-002 1.5205032178550729E+005 
1.2550444444444444E-002 1.5140877091103213E+005 
1.2661333333333333E-002 1.5075779228554945E+005 
1.2772222222222223E-002 1.5009786579594444E+005 
1.2883111111111113E-002 1.4942948582827576E+005 
1.2994000000000002E-002 1.4875314676860231E+005 
1.3104888888888890E-002 1.4806937398604647E+005 
1.3215777777777778E-002 1.4737868244130930E+005 
1.3326666666666667E-002 1.4668161704660655E+005 
1.3437555555555557E-002 1.4597872316316215E+005 
1.3548444444444446E-002 1.4527055648330320E+005 
1.3659333333333334E-002 1.4455768646162059E+005 
1.3770222222222224E-002 1.4384069182341141E+005 
1.3881111111111111E-002 1.4312016258570726E+005 
1.3992000000000001E-002 1.4239668876553979E+005 
1.4102888888888889E-002 1.4167088257945378E+005 
1.4213777777777778E-002 1.4094335021724858E+005 
1.4324666666666668E-002 1.4021471754532831E+005 
1.4435555555555557E-002 1.3948561079170497E+005 
1.4546444444444447E-002 1.3875666228074930E+005 
1.4657333333333333E-002 1.3802851343595507E+005 
1.4768222222222223E-002 1.3730181047383515E+005 
1.4879111111111112E-002 1.3657720510028469E+005 
1.4990000000000002E-002 1.3585534902119849E+005 
1.5100888888888891E-002 1.3513690314214863E+005 
1.5211777777777781E-002 1.3442252672654230E+005 
1.5322666666666667E-002 1.3371288435066960E+005 
1.5433555555555556E-002 1.3300864021819460E+005 
1.5544444444444446E-002 1.3231045898977388E+005 
1.5655333333333334E-002 1.3161900649837387E+005 
1.5766222222222223E-002 1.3093494751369167E+005 
1.5877111111111113E-002 1.3025894369416832E+005 
1.5987999999999999E-002 1.2959165669824465E+005 
1.6098888888888888E-002 1.2893374075016382E+005 
1.6209777777777778E-002 1.2828585247649242E+005 
1.6320666666666667E-002 1.2764863602054534E+005 
1.6431555555555557E-002 1.2702273377835666E+005 
1.6542444444444446E-002 1.2640878218882260E+005 
1.6653333333333332E-002 1.2580740790355418E+005 
1.6764222222222222E-002 1.2521923019172055E+005 
1.6875111111111112E-002 1.2464485440170865E+005 
1.6986000000000001E-002 1.2408488588190544E+005 
1.7096888888888891E-002 1.2353990444972299E+005 
1.7207777777777780E-002 1.2301049517186737E+005 
1.7318666666666666E-002 1.2249721200947282E+005 
1.7429555555555556E-002 1.2200060510401701E+005 
1.7540444444444445E-002 1.2152121230476332E+005 
1.7651333333333335E-002 1.2105955007668890E+005 
1.7762222222222224E-002 1.2061612051712867E+005 
1.7873111111111114E-002 1.2019140136607902E+005 
1.7984000000000000E-002 1.1978587036353616E+005 
1.8094888888888890E-002 1.1939996396986846E+005 
1.8205777777777779E-002 1.1903412367683476E+005 
1.8316666666666669E-002 1.1868874638683129E+005 
1.8427555555555558E-002 1.1836422024415481E+005 
1.8538444444444448E-002 1.1806091027778531E+005 
1.8649333333333334E-002 1.1777917118411926E+005 
1.8760222222222223E-002 1.1751930595607882E+005 
1.8871111111111113E-002 1.1728160590814233E+005 
1.8982000000000002E-002 1.1706636235478785E+005 
1.9092888888888892E-002 1.1687383029142437E+005 
1.9203777777777781E-002 1.1670421566081309E+005 
1.9314666666666667E-002 1.1655775961424073E+005 
1.9425555555555557E-002 1.1643463053207763E+005 
1.9536444444444447E-002 1.1633458188190532E+005 
1.9647333333333336E-002 1.1625841332586666E+005 
1.9758222222222226E-002 1.1620620012768822E+005 
1.9869111111111112E-002 1.1617809484240599E+005 
1.9980000000000001E-002 1.1617425002505574E+005 
