2.0000000000000002E-005 1.5774747121908629E-009 
1.3088888888888891E-004 4.3251900210429458E-008 
2.4177777777777777E-004 6.7143864716619882E-008 
3.5266666666666671E-004 9.6031813456136923E-008 
4.6355555555555560E-004 1.3081054545773815E-007 
5.7444444444444448E-004 1.6080921150519331E-007 
6.8533333333333337E-004 1.9155480857811985E-007 
7.9622222222222236E-004 2.2090853009858810E-007 
9.0711111111111114E-004 2.4989952624897364E-007 
1.0180000000000000E-003 2.8111381223870168E-007 
1.1288888888888891E-003 3.0718318723489171E-007 
1.2397777777777778E-003 3.3794712947765992E-007 
1.3506666666666667E-003 3.6316353698634657E-007 
1.4615555555555558E-003 3.9128528670733843E-007 
1.5724444444444447E-003 4.1050234001292275E-007 
1.6833333333333333E-003 4.4583724555638327E-007 
1.7942222222222224E-003 4.7073258053478830E-007 
1.9051111111111113E-003 4.8330275788544879E-007 
2.0160000000000000E-003 5.3815909201686182E-007 
2.1268888888888891E-003 5.2300261671105290E-007 
2.2377777777777782E-003 5.8520655925485093E-007 
2.3486666666666669E-003 5.7765454876258553E-007 
2.4595555555555555E-003 5.9552492369549128E-007 
2.5704444444444446E-003 6.2075395819600311E-007 
2.6813333333333333E-003 6.4617404044021426E-007 
2.7922222222222228E-003 6.7948337243137371E-007 
2.9031111111111115E-003 6.9523061570516024E-007 
3.0140000000000002E-003 6.5815038585937636E-007 
3.1248888888888893E-003 7.8531089470589168E-007 
3.2357777777777780E-003 7.0868066181663223E-007 
3.3466666666666666E-003 8.0470478639811533E-007 
3.4575555555555562E-003 8.5827382500588564E-007 
3.5684444444444448E-003 8.6686217065205529E-007 
3.6793333333333335E-003 8.9823006958309902E-007 
3.7902222222222226E-003 9.2101823235125929E-007 
3.9011111111111113E-003 9.6563164851839342E-007 
4.0119999999999999E-003 1.0136867001340442E-006 
4.1228888888888895E-003 1.0209730618727500E-006 
4.2337777777777781E-003 1.0813015080371789E-006 
4.3446666666666668E-003 1.0988202925819494E-006 
4.4555555555555564E-003 1.1274278415242544E-006 
4.5664444444444450E-003 1.1554384216213308E-006 
4.6773333333333337E-003 1.1991799816358155E-006 
4.7882222222222224E-003 1.2360126483452096E-006 
4.8991111111111110E-003 1.2442556126467848E-006 
5.0099999999999997E-003 1.2936912433887958E-006 
5.1208888888888892E-003 1.3004939003721251E-006 
5.2317777777777788E-003 1.3346659881893555E-006 
5.3426666666666666E-003 1.3495834436678018E-006 
5.4535555555555561E-003 1.3654842804528880E-006 
5.5644444444444456E-003 1.3829604197691172E-006 
5.6753333333333334E-003 1.4011307382723905E-006 
5.7862222222222230E-003 1.4163346152141742E-006 
5.8971111111111117E-003 1.4215469759278146E-006 
6.0080000000000003E-003 1.4368589745020576E-006 
6.1188888888888890E-003 1.4387605612848541E-006 
6.2297777777777785E-003 1.4464460719457370E-006 
6.3406666666666672E-003 1.4479117781314634E-006 
6.4515555555555559E-003 1.4473977880999075E-006 
6.5624444444444454E-003 1.4479573029477571E-006 
6.6733333333333332E-003 1.4436119203954639E-006 
6.7842222222222227E-003 1.4381249081553568E-006 
6.8951111111111123E-003 1.4323287137355991E-006 
7.0060000000000001E-003 1.4217187448875704E-006 
7.1168888888888896E-003 1.4110624627400899E-006 
7.2277777777777783E-003 1.3988063056693754E-006 
7.3386666666666669E-003 1.3836433472474162E-006 
7.4495555555555565E-003 1.3666900309627747E-006 
7.5604444444444452E-003 1.3472111067483253E-006 
7.6713333333333338E-003 1.3266104135826402E-006 
7.7822222222222225E-003 1.3033960768125139E-006 
7.8931111111111112E-003 1.2782520712844974E-006 
8.0040000000000007E-003 1.2511075735481227E-006 
8.1148888888888902E-003 1.2221042540186198E-006 
8.2257777777777780E-003 1.1914733067938345E-006 
8.3366666666666676E-003 1.1594406719989308E-006 
8.4475555555555554E-003 1.1261582912338854E-006 
8.5584444444444449E-003 1.0916074382005458E-006 
8.6693333333333327E-003 1.0569991263663545E-006 
8.7802222222222222E-003 1.0216608305378281E-006 
8.8911111111111118E-003 9.8929281050943268E-007 
9.0019999999999996E-003 9.1954084958294406E-007 
9.1128888888888891E-003 9.3173019480973624E-007 
9.2237777777777787E-003 8.7303323868719404E-007 
9.3346666666666665E-003 8.7361583697310368E-007 
9.4455555555555560E-003 8.4122202298154002E-007 
9.5564444444444455E-003 9.0865018609759420E-007 
9.6673333333333333E-003 7.7327411450404822E-007 
9.7782222222222229E-003 6.6722914355823493E-007 
9.8891111111111124E-003 8.6351618582130180E-007 
1.0000000000000000E-002 7.9874494026968072E-007 
1.0110888888888890E-002 7.1483369408758253E-007 
1.0221777777777779E-002 7.9799644669649735E-007 
1.0332666666666669E-002 7.3760493347250583E-007 
1.0443555555555557E-002 6.8558755465363585E-007 
1.0554444444444444E-002 7.1642752640634875E-007 
1.0665333333333334E-002 7.1916819889118653E-007 
1.0776222222222223E-002 7.4006568715090141E-007 
1.0887111111111111E-002 7.0592556942963437E-007 
1.0998000000000001E-002 7.5919299935968173E-007 
1.1108888888888890E-002 7.1201092036509019E-007 
1.1219777777777778E-002 7.1299286423276788E-007 
1.1330666666666668E-002 7.0935455185022682E-007 
1.1441555555555556E-002 7.0355147240117891E-007 
1.1552444444444445E-002 7.0221317077727518E-007 
1.1663333333333335E-002 6.9840700113477559E-007 
1.1774222222222224E-002 6.9463934666935623E-007 
1.1885111111111110E-002 6.9077859419600488E-007 
1.1996000000000000E-002 6.8674035381710323E-007 
1.2106888888888889E-002 6.8254491679425635E-007 
1.2217777777777779E-002 6.7827533138755983E-007 
1.2328666666666668E-002 6.7375625846571846E-007 
1.2439555555555558E-002 6.6906888559880526E-007 
1.2550444444444444E-002 6.6429736255968644E-007 
1.2661333333333333E-002 6.5932634494397305E-007 
1.2772222222222223E-002 6.5421077900223548E-007 
1.2883111111111113E-002 6.4891507194836941E-007 
1.2994000000000002E-002 6.4351488040382300E-007 
1.3104888888888890E-002 6.3784564256209978E-007 
1.3215777777777778E-002 6.3212603883733544E-007 
1.3326666666666667E-002 6.2617220074483428E-007 
1.3437555555555557E-002 6.2004965803975467E-007 
1.3548444444444446E-002 6.1379753588009477E-007 
1.3659333333333334E-002 6.0737993074902037E-007 
1.3770222222222224E-002 6.0082041989839797E-007 
1.3881111111111111E-002 5.9400257495585854E-007 
1.3992000000000001E-002 5.8718439815618124E-007 
1.4102888888888889E-002 5.7996897899808631E-007 
1.4213777777777778E-002 5.7278979655881748E-007 
1.4324666666666668E-002 5.6533507605456712E-007 
1.4435555555555557E-002 5.5769459002535777E-007 
1.4546444444444447E-002 5.4995099718084920E-007 
1.4657333333333333E-002 5.4203892660218020E-007 
1.4768222222222223E-002 5.3400233890495825E-007 
1.4879111111111112E-002 5.2564737205441350E-007 
1.4990000000000002E-002 5.1736986265266806E-007 
1.5100888888888891E-002 5.0861238115514447E-007 
1.5211777777777781E-002 4.9997309231614847E-007 
1.5322666666666667E-002 4.9102167903996748E-007 
1.5433555555555556E-002 4.8186851509757907E-007 
1.5544444444444446E-002 4.7266163309122497E-007 
1.5655333333333334E-002 4.6327894659411308E-007 
1.5766222222222223E-002 4.5380137660069222E-007 
1.5877111111111113E-002 4.4396548761305239E-007 
1.5987999999999999E-002 4.3426329104120995E-007 
1.6098888888888888E-002 4.2405391762734242E-007 
1.6209777777777778E-002 4.1402002824425989E-007 
1.6320666666666667E-002 4.0366529168461330E-007 
1.6431555555555557E-002 3.9310240594678742E-007 
1.6542444444444446E-002 3.8254113680931714E-007 
1.6653333333333332E-002 3.7180414839060368E-007 
1.6764222222222222E-002 3.6100704471226466E-007 
1.6875111111111112E-002 3.4985152211567832E-007 
1.6986000000000001E-002 3.3884840551304519E-007 
1.7096888888888891E-002 3.2738903432792696E-007 
1.7207777777777780E-002 3.1611317575300294E-007 
1.7318666666666666E-002 3.0455441407197571E-007 
1.7429555555555556E-002 2.9280060420050191E-007 
1.7540444444444445E-002 2.8108734938819759E-007 
1.7651333333333335E-002 2.6922453633115215E-007 
1.7762222222222224E-002 2.5732623192596199E-007 
1.7873111111111114E-002 2.4511316993902524E-007 
1.7984000000000000E-002 2.3305693882753616E-007 
1.8094888888888890E-002 2.2064994118126551E-007 
1.8205777777777779E-002 2.0835756821651415E-007 
1.8316666666666669E-002 1.9594627087727928E-007 
1.8427555555555558E-002 1.8336228144411601E-007 
1.8538444444444448E-002 1.7076822148678107E-007 
1.8649333333333334E-002 1.5817306415947284E-007 
1.8760222222222223E-002 1.4545678375165390E-007 
1.8871111111111113E-002 1.3231138013454457E-007 
1.8982000000000002E-002 1.1982635683791691E-007 
1.9092888888888892E-002 1.0685082399129220E-007 
1.9203777777777781E-002 9.3097003241077912E-008 
1.9314666666666667E-002 8.1232506275116968E-008 
1.9425555555555557E-002 6.8877938100748259E-008 
1.9536444444444447E-002 5.5960587426162569E-008 
1.9647333333333336E-002 3.4731129085488011E-008 
1.9758222222222226E-002 2.5159423978945633E-008 
1.9869111111111112E-002 3.0898130825727910E-008 
1.9980000000000001E-002 -8.1121362988303605E-009 
