2.0000000000000002E-005 1.5462956282215914E-009 
1.3088888888888891E-004 4.3059821988656455E-008 
2.4177777777777777E-004 6.6778891685097685E-008 
3.5266666666666671E-004 9.5515136518186682E-008 
4.6355555555555560E-004 1.3013179182566755E-007 
5.7444444444444448E-004 1.5998443314132636E-007 
6.8533333333333337E-004 1.9056018665189079E-007 
7.9622222222222236E-004 2.1976269627911715E-007 
9.0711111111111114E-004 2.4862302901128379E-007 
1.0180000000000000E-003 2.7962886307562731E-007 
1.1288888888888891E-003 3.0565214629670907E-007 
1.2397777777777778E-003 3.3617655736718729E-007 
1.3506666666666667E-003 3.6137269663184078E-007 
1.4615555555555558E-003 3.8929752465458319E-007 
1.5724444444444447E-003 4.0878698046046993E-007 
1.6833333333333333E-003 4.4347887431218155E-007 
1.7942222222222224E-003 4.6827500585962684E-007 
1.9051111111111113E-003 4.8139812010013107E-007 
2.0160000000000000E-003 5.3475194502444284E-007 
2.1268888888888891E-003 5.2113196622391601E-007 
2.2377777777777782E-003 5.8132528137148309E-007 
2.3486666666666669E-003 5.7459981295895525E-007 
2.4595555555555555E-003 5.9324835514657943E-007 
2.5704444444444446E-003 6.1501619018552426E-007 
2.6813333333333333E-003 6.4367056936783384E-007 
2.7922222222222228E-003 6.7740175993204328E-007 
2.9031111111111115E-003 6.8846144827592974E-007 
3.0140000000000002E-003 6.5516359201482462E-007 
3.1248888888888893E-003 7.7909582161890851E-007 
3.2357777777777780E-003 7.0367662938846505E-007 
3.3466666666666666E-003 7.9869303179328468E-007 
3.4575555555555562E-003 8.5064014551962887E-007 
3.5684444444444448E-003 8.6138836257247479E-007 
3.6793333333333335E-003 8.8937391530941207E-007 
3.7902222222222226E-003 9.1061063348104223E-007 
3.9011111111111113E-003 9.5825759717992761E-007 
4.0119999999999999E-003 1.0029530248774069E-006 
4.1228888888888895E-003 1.0110452792817678E-006 
4.2337777777777781E-003 1.0705111789464764E-006 
4.3446666666666668E-003 1.0876300921926268E-006 
4.4555555555555564E-003 1.1159962953776611E-006 
4.5664444444444450E-003 1.1433927653351502E-006 
4.6773333333333337E-003 1.1870212903516031E-006 
4.7882222222222224E-003 1.2236259969099477E-006 
4.8991111111111110E-003 1.2312845555231303E-006 
5.0099999999999997E-003 1.2808336867109104E-006 
5.1208888888888892E-003 1.2870062322598742E-006 
5.2317777777777788E-003 1.3211528848278903E-006 
5.3426666666666666E-003 1.3356839126449676E-006 
5.4535555555555561E-003 1.3512657277408063E-006 
5.5644444444444456E-003 1.3685112904445553E-006 
5.6753333333333334E-003 1.3864973021961942E-006 
5.7862222222222230E-003 1.4015064833570699E-006 
5.8971111111111117E-003 1.4063734461178306E-006 
6.0080000000000003E-003 1.4215815084246004E-006 
6.1188888888888890E-003 1.4231500206914058E-006 
6.2297777777777785E-003 1.4306541364479711E-006 
6.3406666666666672E-003 1.4318423671495882E-006 
6.4515555555555559E-003 1.4311244023670020E-006 
6.5624444444444454E-003 1.4312888221584554E-006 
6.6733333333333332E-003 1.4269263888730392E-006 
6.7842222222222227E-003 1.4213478109446603E-006 
6.8951111111111123E-003 1.4150026177214811E-006 
7.0060000000000001E-003 1.4043171380397078E-006 
7.1168888888888896E-003 1.3933826751068043E-006 
7.2277777777777783E-003 1.3810884202376253E-006 
7.3386666666666669E-003 1.3656423254943109E-006 
7.4495555555555565E-003 1.3484659229320436E-006 
7.5604444444444452E-003 1.3287560173229304E-006 
7.6713333333333338E-003 1.3078769373281568E-006 
7.7822222222222225E-003 1.2844043706750293E-006 
7.8931111111111112E-003 1.2589911306118281E-006 
8.0040000000000007E-003 1.2316093013409059E-006 
8.1148888888888902E-003 1.2023883056940990E-006 
8.2257777777777780E-003 1.1715939484727808E-006 
8.3366666666666676E-003 1.1394713380029744E-006 
8.4475555555555554E-003 1.1061956965250484E-006 
8.5584444444444449E-003 1.0718104566960562E-006 
8.6693333333333327E-003 1.0373018686417257E-006 
8.7802222222222222E-003 1.0024008038654417E-006 
8.8911111111111118E-003 9.7156906601637776E-007 
9.0019999999999996E-003 8.7977087422447108E-007 
9.1128888888888891E-003 9.2597959583924564E-007 
9.2237777777777787E-003 8.4458061213470419E-007 
9.3346666666666665E-003 8.5749982715405269E-007 
9.4455555555555560E-003 8.3983040550404777E-007 
9.5564444444444455E-003 8.8526456048949939E-007 
9.6673333333333333E-003 7.6819597456059607E-007 
9.7782222222222229E-003 6.7100597546702219E-007 
9.8891111111111124E-003 8.4318052096953847E-007 
1.0000000000000000E-002 8.0494598802958683E-007 
1.0110888888888890E-002 7.0593961503446917E-007 
1.0221777777777779E-002 7.9411005148033119E-007 
1.0332666666666669E-002 7.3468432614804181E-007 
1.0443555555555557E-002 6.8036477218484216E-007 
1.0554444444444444E-002 7.1580182224634072E-007 
1.0665333333333334E-002 7.1530933969030607E-007 
1.0776222222222223E-002 7.3337485353185991E-007 
1.0887111111111111E-002 7.0536811289177874E-007 
1.0998000000000001E-002 7.4898707424348159E-007 
1.1108888888888890E-002 7.0922538811659483E-007 
1.1219777777777778E-002 7.0940459153411702E-007 
1.1330666666666668E-002 7.0568090106484888E-007 
1.1441555555555556E-002 7.0025427279820788E-007 
1.1552444444444445E-002 6.9862005958934095E-007 
1.1663333333333335E-002 6.9479926699074764E-007 
1.1774222222222224E-002 6.9100581062516329E-007 
1.1885111111111110E-002 6.8719169876674536E-007 
1.1996000000000000E-002 6.8308441981171007E-007 
1.2106888888888889E-002 6.7890727370375149E-007 
1.2217777777777779E-002 6.7463396837973191E-007 
1.2328666666666668E-002 6.7010518327549430E-007 
1.2439555555555558E-002 6.6540910684543980E-007 
1.2550444444444444E-002 6.6063727693371754E-007 
1.2661333333333333E-002 6.5566390803999369E-007 
1.2772222222222223E-002 6.5054769527650804E-007 
1.2883111111111113E-002 6.4525434385138200E-007 
1.2994000000000002E-002 6.3985673678288680E-007 
1.3104888888888890E-002 6.3419271744743218E-007 
1.3215777777777778E-002 6.2847993497113847E-007 
1.3326666666666667E-002 6.2253455456485997E-007 
1.3437555555555557E-002 6.1642200983012473E-007 
1.3548444444444446E-002 6.1018181293488433E-007 
1.3659333333333334E-002 6.0377784920491331E-007 
1.3770222222222224E-002 5.9723363223106244E-007 
1.3881111111111111E-002 5.9043316733021508E-007 
1.3992000000000001E-002 5.8363348820465813E-007 
1.4102888888888889E-002 5.7643952617290570E-007 
1.4213777777777778E-002 5.6928250351468014E-007 
1.4324666666666668E-002 5.6185244077676715E-007 
1.4435555555555557E-002 5.5423850856642084E-007 
1.4546444444444447E-002 5.4652301099985316E-007 
1.4657333333333333E-002 5.3864087300703360E-007 
1.4768222222222223E-002 5.3063573947310199E-007 
1.4879111111111112E-002 5.2231530526447248E-007 
1.4990000000000002E-002 5.1407211008070628E-007 
1.5100888888888891E-002 5.0535376747607779E-007 
1.5211777777777781E-002 4.9675274255233297E-007 
1.5322666666666667E-002 4.8784301027232476E-007 
1.5433555555555556E-002 4.7873375094838202E-007 
1.5544444444444446E-002 4.6957165198186158E-007 
1.5655333333333334E-002 4.6023576362716112E-007 
1.5766222222222223E-002 4.5080609459163977E-007 
1.5877111111111113E-002 4.4102239824384832E-007 
1.5987999999999999E-002 4.3137060279376679E-007 
1.6098888888888888E-002 4.2121821202059395E-007 
1.6209777777777778E-002 4.1123868637403034E-007 
1.6320666666666667E-002 4.0094254595941041E-007 
1.6431555555555557E-002 3.9044084578991523E-007 
1.6542444444444446E-002 3.7994060324799533E-007 
1.6653333333333332E-002 3.6926690148037357E-007 
1.6764222222222222E-002 3.5853356502251629E-007 
1.6875111111111112E-002 3.4744700633837108E-007 
1.6986000000000001E-002 3.3650988007578788E-007 
1.7096888888888891E-002 3.2512379489386586E-007 
1.7207777777777780E-002 3.1391745072954769E-007 
1.7318666666666666E-002 3.0243265884724640E-007 
1.7429555555555556E-002 2.9075559033550311E-007 
1.7540444444444445E-002 2.7911786731569576E-007 
1.7651333333333335E-002 2.6733295024944872E-007 
1.7762222222222224E-002 2.5551242628009876E-007 
1.7873111111111114E-002 2.4338227980362786E-007 
1.7984000000000000E-002 2.3140583177787120E-007 
1.8094888888888890E-002 2.1908483301222653E-007 
1.8205777777777779E-002 2.0687485751388982E-007 
1.8316666666666669E-002 1.9454962463741118E-007 
1.8427555555555558E-002 1.8205415128514601E-007 
1.8538444444444448E-002 1.6954691212881831E-007 
1.8649333333333334E-002 1.5704054442248304E-007 
1.8760222222222223E-002 1.4441269281157118E-007 
1.8871111111111113E-002 1.3135938334687944E-007 
1.8982000000000002E-002 1.1896438617017531E-007 
1.9092888888888892E-002 1.0608227363177169E-007 
1.9203777777777781E-002 9.2419832352818884E-008 
1.9314666666666667E-002 8.0648603933943926E-008 
1.9425555555555557E-002 6.8388772520653641E-008 
1.9536444444444447E-002 5.5564901686684098E-008 
1.9647333333333336E-002 3.4429734046150245E-008 
1.9758222222222226E-002 2.4952247146475082E-008 
1.9869111111111112E-002 3.0786163153896176E-008 
1.9980000000000001E-002 -8.1291738654757216E-009 
