2.0000000000000002E-005 3.0000001300071295E+002 
1.3088888888888891E-004 3.0000012013678804E+002 
2.4177777777777777E-004 3.0000030322247358E+002 
3.5266666666666671E-004 3.0000061634779706E+002 
4.6355555555555560E-004 3.0000115353054781E+002 
5.7444444444444448E-004 3.0000206144019188E+002 
6.8533333333333337E-004 3.0000362346700689E+002 
7.9622222222222236E-004 3.0000623182696376E+002 
9.0711111111111114E-004 3.0001064369389820E+002 
1.0180000000000000E-003 3.0001798229369444E+002 
1.1288888888888891E-003 3.0003030059427539E+002 
1.2397777777777778E-003 3.0005048672975937E+002 
1.3506666666666667E-003 3.0008345428675642E+002 
1.4615555555555558E-003 3.0013712928624881E+002 
1.5724444444444447E-003 3.0022304411954133E+002 
1.6833333333333333E-003 3.0036027480332581E+002 
1.7942222222222224E-003 3.0057513185029381E+002 
1.9051111111111113E-003 3.0090977598277811E+002 
2.0160000000000000E-003 3.0142317403110690E+002 
2.1268888888888891E-003 3.0220133681351683E+002 
2.2377777777777782E-003 3.0336185962414316E+002 
2.3486666666666669E-003 3.0506676609462050E+002 
2.4595555555555555E-003 3.0753037818844672E+002 
2.5704444444444446E-003 3.1102305245145942E+002 
2.6813333333333333E-003 3.1587228192110933E+002 
2.7922222222222228E-003 3.2246828049271409E+002 
2.9031111111111115E-003 3.3121993756422142E+002 
3.0140000000000002E-003 3.4254754086043414E+002 
3.1248888888888893E-003 3.5683242009029613E+002 
3.2357777777777780E-003 3.7437934965800139E+002 
3.3466666666666666E-003 3.9538133713301715E+002 
3.4575555555555562E-003 4.1990822689042335E+002 
3.5684444444444448E-003 4.4790670632021414E+002 
3.6793333333333335E-003 4.7921966088488585E+002 
3.7902222222222226E-003 5.1360151070137942E+002 
3.9011111111111113E-003 5.5076373035993493E+002 
4.0119999999999999E-003 5.9038101828467006E+002 
4.1228888888888895E-003 6.3211931116322739E+002 
4.2337777777777781E-003 6.7564760595818734E+002 
4.3446666666666668E-003 7.2064775170097607E+002 
4.4555555555555564E-003 7.6681975877900720E+002 
4.5664444444444450E-003 8.1388309683559453E+002 
4.6773333333333337E-003 8.6158032239058139E+002 
4.7882222222222224E-003 9.0967585462746615E+002 
4.8991111111111110E-003 9.5795512955236120E+002 
5.0099999999999997E-003 1.0062242493432783E+003 
5.1208888888888892E-003 1.0543084914247554E+003 
5.2317777777777788E-003 1.1020512717003965E+003 
5.3426666666666666E-003 1.1493126616344018E+003 
5.4535555555555561E-003 1.1959680148868083E+003 
5.5644444444444456E-003 1.2419075853131915E+003 
5.6753333333333334E-003 1.2870344362534424E+003 
5.7862222222222230E-003 1.3312644172275532E+003 
5.8971111111111117E-003 1.3745242804844804E+003 
6.0080000000000003E-003 1.4167515790348277E+003 
6.1188888888888890E-003 1.4578926599677143E+003 
6.2297777777777785E-003 1.4979031181818279E+003 
6.3406666666666672E-003 1.5367444588354410E+003 
6.4515555555555559E-003 1.5743769819714430E+003 
6.5624444444444454E-003 1.6107687478143362E+003 
6.6733333333333332E-003 1.6457596231562202E+003 
6.7842222222222227E-003 1.6792325784994900E+003 
6.8951111111111123E-003 1.7104818778300851E+003 
7.0060000000000001E-003 1.7380907290292562E+003 
7.1168888888888896E-003 1.7590110041958785E+003 
7.2277777777777783E-003 1.7679628392562438E+003 
7.3386666666666669E-003 1.7584203893362148E+003 
7.4495555555555565E-003 1.7259690875199481E+003 
7.5604444444444452E-003 1.6715017950345079E+003 
7.6713333333333338E-003 1.6005081995430028E+003 
7.7822222222222225E-003 1.5194563243800199E+003 
7.8931111111111112E-003 1.4333696110562535E+003 
8.0040000000000007E-003 1.3454121745237337E+003 
8.1148888888888902E-003 1.2574540511846692E+003 
8.2257777777777780E-003 1.1706272525103268E+003 
8.3366666666666676E-003 1.0856737757769367E+003 
8.4475555555555554E-003 1.0031342066375880E+003 
8.5584444444444449E-003 9.2345327720822343E+002 
8.6693333333333327E-003 8.4704286135589780E+002 
8.7802222222222222E-003 7.7431871672659111E+002 
8.8911111111111118E-003 7.0571705658575479E+002 
9.0019999999999996E-003 6.4169768635930745E+002 
9.1128888888888891E-003 5.8273189217966024E+002 
9.2237777777777787E-003 5.2929025106228221E+002 
9.3346666666666665E-003 4.8179440409410881E+002 
9.4455555555555560E-003 4.4055500852093041E+002 
9.5564444444444455E-003 4.0574557810353531E+002 
9.6673333333333333E-003 3.7728940004243827E+002 
9.7782222222222229E-003 3.5482317666154836E+002 
9.8891111111111124E-003 3.3774864933404211E+002 
1.0000000000000000E-002 3.2525199295673161E+002 
1.0110888888888890E-002 3.1643289473812632E+002 
1.0221777777777779E-002 3.1041840827678681E+002 
1.0332666666666669E-002 3.0644581488991821E+002 
1.0443555555555557E-002 3.0389784174255408E+002 
1.0554444444444444E-002 3.0230490932487658E+002 
1.0665333333333334E-002 3.0133290455472525E+002 
1.0776222222222223E-002 3.0075671222970618E+002 
1.0887111111111111E-002 3.0042018843825429E+002 
1.0998000000000001E-002 3.0022842203576914E+002 
1.1108888888888890E-002 3.0012177732362471E+002 
1.1219777777777778E-002 3.0006366800791710E+002 
1.1330666666666668E-002 3.0003283897757541E+002 
1.1441555555555556E-002 3.0001626664849709E+002 
1.1552444444444445E-002 3.0000809657064752E+002 
1.1663333333333335E-002 3.0000389077832540E+002 
1.1774222222222224E-002 3.0000186151118913E+002 
1.1885111111111110E-002 3.0000086399384264E+002 
1.1996000000000000E-002 3.0000038916388405E+002 
1.2106888888888889E-002 3.0000017483404440E+002 
1.2217777777777779E-002 3.0000007654577456E+002 
1.2328666666666668E-002 3.0000003388895959E+002 
1.2439555555555558E-002 3.0000001328006499E+002 
1.2550444444444444E-002 3.0000000584150166E+002 
1.2661333333333333E-002 3.0000000236858898E+002 
1.2772222222222223E-002 3.0000000099823342E+002 
1.2883111111111113E-002 3.0000000037255126E+002 
1.2994000000000002E-002 3.0000000015103336E+002 
1.3104888888888890E-002 3.0000000007436097E+002 
1.3215777777777778E-002 3.0000000004898703E+002 
1.3326666666666667E-002 3.0000000002837754E+002 
1.3437555555555557E-002 3.0000000000938832E+002 
1.3548444444444446E-002 3.0000000001621447E+002 
1.3659333333333334E-002 3.0000000002453044E+002 
1.3770222222222224E-002 3.0000000002601405E+002 
1.3881111111111111E-002 3.0000000001357392E+002 
1.3992000000000001E-002 3.0000000001340788E+002 
1.4102888888888889E-002 3.0000000001857256E+002 
1.4213777777777778E-002 3.0000000001913145E+002 
1.4324666666666668E-002 3.0000000001907546E+002 
1.4435555555555557E-002 3.0000000001679683E+002 
1.4546444444444447E-002 3.0000000001914384E+002 
1.4657333333333333E-002 3.0000000001433989E+002 
1.4768222222222223E-002 3.0000000001292062E+002 
1.4879111111111112E-002 3.0000000002267234E+002 
1.4990000000000002E-002 3.0000000001316914E+002 
1.5100888888888891E-002 3.0000000001800424E+002 
1.5211777777777781E-002 3.0000000000350065E+002 
1.5322666666666667E-002 3.0000000001531788E+002 
1.5433555555555556E-002 3.0000000003159141E+002 
1.5544444444444446E-002 3.0000000002250187E+002 
1.5655333333333334E-002 3.0000000000377088E+002 
1.5766222222222223E-002 2.9999999999821455E+002 
1.5877111111111113E-002 3.0000000003152849E+002 
1.5987999999999999E-002 3.0000000001445471E+002 
1.6098888888888888E-002 3.0000000001702750E+002 
1.6209777777777778E-002 2.9999999998662298E+002 
1.6320666666666667E-002 3.0000000001005986E+002 
1.6431555555555557E-002 3.0000000004670363E+002 
1.6542444444444446E-002 3.0000000002380182E+002 
1.6653333333333332E-002 2.9999999999330333E+002 
1.6764222222222222E-002 2.9999999998320709E+002 
1.6875111111111112E-002 3.0000000003796276E+002 
1.6986000000000001E-002 3.0000000001693456E+002 
1.7096888888888891E-002 3.0000000001547630E+002 
1.7207777777777780E-002 2.9999999997160540E+002 
1.7318666666666666E-002 3.0000000000277646E+002 
1.7429555555555556E-002 3.0000000005751394E+002 
1.7540444444444445E-002 3.0000000001988701E+002 
1.7651333333333335E-002 2.9999999998121496E+002 
1.7762222222222224E-002 2.9999999997054886E+002 
1.7873111111111114E-002 3.0000000004172261E+002 
1.7984000000000000E-002 3.0000000001903743E+002 
1.8094888888888890E-002 3.0000000002096749E+002 
1.8205777777777779E-002 2.9999999996090514E+002 
1.8316666666666669E-002 2.9999999998367718E+002 
1.8427555555555558E-002 3.0000000006051414E+002 
1.8538444444444448E-002 2.9999999998715572E+002 
1.8649333333333334E-002 2.9999999991771762E+002 
1.8760222222222223E-002 2.9999999996653435E+002 
1.8871111111111113E-002 3.0000000009855654E+002 
1.8982000000000002E-002 3.0000000004490630E+002 
1.9092888888888892E-002 2.9999999995612706E+002 
1.9203777777777781E-002 2.9999999985393328E+002 
1.9314666666666667E-002 2.9999999979991310E+002 
1.9425555555555557E-002 2.9999999981504436E+002 
1.9536444444444447E-002 3.0000000095618009E+002 
1.9647333333333336E-002 3.0000000116108930E+002 
1.9758222222222226E-002 2.9999999877408419E+002 
1.9869111111111112E-002 2.9999999689332543E+002 
1.9980000000000001E-002 2.9999999898688731E+002 
